,0,1,vars,t
0,1.4145235262308025,2.910227540790907,0,0
1,0.7461217045650459,1.4267934667463469,1,0
0,0.6012398474495892,-0.7445098104658334,0,1
1,0.33611114790548047,-0.38556123347490795,1,1
0,0.6007273100405269,-0.7465916184482853,0,2
1,0.3358527562103302,-0.38659358521987125,1,2
0,0.598677160404276,-0.7549188503780909,0,3
1,0.33481918942972755,-0.39072299219972506,1,3
0,0.5904765618592765,-0.788227778097308,0,4
1,0.33068492230731816,-0.4072406201191426,1,4
0,0.515043085847431,-0.9452409156765939,0,5
1,0.2926557299144104,-0.48510216543387114,1,5
0,0.43855604690946426,-0.9942779961619033,0,6
1,0.2540953920760879,-0.5094192571318876,1,6
0,0.20764188901210046,-1.0365157607665565,0,7
1,0.1376818393512171,-0.5303646230640677,1,7
0,-0.08292670311457473,-0.9912435847818446,0,8
1,-0.008806026216406084,-0.5079145170648177,1,8
0,-0.2896783781327297,-0.8701934498017776,0,9
1,-0.11303825363738192,-0.44788673394160516,1,9
0,-0.3729980359090148,-0.7360423479427246,0,10
1,-0.15504320241089573,-0.38136228727774035,1,10
0,-0.3710454973817292,-0.6824835211388885,0,11
1,-0.1540588455015431,-0.35480289814328203,1,11
0,-0.36309444665138985,-0.6536010417948139,0,12
1,-0.15005038594305284,-0.34048031018076375,1,12
0,-0.3418579145673263,-0.5844860999923976,0,13
1,-0.13934415567128058,-0.30620676940551406,1,13
0,-0.31867533172172935,-0.49085239009152587,0,14
1,-0.12765683924612603,-0.2597745697894058,1,14
0,-0.556832726277326,-0.32735771425804594,0,15
1,-0.24772201264376043,-0.17869888206424897,1,15
0,-3.9999999999999982,-1.9835676559335171,0,16
1,-1.983567655933517,-1.0000000000000009,1,16
0,-0.9513503797949787,-0.5171260316177685,0,17
1,-0.44661497822399554,-0.2728034561731675,1,17
0,-0.7124053992057938,-0.5719664249567215,0,18
1,-0.32615274953498635,-0.29999836378962175,1,18
0,-0.5515739902141144,-0.6460051667042798,0,19
1,-0.2450708623048849,-0.3367135771437393,1,19
0,-0.4420462418598297,-0.7109891771787621,0,20
1,-0.18985331122884716,-0.368938622476247,1,20
0,-0.24040405622211236,-0.837698526131915,0,21
1,-0.0881969926079331,-0.4317727640482134,1,21
0,0.04363957154802965,-1.9835676559335171,0,22
1,0.05500136360667448,-1.0000000000000009,1,22
0,-0.2378625333360967,-0.8479513617284467,0,23
1,-0.0869157038762816,-0.43685706231593435,1,23
0,0.006989730041887724,-1.9835676559335171,0,24
1,0.03652463487170555,-1.0000000000000009,1,24
0,-0.23767046855831195,-0.8488421514977005,0,25
1,-0.08681887593234403,-0.43729879775956665,1,25
0,-0.08328987431717377,-0.8445376607068881,0,26
1,-0.008989116115816691,-0.43516423558258654,1,26
0,-3.250002121985225,-0.7659392445356601,0,27
1,-1.6054621369353228,-0.3961879165513746,1,27
0,-0.3498253258102085,-0.8379221987695858,0,28
1,-0.14336086325322198,-0.4318836815006136,1,28
0,-0.3961981272074701,-0.7529897524474138,0,29
1,-0.16673934558456346,-0.38976636813462123,1,29
0,-0.3995834554560752,-0.7455703301286646,0,30
1,-0.16844603213920578,-0.3860871366003254,1,30
0,-0.39993764958491385,-0.7456386979918117,0,31
1,-0.168624596317634,-0.3861210396708373,1,31
0,-0.39993764958491385,-0.7456386979918117,0,32
1,-0.168624596317634,-0.3861210396708373,1,32
0,-0.6721301676649502,-4.36605793984554,0,33
1,-0.3058483089879917,-2.181457666935933,1,33
0,-0.4286784484975077,-1.127918645079877,0,34
1,-0.18311404356518332,-0.575690574309803,1,34
0,-0.4155991209086379,-0.9655626865509012,0,35
1,-0.17652020364762594,-0.4951795672882622,1,35
0,-0.4150286318714373,-0.9429110157466395,0,36
1,-0.17623259609590247,-0.48394678689821624,1,36
0,-0.41590637709632433,-0.927678178030824,0,37
1,-0.17667510443296963,-0.47639294584792313,1,37
0,-0.4232145833519239,-0.9826844173212446,0,38
1,-0.18035947901617996,-0.5036700951306757,1,38
0,-0.4224160660419623,-0.9699863955651501,0,39
1,-0.17995691280797768,-0.4973732488182441,1,39
0,-0.42224929706901443,-0.9683032009358138,0,40
1,-0.17987283754467737,-0.49653856621189624,1,40
0,-0.42219191528303346,-0.9683166638045295,0,41
1,-0.17984390896953614,-0.4965452423396303,1,41
0,-0.4219623881391056,-0.9683705152793903,0,42
1,-0.1797281946689727,-0.49657194685057093,1,42
0,-0.42087449462630727,-0.9687208765618955,0,43
1,-0.17917974172886494,-0.4967456881775378,1,43
0,-0.39993764958491385,-0.7456386979918117,0,44
1,-0.168624596317634,-0.3861210396708373,1,44
0,-1.0393514159315502,-4.811783977670547,0,45
1,-0.49098000700097416,-2.4024896049452082,1,45
0,-0.5879204905464105,-1.9410548458227734,0,46
1,-0.26339466397788075,-0.9789182412253721,1,46
0,-0.5487461689092316,-1.6760899961888889,0,47
1,-0.24364523848185837,-0.8475243148021069,1,47
0,-0.40467295486249133,-0.8350626409832635,0,48
1,-0.1710118631514181,-0.4304656499168086,1,48
0,-0.4921666517349685,-1.3458070771693642,0,49
1,-0.2151211208370602,-0.6837396859334967,1,49
0,-0.46483058789330667,-1.2707775858574968,0,50
1,-0.201339859703925,-0.646533167881656,1,50
0,-0.463003944986895,-1.2957233285639802,0,51
1,-0.20041897207957415,-0.6589035599781093,1,51
0,-0.4439624398114527,-1.3189021879247245,0,52
1,-0.19081934732340158,-0.6703977689104597,1,52
0,-0.43284391391003546,-1.3235927974204833,0,53
1,-0.18521403012226753,-0.6727238042310605,1,53
0,-0.41550798781314763,-1.3192166906548735,0,54
1,-0.17647425961581165,-0.6705537282712674,1,54
0,-0.35497764390976283,-1.3039370196410582,0,55
1,-0.14595836381446683,-0.6629766629671907,1,55
0,-0.09254416791207536,-1.9835676559335171,0,56
1,-0.013654595292803154,-1.0000000000000009,1,56
0,-0.337439188947753,-1.3493568017786188,0,57
1,-0.13711648997691625,-0.6854999656640925,1,57
0,-0.3399085956035408,-1.346137013482512,0,58
1,-0.13836142187949144,-0.6839032986833158,1,58
0,-0.3457045014398304,-1.3419043979684877,0,59
1,-0.14128338212569402,-0.6818043788749115,1,59
0,-0.3592809469029611,-1.336243656421235,0,60
1,-0.1481278401014618,-0.6789972629144786,1,60
0,-0.37944169371379866,-1.3327308864439786,0,61
1,-0.15829172170667483,-0.6772553086870736,1,61
0,-0.3920372985842084,-1.3347569551349037,0,62
1,-0.16464169662824185,-0.6782600197680758,1,62
0,-0.39271108927016757,-1.3376993559310741,0,63
1,-0.16498138289200193,-0.6797191325305971,1,63
0,-0.3914305389262996,-1.3386464286450162,0,64
1,-0.16433580352895996,-0.6801887782313941,1,64
0,-0.3911610308723784,-1.338719224983758,0,65
1,-0.16419993316773762,-0.6802248773471448,1,65
0,-0.3911445017114129,-1.3387180713107119,0,66
1,-0.1641916001215135,-0.680224305250009,1,66
0,-0.39993764958491385,-0.7456386979918117,0,67
1,-0.168624596317634,-0.3861210396708373,1,67
0,-0.7820603005635918,-4.705720476910848,0,68
1,-0.36126871906062186,-2.349893572549703,1,68
0,-0.5327740156970808,-2.1222722779989924,0,69
1,-0.23559300332649416,-1.0687825005143912,1,69
0,-0.5298876782047253,-2.077781164001204,0,70
1,-0.23413787902875716,-1.0467197168387736,1,70
0,-0.5183423282353059,-1.8998167080100605,0,71
1,-0.22831738183780714,-0.9584685821363144,1,71
0,-0.40958594366873774,-0.900213958278552,0,72
1,-0.17348870773574596,-0.4627736613489072,1,72
0,-0.4940990105726498,-1.6769912886584915,0,73
1,-0.21609530431494747,-0.8479712584499159,1,73
0,-0.46526331237184054,-1.542567425784817,0,74
1,-0.2015580143392052,-0.7813115518044506,1,74
0,-0.48140217232928934,-1.6178022226934863,0,75
1,-0.20969429338629084,-0.8186198792416407,1,75
0,-0.4742970084969021,-1.615815580731933,0,76
1,-0.20611228104043858,-0.8176347195569265,1,76
0,-0.4458763531673531,-1.6078690128857185,0,77
1,-0.19178423165702915,-0.8136940808180674,1,77
0,-0.3592706715525691,-1.6128960109613386,0,78
1,-0.14812265986454837,-0.8161869285153796,1,78
0,-0.286605002348532,-1.6433221323484042,0,79
1,-0.11148883545897824,-0.8312749960851016,1,79
0,-0.09093064835782448,-1.9185587828273356,0,80
1,-0.012841152126685627,-0.9677626254894718,1,80
0,-0.27177128682352153,-1.664187320309904,0,81
1,-0.10401053469084558,-0.8416218740789522,1,81
0,-0.13312399992317073,-1.7661829769758963,0,82
1,-0.034112597766128135,-0.8922006954810435,1,82
0,-0.24702577766874115,-1.682391314864738,0,83
1,-0.09153528128531745,-0.8506490877808899,1,83
0,-0.1588338649248264,-1.672963090831233,0,84
1,-0.047074023571166225,-0.8459737077194527,1,84
0,-0.16571176407576999,-1.6613010837088922,0,85
1,-0.050541462219084114,-0.8401906126866667,1,85
0,-0.16958408421919957,-1.6590326066658792,0,86
1,-0.05249366189921401,-0.8390656932639807,1,86
0,-0.20405794477866,-1.6475203993757344,0,87
1,-0.069873386990182,-0.8333568827566961,1,87
0,-0.08949786317098887,-1.9835676559335171,0,88
1,-0.012118824767419822,-1.0000000000000009,1,88
0,-0.199702687797919,-1.6602959852468628,0,89
1,-0.06767771850984926,-0.839692192486588,1,89
0,-0.26261820780510114,-1.6532701532294827,0,90
1,-0.09939608204485682,-0.8362081392001648,1,90
0,-0.30696078995911974,-1.6493723233245283,0,91
1,-0.12175104534614622,-0.8342752368682157,1,91
0,-0.3070273663930978,-1.6493004673307143,0,92
1,-0.12178460933060567,-0.8342396040619104,1,92
0,-0.3070306759495553,-1.6492943415743606,0,93
1,-0.12178627781740924,-0.8342365663488677,1,93
0,-0.3070306759495553,-1.6492943415743606,0,94
1,-0.12178627781740924,-0.8342365663488677,1,94
0,-0.4025523360405653,-5.890743118001817,0,95
1,-0.16994276988626922,-2.9375367181539436,1,95
0,-0.3290715149228984,-2.6279738306645632,0,96
1,-0.13289799306816527,-1.3195558113700856,1,96
0,-0.3112561576162368,-1.836918426288614,0,97
1,-0.12391652109599938,-0.9272778328271992,1,97
0,-0.3089375487229064,-1.7339652233787994,0,98
1,-0.12274761269683536,-0.8762241719855332,1,98
0,-0.308662473349801,-1.7337976833232147,0,99
1,-0.1226089356155257,-0.8761410902267011,1,99
0,-0.3075621718573809,-1.7331275231008954,0,100
1,-0.1220542272902873,-0.8758087631913785,1,100
0,-0.3031609658876988,-1.7304468822115968,0,101
1,-0.11983539398933263,-0.874479455050083,1,101
0,-0.30167880321740603,-1.7295441419431457,0,102
1,-0.11908817336095658,-0.8740317934505317,1,102
0,-0.06456793576639942,-1.9835676559335171,0,103
1,0.0004494016452340607,-1.0000000000000009,1,103
0,-0.2869457052421619,-1.7453281224914414,0,104
1,-0.11166059813750903,-0.8818589417749008,1,104
0,-0.2870732199630364,-1.7445629975299335,0,105
1,-0.11172488367901395,-0.8814795224933025,1,105
0,-0.28589542862911294,-1.7436158741606618,0,106
1,-0.11113110946092809,-0.8810098516729353,1,106
0,-0.2819740145492103,-1.7429134199645278,0,107
1,-0.10915415945966515,-0.8806615103171299,1,107
0,-0.275714589606893,-1.7432181416687922,0,108
1,-0.10599851970944378,-0.8808126193462898,1,108
0,-0.27170664111999776,-1.744258424183463,0,109
1,-0.10397794406892724,-0.8813284870335747,1,109
0,-0.27119964296379384,-1.7447532090963538,0,110
1,-0.10372234494444686,-0.8815738468710373,1,110
0,-0.27134916335711196,-1.7448197547736695,0,111
1,-0.10379772447227459,-0.8816068463343297,1,111
0,-0.27138172261822396,-1.744819897842406,0,112
1,-0.10381413896714418,-0.881606917280958,1,112
0,-0.3070306759495553,-1.6492943415743606,0,113
1,-0.12178627781740924,-0.8342365663488677,1,113
0,-0.4719216179503024,-5.666075435893795,0,114
1,-0.20491474661831097,-2.8261258312631834,1,114
0,-0.3441494238128489,-2.5535155368259934,0,115
1,-0.14049940199659147,-1.2826325455265413,1,115
0,-0.3205435364827153,-1.9784707175545748,0,116
1,-0.1285986799518854,-0.9974724694718106,1,116
0,-0.31840563337556194,-1.937261606409795,0,117
1,-0.12752087295056713,-0.9770372044726727,1,117
0,-0.3054101369706724,-1.6741542084116574,0,118
1,-0.12096929586368761,-0.846564373296188,1,118
0,-0.3143592746097431,-1.8553388469343757,0,119
1,-0.1254809330706672,-0.9364123704776063,1,119
0,-0.3094362704475002,-1.820359480745781,0,120
1,-0.12299903932355097,-0.91906638562842,1,120
0,-0.30958703598673887,-1.8367143785906936,0,121
1,-0.12307504658188094,-0.9271766472237352,1,121
0,-0.30925076899507925,-1.8365725939687216,0,122
1,-0.1229055202283663,-0.9271063373761717,1,122
0,-0.3079057010284371,-1.8360054554808238,0,123
1,-0.12222741481430678,-0.9268250979859131,1,123
0,-0.3025254291618702,-1.833736901529227,0,124
1,-0.11951499315806893,-0.9257001404248809,1,124
0,-0.2810043416956034,-1.8246626857228432,0,125
1,-0.10866530653311811,-0.9212003101807571,1,125
0,-0.18486768452154675,-1.9835676559335171,0,126
1,-0.0601987685320171,-1.0000000000000009,1,126
0,-0.2683597987435369,-1.8455629414649166,0,127
1,-0.10229065986339513,-0.9315645780034348,1,127
0,-0.26431582922918523,-1.843198718767368,0,128
1,-0.1002519245057915,-0.9303921790848653,1,128
0,-0.26396247510007154,-1.8428841832927525,0,129
1,-0.10007378380660381,-0.9302362034863427,1,129
0,-0.2604184467894568,-1.8416440913195729,0,130
1,-0.09828708986651377,-0.929621251904246,1,130
0,-0.2543956643956908,-1.8410345382454762,0,131
1,-0.09525075159201628,-0.9293189794636595,1,131
0,-0.24119512045683456,-1.8413287633395876,0,132
1,-0.08859580140699566,-0.9294648833087206,1,132
0,-0.23100722101261684,-1.8429415055569593,0,133
1,-0.08345965219940871,-0.9302646291336537,1,133
0,-0.22891496193682795,-1.8440911009315875,0,134
1,-0.08240485627675397,-0.9308347041842845,1,134
0,-0.22958000276736276,-1.8443205492881933,0,135
1,-0.08274013136986465,-0.9309484857690002,1,135
0,-0.2298066193401189,-1.8443280087381806,0,136
1,-0.0828543783289124,-0.9309521848499334,1,136
0,-0.22982171677850424,-1.8443261076751323,0,137
1,-0.08286198958348194,-0.9309512421281392,1,137
0,-0.22982171677850424,-1.8443261076751323,0,138
1,-0.08286198958348194,-0.9309512421281392,1,138
0,-0.2697422889563522,-5.979919722342301,0,139
1,-0.10298763140791505,-2.98175867516288,1,139
0,-0.23900580060187018,-2.795756318827196,0,140
1,-0.08749207305751598,-1.4027577905579482,1,140
0,-0.23164472431662542,-2.0331815754915405,0,141
1,-0.0837810444655621,-1.0246031415298456,1,141
0,-0.23016311157728087,-1.8796930894812516,0,142
1,-0.08303410108053941,-0.9484894424277918,1,142
0,-0.23006964477296038,-1.875610985858088,0,143
1,-0.08298698052781138,-0.9464651602490229,1,143
0,-0.2299433316547985,-1.8736559865901716,0,144
1,-0.08292330076484285,-0.9454956919202195,1,144
0,-0.22946566124848383,-1.8699695832817385,0,145
1,-0.08268248699431915,-0.943667634327887,1,145
0,-0.22813086258309934,-1.8938966903194843,0,146
1,-0.08200955876754962,-0.9555328932329196,1,146
0,-0.22891092059082313,-1.8799136590725465,0,147
1,-0.08240281886401776,-0.9485988211045852,1,147
0,-0.22872965343466922,-1.8761488766880434,0,148
1,-0.08231143445592304,-0.9467318959622036,1,148
0,-0.22863942619477534,-1.8783476959871706,0,149
1,-0.08226594710406776,-0.9478222726729508,1,149
0,-0.2285688929190941,-1.878515750167385,0,150
1,-0.08223038830905015,-0.9479056093820314,1,150
0,-0.22834551966959113,-1.8787219480089068,0,151
1,-0.08211777644585731,-0.9480078612243216,1,151
0,-0.22758707993859334,-1.879083545531273,0,152
1,-0.08173541503321359,-0.9481871745117814,1,152
0,-0.22568774484150297,-1.8795726937932469,0,153
1,-0.08077788021386442,-0.9484297391796314,1,153
0,-0.2217407824767348,-1.8800583241254776,0,154
1,-0.0787880502461489,-0.9486705593345692,1,154
0,-0.21660268683548797,-1.8800844987679148,0,155
1,-0.07619771982516377,-0.9486835391281053,1,155
0,-0.21382130759843865,-1.8795602279174946,0,156
1,-0.07479550940459705,-0.9484235574526457,1,156
0,-0.21389629000072352,-1.8792021812051471,0,157
1,-0.07483331119172548,-0.9482460049831641,1,157
0,-0.21421497550611854,-1.879131973933532,0,158
1,-0.0749939739775102,-0.948211189764867,1,158
0,-0.21427037251186198,-1.8791295992204426,0,159
1,-0.07502190194133758,-0.9482100121638493,1,159
0,-0.22982171677850424,-1.8443261076751323,0,160
1,-0.08286198958348194,-0.9309512421281392,1,160
0,-0.2849708424292829,-5.8561939361506266,0,161
1,-0.11066498661552626,-2.9204040582391997,1,161
0,-0.24236231126714164,-2.756601814410865,0,162
1,-0.08918423145465004,-1.3833413884218602,1,162
0,-0.2325398242152261,-2.04205703542868,0,163
1,-0.08423230202459865,-1.0290044103455547,1,163
0,-0.23174133666209343,-1.9924573705526345,0,164
1,-0.08382975081806716,-1.0044083375972401,1,164
0,-0.23035809427831277,-1.9209252203318545,0,165
1,-0.08313240007248357,-0.9689361227129102,1,165
0,-0.23011407051323882,-1.9149864176387252,0,166
1,-0.08300937741462573,-0.9659911184786449,1,166
0,-0.23023672220581468,-1.917971390032563,0,167
1,-0.08307121129874319,-0.9674713421522121,1,167
0,-0.23013167981329458,-1.91786329869242,0,168
1,-0.08301825500445888,-0.9674177405306645,1,168
0,-0.22971151024321412,-1.917430933331842,0,169
1,-0.08280642982732235,-0.9672033340444659,1,169
0,-0.228030831962892,-1.9157014718895358,0,170
1,-0.08195912911877612,-0.9663457080996796,1,170
0,-0.20171177965877532,-1.9835676559335171,0,171
1,-0.06869058633658867,-1.0000000000000009,1,171
0,-0.22561257649945773,-1.9219371740132447,0,172
1,-0.0807399846866714,-0.9694379423608371,1,172
0,-0.22172762201871674,-1.920303668241847,0,173
1,-0.07878141550496481,-0.9686279000573561,1,173
0,-0.2216572758445641,-1.9202680684269258,0,174
1,-0.07874595103570804,-0.9686102463969988,1,174
0,-0.22137589114795295,-1.9201256691672508,0,175
1,-0.07860409315868074,-0.9685396317555661,1,175
0,-0.2188862214736582,-1.9195051758730048,0,176
1,-0.07734894581503081,-0.9682319341482702,1,176
0,-0.21510914430029854,-1.919163288471532,0,177
1,-0.075444762127592,-0.9680623949503866,1,177
0,-0.20576822654999707,-1.9190892031545497,0,178
1,-0.07073561206539995,-0.9680256566407512,1,178
0,-0.19705036074820076,-1.919753615353609,0,179
1,-0.06634056873238424,-0.9683551332778152,1,179
0,-0.1940415663755071,-1.920523430061824,0,180
1,-0.06482370876358334,-0.968736878166886,1,180
0,-0.19460774168017353,-1.9207677457427834,0,181
1,-0.06510914158104883,-0.9688580323375324,1,181
0,-0.19496239967273515,-1.920789526036449,0,182
1,-0.06528793961271687,-0.9688688330090447,1,182
0,-0.19499827877349232,-1.9207877456493672,0,183
1,-0.06530602777857802,-0.9688679501294871,1,183
0,-0.19499827877349232,-1.9207877456493672,0,184
1,-0.06530602777857802,-0.9688679501294871,1,184
0,-0.21199490332417806,-5.7724312183781565,0,185
1,-0.07387474208476437,-2.8788668038025635,1,185
0,-0.19883287556518722,-2.789754384244957,0,186
1,-0.06723920952825267,-1.3997814797303612,1,186
0,-0.19572275355959348,-2.0849626130014998,0,187
1,-0.06567126603195134,-1.050280939328705,1,187
0,-0.19510661560134607,-1.945338198865258,0,188
1,-0.06536064493647012,-0.9810423213638744,1,188
0,-0.19505365276863365,-1.935652294122195,0,189
1,-0.06533394414179154,-0.9762391595221775,1,189
0,-0.19502757658791953,-1.9338408205849695,0,190
1,-0.06532079804080697,-0.975340864442671,1,190
0,-0.1949967808581691,-1.9332251453292548,0,191
1,-0.06530527261637398,-0.9750355560617242,1,191
0,-0.19469519743652489,-1.940813402647263,0,192
1,-0.06515323171131977,-0.978798511506949,1,192
0,-0.19476676161853157,-1.9361619725782495,0,193
1,-0.06518931022963642,-0.9764919049472681,1,193
0,-0.19475767835945623,-1.9357670133260465,0,194
1,-0.06518473097616428,-0.9762960478477447,1,194
0,-0.19474350286151762,-1.9357823879241596,0,195
1,-0.06517758451060439,-0.9763036719866311,1,195
0,-0.19452144505721453,-1.93589492681221,0,196
1,-0.0650656358187419,-0.9763594791112212,1,196
0,-0.19404527304982286,-1.9360138130451783,0,197
1,-0.06482557745422508,-0.9764184338328372,1,197
0,-0.19271695843845776,-1.9361851729422204,0,198
1,-0.0641559181121845,-0.9765034098201608,1,198
0,-0.1904877224454231,-1.936285236813893,0,199
1,-0.06303206635630106,-0.9765530306850041,1,199
0,-0.18820998125779684,-1.936186749825,0,200
1,-0.06188376108886415,-0.9765041917835813,1,200
0,-0.1875348780836348,-1.9360072134558213,0,201
1,-0.06154341314452127,-0.9764151611498394,1,201
0,-0.18771636377958875,-1.935935513503927,0,202
1,-0.06163490772773385,-0.9763796057234607,1,202
0,-0.18781062110349359,-1.9359272933272749,0,203
1,-0.061682426814679586,-0.9763755294043289,1,203
0,-0.19499827877349232,-1.9207877456493672,0,204
1,-0.06530602777857802,-0.9688679501294871,1,204
0,-0.21138357260911708,-5.926699140168928,0,205
1,-0.07356654452304626,-2.9553670188056262,1,205
0,-0.1987406216696373,-2.8357236754081137,0,206
1,-0.06719270045392178,-1.4225772795097158,1,206
0,-0.1957152017248785,-2.09606258958948,0,207
1,-0.06566745883400077,-1.055785327964087,1,207
0,-0.19524511045199153,-1.98113367800473,0,208
1,-0.06543046602385831,-0.9987930100262989,1,208
0,-0.19520570158213016,-1.9715516931234878,0,209
1,-0.0654105983527238,-0.9940413812037795,1,209
0,-0.1949532467314618,-1.9300625646618754,0,210
1,-0.06528332522951405,-0.9734672578814502,1,210
0,-0.19511256154965984,-1.9562448025573456,0,211
1,-0.06536364253944889,-0.9864508179438013,1,211
0,-0.19506111671510218,-1.952181071949077,0,212
1,-0.06533770703157547,-0.9844356467945561,1,212
0,-0.19506494179047337,-1.9537526595271417,0,213
1,-0.06533963541317599,-0.9852149843666338,1,213
0,-0.19504809108808557,-1.95381975727335,0,214
1,-0.06533114026437824,-0.9852482575964252,1,214
0,-0.19498068827853515,-1.9540881482581733,0,215
1,-0.06529715966918721,-0.9853813505155861,1,215
0,-0.19471107704033466,-1.9551617121974731,0,216
1,-0.06516123728842314,-0.9859137221922311,1,216
0,-0.19287949800298382,-1.9755595327122328,0,217
1,-0.06423786115256455,-0.9960288364483838,1,217
0,-0.19468980097028576,-1.9553986582692824,0,218
1,-0.06515051112539834,-0.986031221833289,1,218
0,-0.1931704313072581,-1.968542322790249,0,219
1,-0.06438453288488669,-0.9925490587893451,1,219
0,-0.19463442444232956,-1.9558777059451071,0,220
1,-0.06512259348528612,-0.9862687777021433,1,220
0,-0.19370677471822337,-1.955217866516001,0,221
1,-0.06465492618826658,-0.9859415686647219,1,221
0,-0.19370789438136743,-1.9548290540104707,0,222
1,-0.06465549065761575,-0.9857487596871739,1,222
0,-0.19369486959629786,-1.9545153300283533,0,223
1,-0.06464892431487934,-0.9855931865012189,1,223
0,-0.19368103562306635,-1.9545165065794867,0,224
1,-0.06464195002630893,-0.9855937699434125,1,224
0,-0.19362569973014016,-1.9545212127840144,0,225
1,-0.06461405287202723,-0.9855961037121841,1,225
0,-0.19340435615843693,-1.954540037602147,0,226
1,-0.06450246425490017,-0.9856054387872784,1,226
0,-0.192518981871623,-1.9546153368746628,0,227
1,-0.06405610978639219,-0.9856427790876465,1,227
0,-0.18145455020858126,-1.9549206575708615,0,228
1,-0.058478063769184685,-0.985794185152064,1,228
0,-0.17900756957520939,-1.9547763987227589,0,229
1,-0.05724443776905692,-0.9857226483557688,1,229
0,-0.17873989688476444,-1.954692883546632,0,230
1,-0.05710949269186525,-0.9856812338552334,1,230
0,-0.17879191361192587,-1.9546871027516393,0,231
1,-0.05713571651488712,-0.985678367205741,1,231
0,-0.17879191361192587,-1.9546871027516393,0,232
1,-0.05713571651488712,-0.985678367205741,1,232
0,-0.1865055777833336,-5.730770036664624,0,233
1,-0.061024499510684636,-2.85820736066382,1,233
0,-0.18052152193412888,-2.8013851599516273,0,234
1,-0.05800768491839952,-1.4055490873566492,1,234
0,-0.1791043049599544,-2.1076125622711777,0,235
1,-0.057293206150843774,-1.0615128660236695,1,235
0,-0.1788525563421663,-1.984373639997471,0,236
1,-0.05716628906937452,-1.0003996809801141,1,236
0,-0.17880522498778792,-1.9612034428596528,0,237
1,-0.0571424273401128,-0.9889097675740691,1,237
0,-0.1788019274370098,-1.960847812767557,0,238
1,-0.057140764905878084,-0.988733413487031,1,238
0,-0.17878765978568129,-1.960108907167359,0,239
1,-0.05713357198191308,-0.988366996174693,1,239
0,-0.1787537200844751,-1.9606196251776022,0,240
1,-0.05711646154905003,-0.9886202571062987,1,240
0,-0.17771829460222244,-1.9835676559335171,0,241
1,-0.0565944599530091,-1.0000000000000009,1,241
0,-0.17870821902187034,-1.961628060648792,0,242
1,-0.05709352254696028,-0.9891203321022369,1,242
0,-0.17870853177850907,-1.9615526760016277,0,243
1,-0.05709368022075446,-0.9890829494652679,1,243
0,-0.1787053485721678,-1.9615500989069719,0,244
1,-0.0570920754323666,-0.9890816715048677,1,244
0,-0.17869261574680395,-1.96153979052834,0,245
1,-0.057085656278814706,-0.98907655966326,1,245
0,-0.17862743576113171,-1.961520513323845,0,246
1,-0.05705279630276235,-0.9890670002534238,1,246
0,-0.1783460207679679,-1.961479559643805,0,247
1,-0.05691092315196667,-0.9890466916546455,1,247
0,-0.1777565258108066,-1.9614433713584611,0,248
1,-0.0566137339154927,-0.9890287461765628,1,248
0,-0.17665973824253361,-1.9614369714367246,0,249
1,-0.05606079710741743,-0.9890255725071211,1,249
0,-0.1756177142446125,-1.9614935398999866,0,250
1,-0.055535468921709165,-0.9890536243506409,1,250
0,-0.17530980037548977,-1.9615585191242255,0,251
1,-0.055380236571453065,-0.989085847022519,1,251
0,-0.17539789782347967,-1.961579702903438,0,252
1,-0.0554246502055061,-0.9890963518873341,1,252
0,-0.17544262820256235,-1.9615813556953146,0,253
1,-0.055447200673572256,-0.9890971714934644,1,253
0,-0.17879191361192587,-1.9546871027516393,0,254
1,-0.05713571651488712,-0.985678367205741,1,254
0,-0.18629910320975007,-5.957470078023369,0,255
1,-0.06092040698176772,-2.9706260780733214,1,255
0,-0.18050623983639943,-2.8687543093897574,0,256
1,-0.05799998056927706,-1.4389569038149566,1,256
0,-0.17910249105044893,-2.120284902997051,0,257
1,-0.057292291682663546,-1.0677969773208749,1,257
0,-0.17886126399503904,-1.9916642603465782,0,258
1,-0.0571706789639399,-1.0040150406591588,1,258
0,-0.178848460946738,-1.9837327619717895,0,259
1,-0.057164224408047734,-1.0000818747493296,1,259
0,-0.17878887241978375,-1.962359664363108,0,260
1,-0.057134183321838505,-0.9894831284684072,1,260
0,-0.17882641021948378,-1.9758236497644674,0,261
1,-0.057153107707698214,-0.996159809958932,1,261
0,-0.17877167961458396,-1.9615158008180855,0,262
1,-0.05712551570460431,-0.9890646633599259,1,262
0,-0.17880585213223904,-1.9704492891583192,0,263
1,-0.057142743510044974,-0.9934947079915111,1,263
0,-0.17879759948126586,-1.9695390322419128,0,264
1,-0.0571385830011011,-0.993043318947018,1,264
0,-0.1787954821768924,-1.9697344169510893,0,265
1,-0.05713751557878898,-0.993140208644415,1,265
0,-0.1787816641420852,-1.9700478624745457,0,266
1,-0.0571305493254495,-0.9932956437449696,1,266
0,-0.1787285856731884,-1.9706094460422783,0,267
1,-0.05710379023369991,-0.9935741284952336,1,267
0,-0.17857171613246922,-1.9715210492370687,0,268
1,-0.05702470569113326,-0.9940261851482928,1,268
0,-0.17849567338432606,-1.971450309468582,0,269
1,-0.056986369338997644,-0.9939911058691039,1,269
0,-0.17850135499315095,-1.9706709060870746,0,270
1,-0.05698923367730611,-0.9936046060344828,1,270
0,-0.17850193753938984,-1.9701265730832447,0,271
1,-0.05698952736340147,-0.9933346756993704,1,271
0,-0.17849877732133507,-1.9701674281881347,0,272
1,-0.05698793416437667,-0.9933549354155298,1,272
0,-0.17849554992723674,-1.9701681442902528,0,273
1,-0.05698630709907901,-0.9933552905247786,1,273
0,-0.17848264035084344,-1.9701710086987312,0,274
1,-0.05697979883788856,-0.9933567109617812,1,274
0,-0.17843100204526813,-1.9701824663326386,0,275
1,-0.056953765793127054,-0.9933623927097882,1,275
0,-0.17757155951809664,-1.9702702106917553,0,276
1,-0.05652048461685817,-0.9934059044279714,1,276
0,-0.17590127059831204,-1.9703437678957632,0,277
1,-0.055678421622541725,-0.9934423808506544,1,277
0,-0.17315979277240148,-1.9703631616682982,0,278
1,-0.05429632718391242,-0.993451998065636,1,278
0,-0.17127673476915314,-1.9702846353422354,0,279
1,-0.05334699833313412,-0.9934130574955083,1,279
0,-0.1710335423062306,-1.9702183086367016,0,280
1,-0.05322439476970387,-0.9933801666185522,1,280
0,-0.17118882633781954,-1.9702044193015584,0,281
1,-0.053302679990338726,-0.9933732790095638,1,281
0,-0.17122830490027996,-1.9702036907298175,0,282
1,-0.05332258279644794,-0.9933729177167289,1,282
0,-0.17122830490027996,-1.9702036907298175,0,283
1,-0.05332258279644794,-0.9933729177167289,1,283
0,-0.174785269281651,-5.72528540494113,0,284
1,-0.05511579835465218,-2.85548757614097,1,284
0,-0.17202436484293637,-2.8106029226537466,0,285
1,-0.05372391014229107,-1.4101201013456535,1,285
0,-0.17136822802462484,-2.1179203134695395,0,286
1,-0.053393123936764514,-1.0666243964942907,1,286
0,-0.171254752622051,-1.998124509089682,0,287
1,-0.05333591620692756,-1.0072186257731874,1,287
0,-0.1712323930120655,-1.9745195039246368,0,288
1,-0.05332464378578352,-0.9955130945823032,1,288
0,-0.17123064653820871,-1.973220995633891,0,289
1,-0.05332376331475363,-0.9948691748206817,1,289
0,-0.17122958108514813,-1.9729665256219302,0,290
1,-0.05332322617499089,-0.994742985199398,1,290
0,-0.17122711159647128,-1.9727237841091312,0,291
1,-0.0533219812017379,-0.9946226116460155,1,291
0,-0.1712168962093896,-1.9737889144179461,0,292
1,-0.05331683119485446,-0.9951508011534939,1,292
0,-0.1712176883812317,-1.9734183033757835,0,293
1,-0.053317230562045084,-0.994967018134452,1,293
0,-0.17121707309748868,-1.9733761971020085,0,294
1,-0.053316920371595494,-0.9949461379737617,1,294
0,-0.1712163910004129,-1.9733769191203225,0,295
1,-0.053316576497730604,-0.9949464960168027,1,295
0,-0.17122830490027996,-1.9702036907298175,0,296
1,-0.05332258279644794,-0.9933729177167289,1,296
0,-0.17469526590501078,-5.971500649602799,0,297
1,-0.05507042386169198,-2.9775837250681243,1,297
0,-0.17201997809954742,-2.883891372918183,0,298
1,-0.05372169860018626,-1.4464632512201545,1,298
0,-0.17136783797592203,-2.1312419229071526,0,299
1,-0.05339292729678525,-1.0732304748956496,1,299
0,-0.17125517186307368,-2.00121145123637,0,300
1,-0.05333612756398499,-1.0087494154226628,1,300
0,-0.17123878544073767,-1.9822995160371715,0,301
1,-0.05332786647831593,-0.9993711396796039,1,301
0,-0.17123713027532866,-1.9804582316370711,0,302
1,-0.05332703203972036,-0.9984580616342479,1,302
0,-0.1712279579802304,-1.9735485251059501,0,303
1,-0.053322407899439345,-0.995031594037467,1,303
0,-0.17123323175005914,-1.9775213804753125,0,304
1,-0.05332506662893249,-0.9970017008905608,1,304
0,-0.17123149305643162,-1.9770386934593396,0,305
1,-0.05332419008024372,-0.9967623403023551,1,305
0,-0.17123115167651556,-1.9771720090225717,0,306
1,-0.0533240179762498,-0.9968284504121694,1,306
0,-0.17122948588939862,-1.9772649470612353,0,307
1,-0.05332317818280389,-0.9968745376340432,1,307
0,-0.17121970518467292,-1.9775198206291702,0,308
1,-0.053318247317604255,-0.997000927375469,1,308
0,-0.17119370363553454,-1.9778819151962346,0,309
1,-0.05330513884154061,-0.997180487143377,1,309
0,-0.17116416889582506,-1.9780241428533978,0,310
1,-0.05329024913529811,-0.9972510166885066,1,310
0,-0.1711650888353967,-1.977798314936872,0,311
1,-0.05329071291558253,-0.9971390304507508,1,311
0,-0.17116624056549484,-1.9773249070343408,0,312
1,-0.053291293551233805,-0.996904271299869,1,312
0,-0.17116543761359426,-1.9773659318890449,0,313
1,-0.053290888749361755,-0.9969246151935894,1,313
0,-0.1711648101025146,-1.9773638652852503,0,314
1,-0.053290572394596725,-0.9969235903814798,1,314
0,-0.1711648101025146,-1.9773638652852503,0,315
1,-0.053290572394596725,-0.9969235903814798,1,315
0,-0.16936030185948658,-5.72670609585624,0,316
1,-0.052380843786333606,-2.8561920852780434,1,316
0,-0.1707608889572236,-2.816616672088212,0,317
1,-0.053086938732753726,-1.4131022710629213,1,317
0,-0.1710947786042859,-2.122872789832386,0,318
1,-0.053255266566726765,-1.0690802894768192,1,318
0,-0.17115225689064448,-2.003446476753556,0,319
1,-0.053284243791772004,-1.0098577465041834,1,319
0,-0.17116247009198765,-1.9822258548733045,0,320
1,-0.053289392696732635,-0.9993346117040661,1,320
0,-0.17116416213659294,-1.9787101855370297,0,321
1,-0.053290245727684586,-0.9975912197079665,1,321
0,-0.1711635134389179,-1.9786788926093088,0,322
1,-0.05328991869186426,-0.9975757017981464,1,322
0,-0.17116091864821686,-1.9785537208984316,0,323
1,-0.05328861054858351,-0.9975136301588631,1,323
0,-0.17114861875892798,-1.9790240088694584,0,324
1,-0.05328240965634162,-0.9977468421609386,1,324
0,-0.1711493640563713,-1.9788604489536759,0,325
1,-0.05328278539217359,-0.9976657341212509,1,325
0,-0.17114858850168937,-1.9788367836309277,0,326
1,-0.05328239440239336,-0.9976539986790564,1,326
0,-0.17114771808622536,-1.9788369694781287,0,327
1,-0.053281955589297415,-0.9976540908391812,1,327
0,-0.17114423642436988,-1.9788377128669354,0,328
1,-0.05328020033691403,-0.9976544594796782,1,328
0,-0.17113030977694657,-1.9788406864221575,0,329
1,-0.05327317932738026,-0.9976559340416696,1,329
0,-0.17084611642776554,-1.978868653143363,0,330
1,-0.05312990549029643,-0.9976698025125782,1,330
0,-0.1702397225732912,-1.978896304228282,0,331
1,-0.05282419680793311,-0.9976835144619997,1,331
0,-0.16893531805387438,-1.9789180258811496,0,332
1,-0.052166591550297854,-0.9976942860540173,1,332
0,-0.1674906669774873,-1.978904508303361,0,333
1,-0.051438282096337176,-0.9976875827964943,1,333
0,-0.1668287030035797,-1.9788674460784097,0,334
1,-0.05110455817624422,-0.997669203938828,1,334
0,-0.16688585492080138,-1.9788484709926968,0,335
1,-0.05113337086486138,-0.9976597943472565,1,335
0,-0.16696362406669965,-1.978845781118452,0,336
1,-0.051172577566818596,-0.9976584604603674,1,336
0,-0.1711648101025146,-1.9773638652852503,0,337
1,-0.053290572394596725,-0.9969235903814798,1,337
0,-0.17243728868496594,-5.977967741350071,0,338
1,-0.053932082442739004,-2.980790703572594,1,338
0,-0.17145531715631765,-2.8907023383227015,0,339
1,-0.05343702923610355,-1.4498407538906777,1,339
0,-0.17121533761748312,-2.1362196409484926,0,340
1,-0.05331604544302914,-1.075698885022438,1,340
0,-0.17117386912864693,-2.00584495373493,0,341
1,-0.05329513943122144,-1.0110471318451204,1,341
0,-0.17116701611325252,-1.9842994437943953,0,342
1,-0.05329168453752326,-1.0003628876829598,1,342
0,-0.17116640359452778,-1.983038904913572,0,343
1,-0.053291375741035894,-0.9997377966446985,1,343
0,-0.1711611104658115,-1.97766676753219,0,344
1,-0.05328870725191192,-0.9970737971564637,1,344
0,-0.17116443261548897,-1.9810385057660065,0,345
1,-0.05329038208748799,-0.9987458148826821,1,345
0,-0.1711626038473506,-1.9802064735060656,0,346
1,-0.05328946012844457,-0.9983332168128022,1,346
0,-0.17116350227748986,-1.9806152310973464,0,347
1,-0.053289913064918384,-0.9985359163970986,1,347
0,-0.17116296731500957,-1.9806065947592213,0,348
1,-0.05328964336780005,-0.9985316337068563,1,348
0,-0.171160827465087,-1.9805720494067263,0,349
1,-0.053288564579327305,-0.9985145029458878,1,349
0,-0.17112124160676548,-1.980843705652253,0,350
1,-0.053268607680855284,-0.9986492150814272,1,350
0,-0.1711221844025123,-1.9807358025214357,0,351
1,-0.0532690829839005,-0.9985957067913626,1,351
0,-0.17112213938820806,-1.9806859326655304,0,352
1,-0.05326906029029374,-0.9985709767330684,1,352
0,-0.1711216805335649,-1.9806879934397792,0,353
1,-0.05326882896234174,-0.9985719986543536,1,353
0,-0.1711216805335649,-1.9806879934397792,0,354
1,-0.05326882896234174,-0.9985719986543536,1,354
0,-0.16683244104871822,-5.72756751614248,0,355
1,-0.05110644268223902,-2.8566192566325275,1,355
0,-0.17016149087657043,-2.8194648853372417,0,356
1,-0.0527847569146241,-1.414514676982417,1,356
0,-0.17095631096800942,-2.1251471314864423,0,357
1,-0.05318545919924827,-1.0702081171127027,1,357
0,-0.1710930605748827,-2.005689054235233,0,358
1,-0.05325440043574408,-1.0109698225438266,1,358
0,-0.1711161788184899,-1.985494035076232,0,359
1,-0.053266055316049395,-1.0009552758401363,1,359
0,-0.17112078856555688,-1.9814671750814683,0,360
1,-0.0532683792837008,-0.9989583885299921,1,360
0,-0.17112055354655878,-1.9813183246332526,0,361
1,-0.053268260800725185,-0.9988845747963286,1,361
0,-0.17111997797111975,-1.9812779119279949,0,362
1,-0.05326797062890415,-0.9988645344625696,1,362
0,-0.17111737178945755,-1.9812016639601293,0,363
1,-0.05326665674295991,-0.9988267237118478,1,363
0,-0.17110939737845518,-1.981664862367298,0,364
1,-0.053262636506504625,-0.999056420056533,1,364
0,-0.17111384395223864,-1.9814065804837517,0,365
1,-0.05326487821163127,-0.9989283401589514,1,365
0,-0.17111263792318146,-1.981324220753937,0,366
1,-0.053264270201587326,-0.9988874986348998,1,366
0,-0.1711120085699306,-1.9813689303771207,0,367
1,-0.05326395291810648,-0.9989096697755135,1,367
0,-0.17111145183213183,-1.981371987793053,0,368
1,-0.05326367224313297,-0.9989111859233525,1,368
0,-0.1711106803071275,-1.981372728472015,0,369
1,-0.053263283284883056,-0.9989115532200629,1,369
0,-0.1711216805335649,-1.9806879934397792,0,370
1,-0.05326882896234174,-0.9985719986543536,1,370
0,-0.17137593324443726,-5.980968611701355,0,371
1,-0.05339700846260327,-2.9822788109147025,1,371
0,-0.1711797209449686,-2.893865799954568,0,372
1,-0.05329808957829824,-1.4514094889341143,1,372
0,-0.1711317121249126,-2.1385198619823513,0,373
1,-0.05327388631005458,-1.0768395460335012,1,373
0,-0.17112341369520814,-2.0079566621018854,0,374
1,-0.05326970272212409,-1.012094310948984,1,374
0,-0.1711220259941613,-1.9861232917455218,0,375
1,-0.05326900312357873,-1.0012673191342605,1,375
0,-0.17112182279300303,-1.982926229846853,0,376
1,-0.0532689006813164,-0.9996819219902037,1,376
0,-0.17112167905303874,-1.9826426785908882,0,377
1,-0.05326882821594612,-0.9995413112151731,1,377
0,-0.17112081002665677,-1.9819173119443445,0,378
1,-0.05326839010314534,-0.9991816077604758,1,378
0,-0.1711212319907151,-1.982269520646229,0,379
1,-0.053268602832999494,-0.9993562652077764,1,379
0,-0.1711207977920085,-1.9821732685213533,0,380
1,-0.053268383935143625,-0.9993085345573476,1,380
0,-0.1711205951232688,-1.9821891300499808,0,381
1,-0.05326828176129574,-0.9993164001611361,1,381
0,-0.17111917848417182,-1.9822260598334216,0,382
1,-0.053267567573860544,-0.9993347133421299,1,382
0,-0.17111455678399004,-1.9822845918301284,0,383
1,-0.05326523758014036,-0.9993637388860076,1,383
0,-0.17110060242592504,-1.9823842165910122,0,384
1,-0.053258202600505095,-0.9994131419993627,1,384
0,-0.17109729058715745,-1.982358485925206,0,385
1,-0.05325653296309299,-0.9994003823702464,1,385
0,-0.17109785803874764,-1.98224657152348,0,386
1,-0.053256819039339924,-0.9993448849233738,1,386
0,-0.17109767969793224,-1.9822298291092528,0,387
1,-0.05325672913022328,-0.9993365824955354,1,387
0,-0.1710974477305176,-1.982231014401071,0,388
1,-0.05325661218567956,-0.9993371702721663,1,388
0,-0.1710974477305176,-1.982231014401071,0,389
1,-0.05325661218567956,-0.9993371702721663,1,389
0,-0.165657014468356,-5.728114061313177,0,390
1,-0.05051386063602227,-2.856890283963308,1,390
0,-0.16987948703202668,-2.820829359869919,0,391
1,-0.052642586899046384,-1.4151913088700097,1,391
0,-0.17088834623363477,-2.1262029582729536,0,392
1,-0.05315119531408586,-1.0707316930786992,1,392
0,-0.17106193718730858,-2.006680968179471,0,393
1,-0.053238709825201395,-1.0114617046481416,1,393
0,-0.17109098398505923,-1.9866814751209092,0,394
1,-0.05325335353935134,-1.0015441177566342,1,394
0,-0.171096375364422,-1.9829693669886983,0,395
1,-0.053256071560764506,-0.9997033133500388,1,395
0,-0.17109703522307576,-1.9825150367498434,0,396
1,-0.05325640422330393,-0.9994780146583115,1,396
0,-0.17109683627715605,-1.982513597811357,0,397
1,-0.05325630392628637,-0.9994773011003508,1,397
0,-0.17109604049347588,-1.982507842057413,0,398
1,-0.05325590273821612,-0.9994744468685105,1,398
0,-0.17109361576418294,-1.9824903044457032,0,399
1,-0.05325468033005406,-0.9994657501086746,1,399
0,-0.17100275166319495,-1.9835676559335171,0,400
1,-0.05320887190969772,-1.0000000000000009,1,400
0,-0.17108829170189685,-1.9825534304367474,0,401
1,-0.05325199624601481,-0.9994970537771957,1,401
0,-0.17108841631469743,-1.9825488292346634,0,402
1,-0.05325205906857593,-0.9994947720782879,1,402
0,-0.17108814550398047,-1.9825485752280552,0,403
1,-0.05325192254148746,-0.9994946461184647,1,403
0,-0.1710870622611129,-1.9825475592016306,0,404
1,-0.05325137643313332,-0.9994941422791772,1,404
0,-0.1710974477305176,-1.982231014401071,0,405
1,-0.05325661218567956,-0.9993371702721663,1,405
0,-0.17087929997496185,-5.98236125121841,0,406
1,-0.053146634714074985,-2.9829694095903023,1,406
0,-0.17104765147653858,-2.895334615737387,0,407
1,-0.053231507796711396,-1.4521378628039487,1,407
0,-0.17108886639506396,-2.1395851862719093,0,408
1,-0.05325228597304534,-1.0773678317344624,1,408
0,-0.17109599212630863,-2.0089221274682556,0,409
1,-0.053255878354290145,-1.0125730774173978,1,409
0,-0.17109718202523805,-1.9871031971128996,0,410
1,-0.05325647823245705,-1.0017532462824101,1,410
0,-0.17109737356969928,-1.9835908859797418,0,411
1,-0.053256574798087326,-1.0000115195920838,1,411
0,-0.17109730700147252,-1.9833628614929153,0,412
1,-0.05325654123824065,-0.9998984440928771,1,412
0,-0.1710965060829427,-1.9823056149976224,0,413
1,-0.053256137461476186,-0.9993741641047719,1,413
0,-0.17109703550301278,-1.9830044719884554,0,414
1,-0.05325640436443193,-0.999720721635558,1,414
0,-0.17109671877805574,-1.9828763160164584,0,415
1,-0.05325624469004111,-0.9996571701253169,1,415
0,-0.1710967405403855,-1.982934564586341,0,416
1,-0.053256255661348235,-0.9996860551201238,1,416
0,-0.17109662213176002,-1.9829318283241322,0,417
1,-0.05325619596657299,-0.9996846982298183,1,417
0,-0.1710961484972579,-1.9829208832753016,0,418
1,-0.05325595718747164,-0.999679270668606,1,418
0,-0.17109301062764448,-1.9828901745002883,0,419
1,-0.05325437525523754,-0.999664042435389,1,419
0,-0.17108250064712655,-1.9832083364509123,0,420
1,-0.05324907673139513,-0.9998218163740407,1,420
0,-0.17109047904502528,-1.982966811489569,0,421
1,-0.053253098977813135,-0.9997020460986841,1,421
0,-0.17108630763398988,-1.9829448171950659,0,422
1,-0.053250995993817066,-0.9996911393058844,1,422
0,-0.17108616866203866,-1.9829463821446933,0,423
1,-0.05325092593220319,-0.9996919153517523,1,423
0,-0.1710859619692916,-1.9829473329261211,0,424
1,-0.05325082172968386,-0.9996923868365745,1,424
0,-0.1710859619692916,-1.9829473329261211,0,425
1,-0.05325082172968386,-0.9996923868365745,1,425
0,-0.16511072620514514,-5.724076156921536,0,426
1,-0.050238453713764404,-2.8548879198260515,1,426
0,-0.16974872678970201,-2.8201978234996106,0,427
1,-0.05257666515348173,-1.4148781350905832,1,427
0,-0.170856740589652,-2.1264641319771163,0,428
1,-0.05313526157777581,-1.07086120700674,1,428
0,-0.17104739788412224,-2.007092524227767,0,429
1,-0.05323137995009348,-1.0116657919646428,1,429
0,-0.17107922851169755,-1.9871631887157286,0,430
1,-0.053247427110108436,-1.001782995633162,1,430
0,-0.17108465163607336,-1.9837677399470102,0,431
1,-0.05325016113551938,-1.000099220044408,1,431
0,-0.1710857232164632,-1.9830968174191668,0,432
1,-0.05325070136432716,-0.9997665149879411,1,432
0,-0.1710856501274341,-1.9830806444615972,0,433
1,-0.05325066451706923,-0.9997584949490593,1,433
0,-0.17108545430276798,-1.9830709993216709,0,434
1,-0.05325056579360716,-0.999753712002159,1,434
0,-0.1710846474204301,-1.98305309750998,0,435
1,-0.053250159010236185,-0.9997448346384935,1,435
0,-0.1710822755205028,-1.9832037277145527,0,436
1,-0.05324896323558216,-0.9998195309389448,1,436
0,-0.17108395188786377,-1.983097268097266,0,437
1,-0.05324980836297469,-0.9997667384755653,1,437
0,-0.1710837315512093,-1.9830814931145109,0,438
1,-0.05324969728198691,-0.9997589157891755,1,438
0,-0.17108359774378817,-1.9830940820381058,0,439
1,-0.0532496298240302,-0.9997651585345918,1,439
0,-0.17108346503781577,-1.9830945819082302,0,440
1,-0.05324956292136026,-0.9997654064161438,1,440
0,-0.1710859619692916,-1.9829473329261211,0,441
1,-0.05325082172968386,-0.9996923868365745,1,441
0,-0.17064818699288295,-5.983007718453927,0,442
1,-0.053030120925706074,-2.9832899874650547,1,442
0,-0.1709860337563469,-2.8960166208868956,0,443
1,-0.053200443708724614,-1.4524760636428853,1,443
0,-0.1710687651260818,-2.1400792271346547,0,444
1,-0.05324215207671859,-1.0776128226034785,1,444
0,-0.17108307058812874,-2.009366611949606,0,445
1,-0.05324936406265925,-1.0127934936775904,1,445
0,-0.17108545801399114,-1.987552099624877,0,446
1,-0.05325056766459123,-1.0019758534082663,1,446
0,-0.17108585682188182,-1.9839080913319973,0,447
1,-0.05325076872044608,-1.0001688191613374,1,447
0,-0.1710859187818331,-1.9833419476279703,0,448
1,-0.053250799957067156,-0.9998880730763599,1,448
0,-0.1710858944674914,-1.9833123596822115,0,449
1,-0.053250787699183275,-0.999873400653306,1,449
0,-0.17108578059621185,-1.9832633562181572,0,450
1,-0.05325073029187528,-0.9998491002317241,1,450
0,-0.17108574164256987,-1.9832724776679238,0,451
1,-0.053250710653703535,-0.9998536234849104,1,451
0,-0.17108565814961882,-1.983274419146044,0,452
1,-0.05325066856139033,-0.9998545862482089,1,452
0,-0.1710841880721118,-1.9832917290021521,0,453
1,-0.05324992743340175,-0.9998631700658852,1,453
0,-0.17108092946975517,-1.9833123031899382,0,454
1,-0.0532482846347067,-0.9998733726392457,1,454
0,-0.17108024151384718,-1.983305830944281,0,455
1,-0.05324793780715796,-0.9998701631049591,1,455
0,-0.17108036975275057,-1.9832814393931015,0,456
1,-0.05324800245779043,-0.9998580675319576,1,456
0,-0.17108031852967845,-1.9832795530552465,0,457
1,-0.053247976634082324,-0.9998571321122685,1,457
0,-0.1710802641953655,-1.9832796679166742,0,458
1,-0.05324794924186679,-0.9998571890711249,1,458
0,-0.1710802641953655,-1.9832796679166742,0,459
1,-0.05324794924186679,-0.9998571890711249,1,459
0,-0.16485744882528186,-5.729478395301865,0,460
1,-0.05011076591894403,-2.8575668461562604,1,460
0,-0.16968698297070423,-2.8220492666112684,0,461
1,-0.052545537493775656,-1.415796250758855,1,461
0,-0.17084157930774738,-2.1269704202632957,0,462
1,-0.05312761813699902,-1.0711122712740004,1,462
0,-0.1710402883850348,-2.007345516070517,0,463
1,-0.053227795752163035,-1.0117912485737663,1,463
0,-0.17107344730323024,-1.9873835069546224,0,464
1,-0.053244512559425014,-1.0018922496663318,1,464
0,-0.1710790008834215,-1.9840401946742745,0,465
1,-0.053247312353107264,-1.0002343281405859,1,465
0,-0.1710800769060702,-1.983392417994904,0,466
1,-0.05324785482144467,-0.9999131009232163,1,466
0,-0.17108010068682833,-1.983347357910739,0,467
1,-0.05324786681032656,-0.9998907559918381,1,467
0,-0.1710800446015429,-1.9833390315132158,0,468
1,-0.05324783853537187,-0.9998866269986345,1,468
0,-0.17107993915217462,-1.9833360688260262,0,469
1,-0.053247785373904,-0.9998851578260108,1,469
0,-0.17107888002521196,-1.9833726142768162,0,470
1,-0.05324725142339322,-0.9999032804195511,1,470
0,-0.17107914230235313,-1.9833498223362136,0,471
1,-0.053247383648346955,-0.9998919780805059,1,471
0,-0.17107909866786583,-1.9833480011717735,0,472
1,-0.05324736165036392,-0.9998910749797828,1,472
0,-0.17107903864300864,-1.983348078580633,0,473
1,-0.053247331389305395,-0.9998911133662103,1,473
0,-0.1710802641953655,-1.9832796679166742,0,474
1,-0.05324794924186679,-0.9998571890711249,1,474
0,-0.17054117825588305,-5.983307580130008,0,475
1,-0.05297617331435036,-2.9834386864455382,1,475
0,-0.17095721151348925,-2.8963329051232,0,476
1,-0.05318591320215426,-1.4526329064381884,1,476
0,-0.1710591013632217,-2.1403082844617853,0,477
1,-0.05323728016683909,-1.0777264102798398,1,477
0,-0.17107672076713612,-2.009571972695412,0,478
1,-0.05324616285045286,-1.0128953304108872,1,478
0,-0.17107966083299495,-1.9877566281719727,0,479
1,-0.05324764506148294,-1.0020772774609505,1,479
0,-0.171080151460831,-1.984116160305973,0,480
1,-0.05324789240763962,-1.0002719988830853,1,480
0,-0.171080226626619,-1.983558428727738,0,481
1,-0.053247930301879375,-0.9999954243032647,1,481
0,-0.17108021490235664,-1.9835135139368685,0,482
1,-0.05324792439118475,-0.999973151421656,1,482
0,-0.17108006764000985,-1.9833188942631144,0,483
1,-0.05324785015003333,-0.9998766410991374,1,483
0,-0.17108016109691762,-1.9834424054885857,0,484
1,-0.05324789726559683,-0.9999378893171349,1,484
0,-0.17108010158649373,-1.9834229135182617,0,485
1,-0.053247867263885765,-0.9999282234066655,1,485
0,-0.17108009700893867,-1.983430585315232,0,486
1,-0.05324786495614722,-0.9999320277887481,1,486
0,-0.17108006776703402,-1.9834308039181763,0,487
1,-0.05324785021407168,-0.9999321361921802,1,487
0,-0.1710799507994172,-1.9834316783299542,0,488
1,-0.053247791245769435,-0.9999325698059097,1,488
0,-0.17107948292894895,-1.9834351759770632,0,489
1,-0.053247555372560484,-0.9999343042608275,1,489
0,-0.1710728639452872,-1.9835676559335171,0,490
1,-0.05324421846411586,-1.0000000000000009,1,490
0,-0.1710793928132932,-1.983436979655503,0,491
1,-0.05324750994146287,-0.9999351986903834,1,491
0,-0.17107787285004694,-1.983433197910274,0,492
1,-0.05324674366397214,-0.9999333233535039,1,492
0,-0.17107783091758763,-1.9834336452498713,0,493
1,-0.053246722524053165,-0.9999335451855914,1,493
