,s_1,s_2,Exp,pid,success,adj_nr
0,-7.111071509909519,6.984151073529194,0,16488,1,0
1,-6.691927199752046,-2.8362384677871777,1,16488,1,1
2,-1.019519097601167,9.31777196328953,2,16488,1,2
3,5.2019774870653706,8.608183358143538,3,16488,1,3
4,5.047386231180743,-6.321863741173351,4,16488,1,4
5,-8.845886732006011,6.508368681884647,5,16488,1,5
6,-7.121969974128685,-5.166272667908379,6,16488,1,6
7,-7.16354062485637,-6.464960586775739,7,16488,1,7
8,5.262489414526785,9.34032622439484,8,16488,1,8
9,5.182338863934062,-9.597456544076612,9,16488,1,9
10,7.714649293708181,-1.1464052732859091,10,16488,1,10
11,-2.3779558201660755,6.126562816124284,11,16488,1,11
12,-5.294579005341713,-2.916623288007328,12,16488,1,12
13,-7.178673421680952,0.0880729262986683,13,16488,1,13
14,7.367195415184842,-0.6437098407473822,14,16488,1,14
15,-8.29930472043438,4.638502444871991,15,16488,1,15
16,4.720689410833474,5.047926513693133,16,16488,1,16
17,-0.4307935901731756,5.253417875990527,17,16488,1,17
18,3.369497370561838,-2.778832447521322,18,16488,1,18
19,8.599841441936501,-3.851309397257081,19,16488,1,19
20,-0.7103790048968968,-2.163716258433248,20,16488,1,20
21,-7.506045954098344,-5.962634159794251,21,16488,1,21
22,8.801281055979896,-7.7625097308611934,22,16488,1,22
23,7.211056926013263,4.344826717491507,23,16488,1,23
24,-5.172841351038258,2.722101152693705,24,16488,1,24
25,3.773367057300643,-3.875608026706927,25,16488,1,25
26,-1.9325135112765128,-3.0362051871766,26,16488,1,26
27,-1.8721351408021287,-6.821060412874593,27,16488,1,27
28,0.0777945673031865,-4.010117058414648,28,16488,0,28
29,6.036818020250582,4.31599877302002,29,16488,1,29
30,3.3621001034034865,-6.984542630285406,30,16488,1,30
31,2.008770880594895,0.3183229641749214,31,16488,1,31
32,1.0566720594499923,3.716151443687908,32,16488,1,32
33,-4.960910949428065,5.368801257511695,33,16488,1,33
34,6.887944159119094,-5.601075732895469,34,16488,1,34
35,-8.570067440887549,-8.68765598818177,35,16488,1,35
36,5.859091891293655,6.848707296588636,36,16488,1,36
37,7.512120281177417,-5.148991131723568,37,16488,1,37
38,5.240373554781844,0.2040724691777349,38,16488,1,38
39,1.980124447421776,3.8603841178729255,39,16488,1,39
40,9.064761927033535,5.07514278334294,40,16488,1,40
41,-7.883579524072748,7.105051720531716,41,16488,1,41
42,-9.942991131212809,-6.151822564812994,42,16488,1,42
43,5.539956146488665,-3.807591143099347,43,16488,1,43
44,9.60173966169291,-2.3269406152970245,44,16488,1,44
45,1.5616464747866026,-5.601562959539423,45,16488,1,45
46,-6.824370908951787,6.837266993615327,46,16488,1,46
47,8.271673701284161,-1.823405308602652,47,16488,1,47
48,-7.397834114316046,7.301592253007737,48,16488,1,48
49,-2.485004877038934,-1.9092138245208223,49,16488,1,49
50,-4.526897922801718,3.0238821760903445,50,16488,1,50
51,4.2748174850034495,-1.93925994506526,51,16488,1,51
52,6.637076447902974,6.541492214401842,52,16488,1,52
53,1.1136886788806084,9.479259447907737,53,16488,1,53
54,-0.4744919875511684,-2.777312361559443,54,16488,1,54
55,2.2334604001509675,-6.37974833028127,55,16488,1,55
56,-8.382491497676003,0.7817391984052886,56,16488,1,56
57,-6.579214866971417,5.799243384419929,57,16488,1,57
58,-7.839764934863791,-2.591630786923876,58,16488,1,58
59,-7.001607445197459,-9.35473749618663,59,16488,1,59
60,-4.2531958939643495,6.8217555219092,60,16488,1,60
61,-5.726581679029139,-8.752532421653296,61,16488,1,61
62,-2.590552795790904,5.843248360886651,62,16488,1,62
63,-3.5652759702860592,5.110570881449894,63,16488,1,63
64,5.942730329697989,4.791285261832293,64,16488,1,64
65,4.084058414658646,6.401542276889479,65,16488,1,65
66,-7.625116246421242,-2.625002403469667,66,16488,1,66
67,6.347278611314756,-2.4015085093861988,67,16488,1,67
68,5.273930731198547,-1.9405560076686277,68,16488,1,68
69,-0.8255785186696212,-7.434609707200705,69,16488,1,69
70,4.028969909064962,-9.652181399036577,70,16488,1,70
71,7.329871199225849,-3.695476930039776,71,16488,1,71
72,8.434272450204162,6.334699571487079,72,16488,1,72
73,-4.585845280549091,2.517407975257948,73,16488,1,73
74,1.6287909003002363,-3.807482262916509,74,16488,1,74
75,-0.3489358388548584,-9.413316213161442,75,16488,1,75
76,-0.9201115082137096,-6.648980045850181,76,16488,1,76
77,-5.222335894142653,-5.55078297993435,77,16488,1,77
78,-6.106802703400296,-1.483829641811628,78,16488,1,78
79,6.4233197631268695,-2.719970157462201,79,16488,1,79
80,3.712253319761565,-8.35895837654055,80,16488,1,80
81,-8.136592918589455,9.581530148324408,81,16488,1,81
82,0.788327051301172,0.3513259554028369,82,16488,1,82
83,-4.015465295844436,3.714035277764333,83,16488,1,83
84,0.0793831346034164,6.629609904696544,84,16488,0,84
85,-5.021296365474328,3.979367782166507,85,16488,1,85
86,-9.020524127180549,7.900606736278423,86,16488,1,86
87,0.5824528284492203,-0.4486843692217803,87,16488,1,87
88,1.2746898729413907,-9.537327921084076,88,16488,1,88
89,8.989315567045871,5.006820327398522,89,16488,1,89
90,7.06508969196469,-7.913291151186197,90,16488,1,90
91,-4.13523501021559,0.6254332859623464,91,16488,1,91
92,0.0235579265994623,7.721315056979428,92,16488,0,92
93,-0.5194455762465804,0.9967027006415244,93,16488,1,93
94,7.686707537287155,5.495481771649418,94,16488,1,94
95,2.460121940851881,-0.7399662832901317,95,16488,1,95
96,-4.981011053860116,-9.078134812583,96,16488,1,96
97,8.98639602313375,6.794495337232952,97,16488,1,97
98,9.711013117681876,9.20315699773155,98,16488,1,98
99,-6.762957773112936,2.172152376184167,99,16488,1,99
100,8.648196616762093,-5.822833863932839,100,16488,1,100
101,6.431737721289231,0.820881495797714,101,16488,1,101
102,0.6602362081138207,1.445855625080256,102,16488,1,102
103,0.2834020367396839,0.0165167414502587,103,16488,1,103
104,0.4513394368894925,5.650358468233474,104,16488,1,104
105,-2.276004762926222,-7.531148609451563,105,16488,1,105
106,-1.9839311563929505,-4.728580785352259,106,16488,1,106
107,-5.987189443827587,-9.542439654654917,107,16488,1,107
108,-0.6123358877669176,5.031836588565053,108,16488,1,108
109,-1.9454500493857625,-9.626775906945364,109,16488,1,109
110,-5.176309600142909,-1.194971727809012,110,16488,1,110
111,-9.096735152820354,-7.715128571886134,111,16488,1,111
112,9.158782088908795,2.9511134691823067,112,16488,1,112
113,7.1299555113593485,-3.613261977511901,113,16488,1,113
114,-5.5035293431097365,2.19178123329694,114,16488,1,114
115,0.2568473821302479,-6.913690923761351,115,16488,1,115
116,-2.586547681253002,-7.250570376527142,116,16488,1,116
117,1.2837346069832645,0.6294629322912364,117,16488,1,117
118,5.803922835328585,-8.375753105114379,118,16488,1,118
119,-5.058666865970638,1.658375438029026,119,16488,1,119
120,1.5920270567297052,1.1577514914120286,120,16488,1,120
121,6.538474973559165,2.1815854956641,121,16488,1,121
122,1.6025917782971728,2.7924495919985723,122,16488,1,122
123,2.2502800585627707,2.179114523608096,123,16488,1,123
124,7.560280018546276,-5.930498759189369,124,16488,1,124
125,3.002703650773652,-0.2625612446368919,125,16488,1,125
126,-4.872433867639003,2.991967554313044,126,16488,1,126
127,-6.000546672003693,-1.2074134062362525,127,16488,1,127
128,-7.316771848563803,-9.37122771972416,128,16488,1,128
129,5.673290936753993,4.784343055125479,129,16488,1,129
130,-0.1583573513204683,1.9890602898413297,130,16488,0,130
131,-8.794236400831663,-6.74329095774665,131,16488,1,131
132,2.7294514206026026,2.283002679349336,132,16488,1,132
133,-3.402519146739456,-1.756481816386291,133,16488,1,133
134,0.0495808824338368,-4.06094834732444,134,16488,0,134
135,1.0708962512928295,7.63801170575293,135,16488,1,135
136,-4.134090459937958,2.837756202896633,136,16488,1,136
137,-5.61894491670397,2.842989627687418,137,16488,1,137
138,6.5711088919874605,-8.554878619577355,138,16488,1,138
139,1.8602290067284384,4.620116785944862,139,16488,1,139
140,5.985405476650932,3.790479319052928,140,16488,1,140
141,7.445918979749319,8.740049731978068,141,16488,1,141
142,-2.8667907204652714,-2.5950296302288383,142,16488,1,142
143,7.124299442791095,-2.442349070991609,143,16488,1,143
144,7.145975957239109,6.941008605109246,144,16488,1,144
145,-3.923786505531133,-5.253338179980878,145,16488,1,145
146,-8.82535564040751,3.5861824333169032,146,16488,1,146
147,-4.074025975649276,-5.5592149223373895,147,16488,1,147
148,-3.792339839589836,4.162048971355453,148,16488,1,148
149,-2.142260920971788,5.998535312266981,149,16488,1,149
150,8.760631997495882,5.343678243603435,150,16488,1,150
151,-5.5504498706672445,-9.904127847219556,151,16488,1,151
152,-5.697634352712992,7.297636518788707,152,16488,1,152
153,-0.1402666926435518,-7.795303168477821,153,16488,0,153
154,3.37307091232184,-0.1660849681860003,154,16488,1,154
155,8.175770112544036,5.595480909455915,155,16488,1,155
156,4.910180292044188,-7.343151176175278,156,16488,1,156
157,-6.278164746435735,2.7619345658047862,157,16488,1,157
158,-9.344670859064848,5.712583718595496,158,16488,1,158
159,-1.5416175299410444,-7.241391822401373,159,16488,1,159
160,-2.5157120190518256,-1.9059626860831909,160,16488,1,160
161,-3.592186354604583,0.4236920784638958,161,16488,1,161
162,-6.537235421262915,-8.535128289532386,162,16488,1,162
163,-4.4789249273727005,-3.969827047593285,163,16488,1,163
164,7.581919063285799,-4.01528718721506,164,16488,1,164
165,3.037334548442544,6.177448614526991,165,16488,1,165
166,-6.00155292341539,2.062295978732731,166,16488,1,166
167,1.3697032584695457,9.75641188754446,167,16488,1,167
168,-6.676086697154116,-5.660399938989372,168,16488,1,168
169,4.382575814024722,7.904823396477482,169,16488,1,169
170,1.8172098735439484,7.501060552126852,170,16488,1,170
171,-0.7065881165385619,7.72857802640911,171,16488,1,171
172,0.7112972229197467,-1.518191795895305,172,16488,1,172
173,5.223512268854044,5.673038040684252,173,16488,1,173
174,-0.9309090835704374,4.450649279506882,174,16488,1,174
175,8.976162085315671,-5.755479588210505,175,16488,1,175
176,7.097223948958021,-9.573246032331175,176,16488,1,176
177,8.879979668797084,7.117862970720086,177,16488,1,177
178,4.576308264859563,2.9680184219380656,178,16488,1,178
179,-8.519482446883512,0.1832212816875529,179,16488,1,179
180,4.3686890070415,9.305747047784912,180,16488,1,180
181,7.954397991764178,0.8447728534459849,181,16488,1,181
182,-0.9128328422311504,2.517013292112312,182,16488,1,182
183,-3.958738746486508,4.115996749076532,183,16488,1,183
184,-3.628099021267152,9.796812129345373,184,16488,1,184
185,3.2137031098278754,2.3111701896860737,185,16488,1,185
186,-5.587667623543178,4.890216841071149,186,16488,1,186
187,5.485347339127989,-3.064093714829814,187,16488,1,187
188,-1.9080137128742043,-7.10664726796852,188,16488,1,188
189,-9.819410456692296,-2.783494805097318,189,16488,1,189
190,-7.084393689762633,-6.43017384634531,190,16488,1,190
191,1.6404459114334102,-2.315286743212111,191,16488,1,191
192,8.870326967997425,0.0764436141031676,192,16488,1,192
193,-2.1976195963551053,8.95538164078009,193,16488,1,193
194,6.023051918749534,1.6735085395153355,194,16488,1,194
195,-8.180960543055447,4.653039748465735,195,16488,1,195
196,6.206770666078029,-3.1218059663065496,196,16488,1,196
197,-1.1195935556803622,2.7034018948282856,197,16488,1,197
198,7.396908960121543,-1.076509018660092,198,16488,1,198
199,-7.795011359618327,5.054207245568772,199,16488,1,199
200,9.33136197781274,-5.860769452863915,200,16488,1,200
201,4.57298257186881,-3.5408344707690205,201,16488,1,201
202,-5.354913530568524,8.595554941421359,202,16488,1,202
203,-9.361100041232946,-7.084640793594126,203,16488,1,203
204,-6.245375121740979,3.913806318410156,204,16488,1,204
205,-2.2203062211213087,2.603930607537407,205,16488,1,205
206,-6.793070475965304,5.514161077619804,206,16488,1,206
207,3.5367009236126776,5.685590393998117,207,16488,1,207
208,8.544993396579361,8.823734344673984,208,16488,1,208
209,-4.143035789844243,2.4663726736052816,209,16488,1,209
210,-6.090645309271084,8.31850699759024,210,16488,1,210
211,4.418657012728108,-9.717425529488631,211,16488,1,211
212,-0.6749991472736294,6.170018512471245,212,16488,1,212
213,1.6520873090091095,4.590225117125069,213,16488,1,213
214,-1.93950885446365,5.609791266165512,214,16488,1,214
215,-0.5166707760277855,-4.151766038141407,215,16488,1,215
216,-4.77281924477764,-5.350241610351518,216,16488,1,216
217,3.055160532425633,-0.895458496527155,217,16488,1,217
218,-1.9334084608635784,3.639733455926814,218,16488,1,218
219,-5.799388578823699,-3.202991713691146,219,16488,1,219
220,-9.19700533883756,7.093865728902713,220,16488,1,220
221,-1.856899123792001,2.452320748205468,221,16488,1,221
222,2.1758874662182865,-0.971793754099231,222,16488,1,222
223,-2.1374828044472576,-1.8419779178975144,223,16488,1,223
224,-1.7801915649296711,0.0964287325947843,224,16488,1,224
225,1.7985017296544503,5.565598506261454,225,16488,1,225
226,2.7362398161440904,-0.7447559903452898,226,16488,1,226
227,7.86561236257706,5.366390195901175,227,16488,1,227
228,1.011586292402395,8.30135461897352,228,16488,1,228
229,-3.239361457708738,8.756696210198488,229,16488,1,229
230,7.035244510939819,-5.373023121797964,230,16488,1,230
231,-5.006990145353325,-5.047871023800628,231,16488,1,231
232,-8.947515806118485,-4.303632035691392,232,16488,1,232
233,7.705277448654655,-9.94857683447374,233,16488,1,233
234,-2.3640080447153844,-6.15673757815816,234,16488,1,234
235,9.75376679584918,-4.211704514785433,235,16488,1,235
236,1.1000488447707806,1.7419997994968064,236,16488,1,236
237,-5.459476943309238,0.7748859579210166,237,16488,1,237
238,1.4504961451890337,-3.42642942976378,238,16488,1,238
239,4.081899179655446,-8.773488639877007,239,16488,1,239
240,-9.404165939417446,-6.597619584722936,240,16488,1,240
241,-5.981968309993211,-4.616741517796001,241,16488,1,241
242,1.3594283877091513,-1.2318037438101967,242,16488,1,242
243,-5.078035838551265,3.958183645534387,243,16488,1,243
244,5.81563455864204,-4.99634101409745,244,16488,1,244
245,8.369819911943758,4.641852821761489,245,16488,1,245
246,1.0146196929902516,-6.113956426248317,246,16488,1,246
247,2.6726255958148077,-2.50880967936183,247,16488,1,247
248,-1.0644184580327387,4.151302268995359,248,16488,1,248
249,2.9339910330988754,-3.83340041049042,249,16488,1,249
250,-9.460588072364695,9.90843212799685,250,16488,1,250
251,3.954936924132678,-8.303557537061357,251,16488,1,251
252,-4.561076376267752,5.334199418296684,252,16488,1,252
253,-5.800764499412743,-9.056125940972295,253,16488,1,253
254,3.918815013455241,2.1131061196329317,254,16488,1,254
255,-8.10635696780222,0.7080095385916216,255,16488,1,255
256,9.195876999348592,-4.628210334153737,256,16488,1,256
257,7.193581813124904,-7.782893001267537,257,16488,1,257
258,5.944672874325271,5.0157026870279005,258,16488,1,258
259,1.3612633116676631,8.659090507919856,259,16488,1,259
260,9.607542217004353,8.16563127512606,260,16488,1,260
261,0.8939686790499515,-6.962966883491228,261,16488,1,261
262,-5.997802462385735,-8.55611610429727,262,16488,1,262
263,-8.829350173624032,0.5475750312078702,263,16488,1,263
264,-3.943297216481378,-1.8807658400933391,264,16488,1,264
265,5.111246210654644,-0.8299141344403616,265,16488,1,265
266,8.204026236353432,-3.4333705749456094,266,16488,1,266
267,4.690568244761408,-7.573961366852946,267,16488,1,267
268,-3.1255632227740904,6.9146220977828605,268,16488,1,268
269,-2.204907596779078,4.173937092670199,269,16488,1,269
270,8.4729829212278,-3.4151676616577014,270,16488,1,270
271,2.036676787551608,1.8155017718547448,271,16488,1,271
272,-0.373701140580911,9.401214135957566,272,16488,1,272
273,9.833092993387162,1.6062239437480643,273,16488,1,273
274,4.654836586691243,3.5671807975712646,274,16488,1,274
275,1.39325046303769,6.001093718782101,275,16488,1,275
276,-4.530452737240706,-0.6742637148341313,276,16488,1,276
277,0.0011530151831973,3.3268421588371417,277,16488,0,277
278,-7.737690985589289,-1.0696926827706843,278,16488,1,278
279,4.173876461625914,-5.522574245112432,279,16488,1,279
280,-3.939019416995249,7.241102419632142,280,16488,1,280
281,-8.498846337397637,-1.8291915159071357,281,16488,1,281
282,3.291281547037378,-0.3564514601153394,282,16488,1,282
283,4.027054577384387,3.229440414176686,283,16488,1,283
284,2.1697113785072,7.74426772815389,284,16488,1,284
285,-8.999904304053253,-4.986419407040719,285,16488,1,285
286,9.652758597112877,-8.666742481743416,286,16488,1,286
287,-2.154760450515396,3.416370091406801,287,16488,1,287
288,6.811711089386282,6.760328068348787,288,16488,1,288
289,-3.751786610747104,-1.680589676403656,289,16488,1,289
290,0.5353809006770209,0.4433589486296867,290,16488,1,290
291,8.842333858720242,1.9074343122128496,291,16488,1,291
292,4.569481798293145,-0.7066502071483391,292,16488,1,292
293,-1.044011041109263,0.434969239897109,293,16488,1,293
294,-2.65384335219387,-5.90737468807353,294,16488,1,294
295,-1.612355980835794,-6.220508992601048,295,16488,1,295
296,-4.360045437705214,-1.20292973107542,296,16488,1,296
297,5.970492210438467,8.053725686385206,297,16488,1,297
298,-8.558710759722114,-3.763130354499575,298,16488,1,298
299,-2.9297814963335167,-9.25151916878589,299,16488,1,299
300,-0.6055965780422152,-9.523690546615835,300,16488,1,300
301,2.451303185921517,-9.026665869377045,301,16488,1,301
302,5.128653313430938,-7.301754485050989,302,16488,1,302
303,5.476231414682042,-3.784441005026258,303,16488,1,303
304,-7.534138032202239,-0.5379906057370825,304,16488,1,304
305,2.070609953561757,4.449665519751878,305,16488,1,305
306,0.1020041542148959,9.930508388654935,306,16488,0,306
307,-3.642417809752746,-6.142978334133882,307,16488,1,307
308,1.527882734489765,-8.042916755040647,308,16488,1,308
309,4.290516967645985,0.7852213896479086,309,16488,1,309
310,-4.807567349664524,6.849481174018084,310,16488,1,310
311,-6.1266230616154616,-9.02540248502724,311,16488,1,311
312,-4.025249390915815,-2.1501587179672965,312,16488,1,312
313,-5.54390745661733,-3.038824459702858,313,16488,1,313
314,9.312782426901272,-1.0985296963609503,314,16488,1,314
315,-9.841178331714,3.916324209892668,315,16488,1,315
316,8.976237715051823,6.919020233974752,316,16488,1,316
317,6.738431649391735,5.832393296297834,317,16488,1,317
318,2.031909022764109,-2.319063278342033,318,16488,1,318
319,1.2620805933138346,0.4811428795186607,319,16488,1,319
320,-5.054024117516185,-1.945493253508113,320,16488,1,320
321,-0.2684746122301611,7.962881020940806,321,16488,1,321
322,1.1820467154860577,4.731896663965731,322,16488,1,322
323,2.166232914386825,-1.9240722111376467,323,16488,1,323
324,-6.797502638162955,-0.3548798685579086,324,16488,1,324
325,-1.7214380235984947,-6.444701789448279,325,16488,1,325
326,0.7308568749344211,-4.4592152689482445,326,16488,1,326
327,6.5636731454933255,-1.0390081774825646,327,16488,1,327
328,-7.677403072217444,7.0151379946989145,328,16488,1,328
329,-6.631544343234122,-2.677593642772371,329,16488,1,329
330,4.704989030737988,-2.849617421835693,330,16488,1,330
331,4.085759179589219,-0.6035464730659044,331,16488,1,331
332,-6.440219943237735,3.06323940592954,332,16488,1,332
333,5.37246533754576,0.6610832920001286,333,16488,1,333
334,4.775747884381957,8.870559466168125,334,16488,1,334
335,-3.821402084135004,0.6024006007791787,335,16488,1,335
336,-2.834792834417696,-8.965051974081481,336,16488,1,336
337,9.805490961841418,-0.7871676452219827,337,16488,1,337
338,-3.862147408404129,-3.756632081743378,338,16488,1,338
339,-2.2204617200397863,-5.450135241283352,339,16488,1,339
340,5.928755583294137,3.8054375018155735,340,16488,1,340
341,6.753223705141991,4.6149547590016375,341,16488,1,341
342,-8.757758687639953,-1.262567898547598,342,16488,1,342
343,2.8823451209185524,9.374498363551051,343,16488,1,343
344,-1.2192890842591453,6.167676544310638,344,16488,1,344
345,-2.5685994422047376,-0.3975803342537993,345,16488,1,345
346,7.252787837886096,4.904580160645601,346,16488,1,346
347,-6.990607174365479,-4.967060971169063,347,16488,1,347
348,-1.1087719547941255,-1.8393317660827984,348,16488,1,348
349,3.399847413934168,-4.7665263942208576,349,16488,1,349
350,-2.3080807106379497,5.893075395254321,350,16488,1,350
351,-4.087294370822785,-9.13030673719664,351,16488,1,351
352,1.4076135159950915,-9.165323285508036,352,16488,1,352
353,-0.7835079081304723,6.936437331205987,353,16488,1,353
354,-0.229466737956228,0.9690939982628084,354,16488,1,354
355,-8.619655185102427,-6.232765038010357,355,16488,1,355
356,9.211734478264365,9.529138822212651,356,16488,1,356
357,-6.723809596461166,-1.591091478594901,357,16488,1,357
358,-3.047963527593904,6.770461407941259,358,16488,1,358
359,-8.93428423389544,8.421995564149466,359,16488,1,359
360,6.3725398427399575,-1.1993717186870256,360,16488,1,360
361,-5.471163360139039,2.949132077940685,361,16488,1,361
362,-8.043474100436113,-5.3588630900574135,362,16488,1,362
363,3.0533908193916304,1.7628196616733316,363,16488,1,363
364,-7.935482378705698,6.859598053666012,364,16488,1,364
365,-8.507899617525304,8.84584227779812,365,16488,1,365
366,-1.9024012897141065,4.240177880289993,366,16488,1,366
367,2.4731919820355444,8.554968084822839,367,16488,1,367
368,-2.0085815275667063,1.622706563722469,368,16488,1,368
369,9.790935573686305,3.201614878834354,369,16488,1,369
370,-8.185740903808592,0.2990486426387413,370,16488,1,370
371,-1.2536319448480384,1.8210014332040387,371,16488,1,371
372,4.624377085522767,-0.8213522054586502,372,16488,1,372
373,-8.051268152039924,-5.775145205204073,373,16488,1,373
374,9.982466476008696,-8.754801660539794,374,16488,1,374
375,-1.71401344661337,3.761722301561738,375,16488,1,375
376,7.007492405575725,7.297432726655227,376,16488,1,376
377,4.650642249586745,-3.722975444338039,377,16488,1,377
378,-1.167153129895777,-4.774246707175016,378,16488,1,378
379,-1.1807384567429224,-0.7153405743486587,379,16488,1,379
380,6.636328739172626,-0.683454010377929,380,16488,1,380
381,3.507132946998308,-3.501277009418784,381,16488,1,381
382,9.094886234544033,6.860379282575845,382,16488,1,382
383,9.862387452511124,4.310720274900227,383,16488,1,383
384,0.833464608629896,7.293993621876524,384,16488,1,384
385,4.821730557391115,-8.141796054171891,385,16488,1,385
386,-2.622461361560875,6.310237417021881,386,16488,1,386
387,3.7039005446361823,0.0233927590901856,387,16488,1,387
388,-4.857718737467813,4.416363367204523,388,16488,1,388
389,7.493768663494752,8.359441035752837,389,16488,1,389
390,2.174873385880975,0.5425030101013704,390,16488,1,390
391,-5.688693599309262,5.772447403274201,391,16488,1,391
392,3.1119673463473774,1.821298497409124,392,16488,1,392
393,9.31538156279355,4.619849583491995,393,16488,1,393
394,4.814615714885576,-8.50294604857794,394,16488,1,394
395,-7.583911185705057,-0.2664491543003393,395,16488,1,395
396,-8.449137257905656,1.401796951192896,396,16488,1,396
397,5.553100604302447,-9.258075283597012,397,16488,1,397
398,9.290126565444933,3.5328942738750904,398,16488,1,398
399,2.9784054999539915,6.88595509449657,399,16488,1,399
400,7.949046019804019,0.95933306251961,400,16488,1,400
401,-8.054024313083342,-9.246179463448131,401,16488,1,401
402,9.394252307385742,2.715694257399422,402,16488,1,402
403,-1.3679543692378289,3.781384044223593,403,16488,1,403
404,6.003175788107036,-0.442933116533176,404,16488,1,404
405,-3.5178291645218174,6.707921318308038,405,16488,1,405
406,7.56670143087533,-5.795952431558642,406,16488,1,406
407,-0.8899758713215729,-9.4773082175682,407,16488,1,407
408,2.649137144529508,8.702249545610265,408,16488,1,408
409,8.025521710804714,0.654216141026291,409,16488,1,409
410,-3.671295180037326,7.815360998347902,410,16488,1,410
411,-8.583226210179355,-3.165257827404222,411,16488,1,411
412,7.788300458065521,-4.015433728890447,412,16488,1,412
413,0.7680561937606445,0.4151454814733704,413,16488,1,413
414,-7.285311423285929,8.956843761612639,414,16488,1,414
415,4.879173624294404,-9.2542910209635,415,16488,1,415
416,-5.310147775921119,-6.417515569942727,416,16488,1,416
417,3.629479600234181,1.9298371084543149,417,16488,1,417
418,0.5193022115182977,6.962662609818178,418,16488,1,418
419,6.380532551543322,-1.2684782236527408,419,16488,1,419
420,-8.446463046077632,-9.643279191988034,420,16488,1,420
421,-2.8862448523611395,1.069546437718035,421,16488,1,421
422,9.201143229031889,2.303063996770117,422,16488,1,422
423,9.068380766868902,-5.288688126543837,423,16488,1,423
424,-3.882897306862379,8.144251857672199,424,16488,1,424
425,6.531334020518337,-4.617149543293384,425,16488,1,425
426,-7.304766064631922,-5.662111341272647,426,16488,1,426
427,6.4274281698009865,3.6478334707858,427,16488,1,427
428,-6.350436019949006,-9.87479198129984,428,16488,1,428
429,6.040304014274632,-7.886067816387554,429,16488,1,429
430,5.247275420847657,9.568175174212431,430,16488,1,430
431,0.5187813243194022,1.5411277303958926,431,16488,1,431
432,3.272046108495436,3.5533051419763595,432,16488,1,432
433,3.887206037750431,-0.2822372873935901,433,16488,1,433
434,-8.60200960520566,-8.067502266811085,434,16488,1,434
435,-9.887011283346798,0.2247745847246012,435,16488,1,435
436,-5.916833591375803,4.284062509026196,436,16488,1,436
437,5.429458151928813,-7.6216795680695455,437,16488,1,437
438,-5.6491352370150905,0.5936288823788427,438,16488,1,438
439,-6.385180828867078,0.5098784958410736,439,16488,1,439
440,-8.06881705282841,-9.507548319432347,440,16488,1,440
441,-3.817606753748864,-3.255253739433208,441,16488,1,441
442,9.38411432667931,-5.833693108287799,442,16488,1,442
443,-9.585697627822857,8.295428585695962,443,16488,1,443
444,3.875451516739128,-3.723516136603431,444,16488,1,444
445,5.412367035002498,4.122382479006364,445,16488,1,445
446,4.101852182362208,1.1545132480842497,446,16488,1,446
447,-1.374996890021766,3.8891903216968906,447,16488,1,447
448,-9.442118689354214,-8.944337315273923,448,16488,1,448
449,2.299235986790197,7.9772732775831585,449,16488,1,449
450,6.741422488439998,4.06653728230272,450,16488,1,450
451,-1.959995766210964,-7.083922092870187,451,16488,1,451
452,5.658124460870571,-2.821008528615112,452,16488,1,452
453,-9.850308790076298,-3.0209700892801905,453,16488,1,453
454,0.4207050728331687,1.460610402590918,454,16488,1,454
455,-0.108830972666043,-6.196588584208989,455,16488,0,455
456,-8.060741301251754,0.0943176508001837,456,16488,1,456
457,-5.170646711980318,4.329290752569241,457,16488,1,457
458,8.640851388203114,7.338027926137247,458,16488,1,458
459,-1.1585279070412362,5.750253755610794,459,16488,1,459
460,5.596254676226224,0.2527938487087429,460,16488,1,460
461,-3.785490453130331,3.5376825427183967,461,16488,1,461
462,-8.918835120295874,7.471125197142776,462,16488,1,462
463,6.765494808636767,3.4422793738217834,463,16488,1,463
464,9.6112384911381,4.438982629994346,464,16488,1,464
465,7.203995061642488,-3.4507652871222128,465,16488,1,465
466,9.471232203039849,-4.545230133664317,466,16488,1,466
467,2.0193030267423038,-1.265679774962221,467,16488,1,467
468,3.9225344513784144,9.605286408353416,468,16488,1,468
469,-4.461712718905919,-2.5672504366162947,469,16488,1,469
470,4.1869072129982285,1.0200267002760768,470,16488,1,470
471,-4.7365202317314825,-6.375776860774609,471,16488,1,471
472,-4.792254376590495,5.123804997611593,472,16488,1,472
473,7.845342559172082,6.047686320567454,473,16488,1,473
474,3.2628116485079204,-4.892602816970215,474,16488,1,474
475,-7.045817475436474,8.455168947213153,475,16488,1,475
476,-1.7931675488221863,-6.132660405153132,476,16488,1,476
477,8.161917073553486,-3.78114633996324,477,16488,1,477
478,4.487130623493577,2.982341224479356,478,16488,1,478
479,-4.41185484176621,7.828676062703323,479,16488,1,479
480,-9.864701317792337,-3.1386465271274915,480,16488,1,480
481,-5.345337957835248,-5.668535528963885,481,16488,1,481
482,-4.00823718531824,-1.569335739431736,482,16488,1,482
483,2.083346630330423,-6.542774249535821,483,16488,1,483
484,3.749706365352868,-1.5006996313482528,484,16488,1,484
485,-0.9264208730806408,6.05272804568553,485,16488,1,485
486,7.11799949868341,-2.627721041752502,486,16488,1,486
487,-4.121791822864274,-7.752366422568397,487,16488,1,487
488,2.772944734993013,-3.9990671185917455,488,16488,1,488
489,-3.278737774922691,-7.178384161983511,489,16488,1,489
490,-8.571248061146129,2.090166797893719,490,16488,1,490
491,1.3731492395943228,-8.5958218170701,491,16488,1,491
492,2.184692179395748,5.213535488345055,492,16488,1,492
493,6.950679902510487,0.2462824652570781,493,16488,1,493
494,1.2776778406519291,7.793565447111934,494,16488,1,494
495,7.330707740691437,7.464337506514667,495,16488,1,495
496,6.530586500403508,4.126046696339591,496,16488,1,496
497,-0.0969140303404518,-0.6234157476295277,497,16488,0,497
498,-5.9654819679779125,-5.198233653295219,498,16488,1,498
499,2.210138905363223,-1.9447774338564356,499,16488,1,499
500,9.904449077420136,-1.7353383989824265,500,16488,1,500
501,-7.332595254502299,-1.5193330113042336,501,16488,1,501
502,8.859189780337847,4.575126378415391,502,16488,1,502
503,-8.510761921735561,-4.992094020230537,503,16488,1,503
504,-3.9370960658001657,6.372066217315751,504,16488,1,504
505,-3.7773726547143305,-0.6558454605034427,505,16488,1,505
506,7.036299361406151,5.92684749074559,506,16488,1,506
507,8.486042817243458,-3.883751449963624,507,16488,1,507
508,-4.92277026545453,-7.381448434956841,508,16488,1,508
509,0.4635357589444133,-9.29471138102361,509,16488,1,509
510,9.412875427208633,6.5757760815074455,510,16488,1,510
511,5.896111789825786,2.0400626533558235,511,16488,1,511
512,-1.43031434357831,4.85897437964522,512,16488,1,512
513,5.322221017738178,-9.916235994369432,513,16488,1,513
514,0.3783385444943121,-6.07352852554264,514,16488,1,514
515,9.755408396529743,8.700586205891362,515,16488,1,515
516,-9.653466327521304,0.910137396376726,516,16488,1,516
517,-3.301656194073188,-9.260956473495114,517,16488,1,517
518,-6.358194735296776,-9.533271417892166,518,16488,1,518
519,5.799968247816432,7.423525052458643,519,16488,1,519
520,-9.89250711445415,-2.995949679489076,520,16488,1,520
521,-4.928842980304509,-1.4827389153172543,521,16488,1,521
522,-3.6823250612844287,1.400962461222102,522,16488,1,522
523,-2.058473872020397,0.9658951178852532,523,16488,1,523
524,-5.90052520327114,-0.0013681347538749,524,16488,1,524
525,-8.578325224969085,0.1601904868352637,525,16488,1,525
526,-1.607840824118373,-1.3959935821524248,526,16488,1,526
527,-9.804623679721526,-2.4944004432861755,527,16488,1,527
528,-4.4085950869800605,6.202599952082302,528,16488,1,528
529,-9.308214427533958,0.8626085683200095,529,16488,1,529
530,6.627368423770548,-2.216647316860736,530,16488,1,530
531,0.6018669601003594,0.3282799727772172,531,16488,1,531
532,-0.7321200038111968,-8.483531981005425,532,16488,1,532
533,-2.515342858829797,0.9508904333529262,533,16488,1,533
534,-1.606709492834879,8.809251603561801,534,16488,1,534
535,-4.416769710466535,6.161721119898321,535,16488,1,535
536,-7.501635646675455,8.929928362080876,536,16488,1,536
537,4.909019595227003,4.706348136196578,537,16488,1,537
538,5.398305814556888,-9.899402283326618,538,16488,1,538
539,7.10214866343938,2.9389935786895105,539,16488,1,539
540,-0.5566371167578783,-4.002964048365167,540,16488,1,540
541,-7.457474544063563,2.2589827348562146,541,16488,1,541
542,4.629251473728592,-4.534047923919903,542,16488,1,542
543,8.575621257263187,-5.406376394040304,543,16488,1,543
544,-4.561111759732484,6.761554330955555,544,16488,1,544
545,4.727950368069347,1.9080650110136297,545,16488,1,545
546,-9.09173616821027,6.210519232311633,546,16488,1,546
547,-4.9746114009068965,-6.189422561976043,547,16488,1,547
548,4.759422549790241,-2.8725603640409547,548,16488,1,548
549,2.9486532902825395,6.57843951100363,549,16488,1,549
550,-4.9292890547515045,-2.7543259845508983,550,16488,1,550
551,-1.030844743922685,6.680033750021405,551,16488,1,551
552,-6.208394335479966,-2.7183106465279323,552,16488,1,552
553,8.861794591282678,-7.569689906089991,553,16488,1,553
554,-8.262862583731083,5.557260931794939,554,16488,1,554
555,1.6760353255770395,-7.326909940558457,555,16488,1,555
556,-9.233185021443129,-8.385494073235808,556,16488,1,556
557,1.0565918443642437,-1.389348106905647,557,16488,1,557
558,-4.028531640746131,-6.638287786806929,558,16488,1,558
559,9.480058456990786,1.3701044515772836,559,16488,1,559
560,-3.030608811531565,9.404127717950036,560,16488,1,560
561,-5.318688346649447,-1.883952079939192,561,16488,1,561
562,-8.7085522534071,4.7811405797795725,562,16488,1,562
563,-9.223406063643896,1.2136823861656223,563,16488,1,563
564,2.66656861521599,-2.425294890902996,564,16488,1,564
565,-1.1281146303409957,-3.976713195866375,565,16488,1,565
566,-5.46001700601467,9.922411552825768,566,16488,1,566
567,-9.26914640668608,5.2957585812095775,567,16488,1,567
568,8.00301037884627,3.07382554299849,568,16488,1,568
569,-0.6063015743772109,-1.4180743388477275,569,16488,1,569
570,-8.538590671022352,1.66264364156617,570,16488,1,570
571,-0.6361856050015451,-0.1899756733870727,571,16488,1,571
572,-4.13543710645051,-7.661668552176282,572,16488,1,572
573,2.4218344002710346,-6.098831566406702,573,16488,1,573
574,7.040761056806566,7.727786718944657,574,16488,1,574
575,5.282114565429444,-8.995507191892338,575,16488,1,575
576,1.225682148788101,8.530276911460096,576,16488,1,576
577,9.332245265644794,-5.124699269219954,577,16488,1,577
578,-5.736089956434512,-1.1620425312815374,578,16488,1,578
579,-4.968515008227559,-1.678770303332236,579,16488,1,579
580,7.289334786448226,-2.850961314452631,580,16488,1,580
581,8.471760264788998,-7.820104832324453,581,16488,1,581
582,-4.51050755377175,-9.10735148189579,582,16488,1,582
583,3.868793227675532,-6.9882530721877085,583,16488,1,583
584,5.637512448257178,-6.212266558860127,584,16488,1,584
585,0.8683518432920412,-7.215976772917148,585,16488,1,585
586,8.224282711017551,1.3350419279879606,586,16488,1,586
587,0.8784154932144599,-9.49625871722128,587,16488,1,587
588,-0.8304453872763133,7.73562478773594,588,16488,1,588
589,-9.190930614139308,9.312265041852536,589,16488,1,589
590,3.0153863678357613,2.245464535946507,590,16488,1,590
591,-2.231569746393629,4.162419220526774,591,16488,1,591
592,-7.744649359076035,6.268182257342069,592,16488,1,592
593,-9.434705100724898,2.734328287565752,593,16488,1,593
594,-8.627438263474245,-0.1205377735363928,594,16488,1,594
595,8.278860337141161,1.076367833614542,595,16488,1,595
596,-9.702701863114102,-4.461098493734223,596,16488,1,596
597,7.935640847044041,-5.11461028090431,597,16488,1,597
598,-5.726087640249522,-9.09983862890165,598,16488,1,598
599,6.713157843802296,4.422195325893449,599,16488,1,599
600,2.995928925804021,0.8805653738637922,600,16488,1,600
601,-8.725725893946638,5.210920092773051,601,16488,1,601
602,-3.7217517490585017,6.771881298465299,602,16488,1,602
603,9.193964950496357,1.2105779059567627,603,16488,1,603
604,-0.2840693553060838,9.83065832773239,604,16488,1,604
605,0.833879935159576,-5.109250746546953,605,16488,1,605
606,-1.1723104673462537,-7.271816411444987,606,16488,1,606
607,-6.463167243939831,-9.574698680096956,607,16488,1,607
608,-6.5321342887555245,-4.719630094656548,608,16488,1,608
609,-5.159648791770735,-4.546997509034263,609,16488,1,609
610,-8.892213222201477,4.905212960722064,610,16488,1,610
611,-1.0789995218825954,5.350090365096168,611,16488,1,611
612,-3.4802844456169213,4.699788948131509,612,16488,1,612
613,-6.020906217006987,-5.338199574834359,613,16488,1,613
614,-0.7402008374644105,8.45287160826134,614,16488,1,614
615,-3.3939893268893755,8.887855504000807,615,16488,1,615
616,5.784888383472479,-1.296766442087165,616,16488,1,616
617,-6.446582421273021,-9.983137620453212,617,16488,1,617
618,6.366293168599931,4.205167561063384,618,16488,1,618
619,9.511970323485794,1.60333023283356,619,16488,1,619
620,-6.909797305782419,8.786096051983524,620,16488,1,620
621,1.8624558018303572,-6.5347797695778365,621,16488,1,621
622,-2.823549129306504,9.240804620463926,622,16488,1,622
623,1.273023084072717,-0.2856558284552619,623,16488,1,623
624,5.819564650174534,6.369377906176382,624,16488,1,624
0,-7.111071509909519,6.984151073529194,625,16486,1,0
1,-6.691927199752046,-2.8362384677871777,626,16486,1,1
2,-1.019519097601167,9.31777196328953,627,16486,1,2
3,5.2019774870653706,8.608183358143538,628,16486,1,3
4,5.047386231180743,-6.321863741173351,629,16486,1,4
5,-8.845886732006011,6.508368681884647,630,16486,1,5
6,-7.121969974128685,-5.166272667908379,631,16486,1,6
7,-7.16354062485637,-6.464960586775739,632,16486,1,7
8,5.262489414526785,9.34032622439484,633,16486,1,8
9,5.182338863934062,-9.597456544076612,634,16486,1,9
10,7.714649293708181,-1.1464052732859091,635,16486,1,10
11,-2.3779558201660755,6.126562816124284,636,16486,1,11
12,-5.294579005341713,-2.916623288007328,637,16486,1,12
13,-7.178673421680952,0.0880729262986683,638,16486,1,13
14,7.367195415184842,-0.6437098407473822,639,16486,1,14
15,-8.29930472043438,4.638502444871991,640,16486,1,15
16,4.720689410833474,5.047926513693133,641,16486,1,16
17,-0.4307935901731756,5.253417875990527,642,16486,1,17
18,3.369497370561838,-2.778832447521322,643,16486,1,18
19,8.599841441936501,-3.851309397257081,644,16486,1,19
20,-0.7103790048968968,-2.163716258433248,645,16486,1,20
21,-7.506045954098344,-5.962634159794251,646,16486,1,21
22,8.801281055979896,-7.7625097308611934,647,16486,1,22
23,7.211056926013263,4.344826717491507,648,16486,1,23
24,-5.172841351038258,2.722101152693705,649,16486,1,24
25,3.773367057300643,-3.875608026706927,650,16486,1,25
26,-1.9325135112765128,-3.0362051871766,651,16486,1,26
27,-1.8721351408021287,-6.821060412874593,652,16486,1,27
28,0.0777945673031865,-4.010117058414648,653,16486,0,28
29,6.036818020250582,4.31599877302002,654,16486,1,29
30,3.3621001034034865,-6.984542630285406,655,16486,1,30
31,2.008770880594895,0.3183229641749214,656,16486,1,31
32,1.0566720594499923,3.716151443687908,657,16486,1,32
33,-4.960910949428065,5.368801257511695,658,16486,1,33
34,6.887944159119094,-5.601075732895469,659,16486,1,34
35,-8.570067440887549,-8.68765598818177,660,16486,1,35
36,5.859091891293655,6.848707296588636,661,16486,1,36
37,7.512120281177417,-5.148991131723568,662,16486,1,37
38,5.240373554781844,0.2040724691777349,663,16486,1,38
39,1.980124447421776,3.8603841178729255,664,16486,1,39
40,9.064761927033535,5.07514278334294,665,16486,1,40
41,-7.883579524072748,7.105051720531716,666,16486,1,41
42,-9.942991131212809,-6.151822564812994,667,16486,1,42
43,5.539956146488665,-3.807591143099347,668,16486,1,43
44,9.60173966169291,-2.3269406152970245,669,16486,1,44
45,1.5616464747866026,-5.601562959539423,670,16486,1,45
46,-6.824370908951787,6.837266993615327,671,16486,1,46
47,8.271673701284161,-1.823405308602652,672,16486,1,47
48,-7.397834114316046,7.301592253007737,673,16486,1,48
49,-2.485004877038934,-1.9092138245208223,674,16486,1,49
50,-4.526897922801718,3.0238821760903445,675,16486,1,50
51,4.2748174850034495,-1.93925994506526,676,16486,1,51
52,6.637076447902974,6.541492214401842,677,16486,1,52
53,1.1136886788806084,9.479259447907737,678,16486,1,53
54,-0.4744919875511684,-2.777312361559443,679,16486,1,54
55,2.2334604001509675,-6.37974833028127,680,16486,1,55
56,-8.382491497676003,0.7817391984052886,681,16486,1,56
57,-6.579214866971417,5.799243384419929,682,16486,1,57
58,-7.839764934863791,-2.591630786923876,683,16486,1,58
59,-7.001607445197459,-9.35473749618663,684,16486,1,59
60,-4.2531958939643495,6.8217555219092,685,16486,1,60
61,-5.726581679029139,-8.752532421653296,686,16486,1,61
62,-2.590552795790904,5.843248360886651,687,16486,1,62
63,-3.5652759702860592,5.110570881449894,688,16486,1,63
64,5.942730329697989,4.791285261832293,689,16486,1,64
65,4.084058414658646,6.401542276889479,690,16486,1,65
66,-7.625116246421242,-2.625002403469667,691,16486,1,66
67,6.347278611314756,-2.4015085093861988,692,16486,1,67
68,5.273930731198547,-1.9405560076686277,693,16486,1,68
69,-0.8255785186696212,-7.434609707200705,694,16486,1,69
70,4.028969909064962,-9.652181399036577,695,16486,1,70
71,7.329871199225849,-3.695476930039776,696,16486,1,71
72,8.434272450204162,6.334699571487079,697,16486,1,72
73,-4.585845280549091,2.517407975257948,698,16486,1,73
74,1.6287909003002363,-3.807482262916509,699,16486,1,74
75,-0.3489358388548584,-9.413316213161442,700,16486,1,75
76,-0.9201115082137096,-6.648980045850181,701,16486,1,76
77,-5.222335894142653,-5.55078297993435,702,16486,1,77
78,-6.106802703400296,-1.483829641811628,703,16486,1,78
79,6.4233197631268695,-2.719970157462201,704,16486,1,79
80,3.712253319761565,-8.35895837654055,705,16486,1,80
81,-8.136592918589455,9.581530148324408,706,16486,1,81
82,0.788327051301172,0.3513259554028369,707,16486,1,82
83,-4.015465295844436,3.714035277764333,708,16486,1,83
84,0.0793831346034164,6.629609904696544,709,16486,0,84
85,-5.021296365474328,3.979367782166507,710,16486,1,85
86,-9.020524127180549,7.900606736278423,711,16486,1,86
87,0.5824528284492203,-0.4486843692217803,712,16486,1,87
88,1.2746898729413907,-9.537327921084076,713,16486,1,88
89,8.989315567045871,5.006820327398522,714,16486,1,89
90,7.06508969196469,-7.913291151186197,715,16486,1,90
91,-4.13523501021559,0.6254332859623464,716,16486,1,91
92,0.0235579265994623,7.721315056979428,717,16486,0,92
93,-0.5194455762465804,0.9967027006415244,718,16486,1,93
94,7.686707537287155,5.495481771649418,719,16486,1,94
95,2.460121940851881,-0.7399662832901317,720,16486,1,95
96,-4.981011053860116,-9.078134812583,721,16486,1,96
97,8.98639602313375,6.794495337232952,722,16486,1,97
98,9.711013117681876,9.20315699773155,723,16486,1,98
99,-6.762957773112936,2.172152376184167,724,16486,1,99
100,8.648196616762093,-5.822833863932839,725,16486,1,100
101,6.431737721289231,0.820881495797714,726,16486,1,101
102,0.6602362081138207,1.445855625080256,727,16486,1,102
103,0.2834020367396839,0.0165167414502587,728,16486,1,103
104,0.4513394368894925,5.650358468233474,729,16486,1,104
105,-2.276004762926222,-7.531148609451563,730,16486,1,105
106,-1.9839311563929505,-4.728580785352259,731,16486,1,106
107,-5.987189443827587,-9.542439654654917,732,16486,1,107
108,-0.6123358877669176,5.031836588565053,733,16486,1,108
109,-1.9454500493857625,-9.626775906945364,734,16486,1,109
110,-5.176309600142909,-1.194971727809012,735,16486,1,110
111,-9.096735152820354,-7.715128571886134,736,16486,1,111
112,9.158782088908795,2.9511134691823067,737,16486,1,112
113,7.1299555113593485,-3.613261977511901,738,16486,1,113
114,-5.5035293431097365,2.19178123329694,739,16486,1,114
115,0.2568473821302479,-6.913690923761351,740,16486,1,115
116,-2.586547681253002,-7.250570376527142,741,16486,1,116
117,1.2837346069832645,0.6294629322912364,742,16486,1,117
118,5.803922835328585,-8.375753105114379,743,16486,1,118
119,-5.058666865970638,1.658375438029026,744,16486,1,119
120,1.5920270567297052,1.1577514914120286,745,16486,1,120
121,6.538474973559165,2.1815854956641,746,16486,1,121
122,1.6025917782971728,2.7924495919985723,747,16486,1,122
123,2.2502800585627707,2.179114523608096,748,16486,1,123
124,7.560280018546276,-5.930498759189369,749,16486,1,124
125,3.002703650773652,-0.2625612446368919,750,16486,1,125
126,-4.872433867639003,2.991967554313044,751,16486,1,126
127,-6.000546672003693,-1.2074134062362525,752,16486,1,127
128,-7.316771848563803,-9.37122771972416,753,16486,1,128
129,5.673290936753993,4.784343055125479,754,16486,1,129
130,-0.1583573513204683,1.9890602898413297,755,16486,0,130
131,-8.794236400831663,-6.74329095774665,756,16486,1,131
132,2.7294514206026026,2.283002679349336,757,16486,1,132
133,-3.402519146739456,-1.756481816386291,758,16486,1,133
134,0.0495808824338368,-4.06094834732444,759,16486,0,134
135,1.0708962512928295,7.63801170575293,760,16486,1,135
136,-4.134090459937958,2.837756202896633,761,16486,1,136
137,-5.61894491670397,2.842989627687418,762,16486,1,137
138,6.5711088919874605,-8.554878619577355,763,16486,1,138
139,1.8602290067284384,4.620116785944862,764,16486,1,139
140,5.985405476650932,3.790479319052928,765,16486,1,140
141,7.445918979749319,8.740049731978068,766,16486,1,141
142,-2.8667907204652714,-2.5950296302288383,767,16486,1,142
143,7.124299442791095,-2.442349070991609,768,16486,1,143
144,7.145975957239109,6.941008605109246,769,16486,1,144
145,-3.923786505531133,-5.253338179980878,770,16486,1,145
146,-8.82535564040751,3.5861824333169032,771,16486,1,146
147,-4.074025975649276,-5.5592149223373895,772,16486,1,147
148,-3.792339839589836,4.162048971355453,773,16486,1,148
149,-2.142260920971788,5.998535312266981,774,16486,1,149
150,8.760631997495882,5.343678243603435,775,16486,1,150
151,-5.5504498706672445,-9.904127847219556,776,16486,1,151
152,-5.697634352712992,7.297636518788707,777,16486,1,152
153,-0.1402666926435518,-7.795303168477821,778,16486,0,153
154,3.37307091232184,-0.1660849681860003,779,16486,1,154
155,8.175770112544036,5.595480909455915,780,16486,1,155
156,4.910180292044188,-7.343151176175278,781,16486,1,156
157,-6.278164746435735,2.7619345658047862,782,16486,1,157
158,-9.344670859064848,5.712583718595496,783,16486,1,158
159,-1.5416175299410444,-7.241391822401373,784,16486,1,159
160,-2.5157120190518256,-1.9059626860831909,785,16486,1,160
161,-3.592186354604583,0.4236920784638958,786,16486,1,161
162,-6.537235421262915,-8.535128289532386,787,16486,1,162
163,-4.4789249273727005,-3.969827047593285,788,16486,1,163
164,7.581919063285799,-4.01528718721506,789,16486,1,164
165,3.037334548442544,6.177448614526991,790,16486,1,165
166,-6.00155292341539,2.062295978732731,791,16486,1,166
167,1.3697032584695457,9.75641188754446,792,16486,1,167
168,-6.676086697154116,-5.660399938989372,793,16486,1,168
169,4.382575814024722,7.904823396477482,794,16486,1,169
170,1.8172098735439484,7.501060552126852,795,16486,1,170
171,-0.7065881165385619,7.72857802640911,796,16486,1,171
172,0.7112972229197467,-1.518191795895305,797,16486,1,172
173,5.223512268854044,5.673038040684252,798,16486,1,173
174,-0.9309090835704374,4.450649279506882,799,16486,1,174
175,8.976162085315671,-5.755479588210505,800,16486,1,175
176,7.097223948958021,-9.573246032331175,801,16486,1,176
177,8.879979668797084,7.117862970720086,802,16486,1,177
178,4.576308264859563,2.9680184219380656,803,16486,1,178
179,-8.519482446883512,0.1832212816875529,804,16486,1,179
180,4.3686890070415,9.305747047784912,805,16486,1,180
181,7.954397991764178,0.8447728534459849,806,16486,1,181
182,-0.9128328422311504,2.517013292112312,807,16486,1,182
183,-3.958738746486508,4.115996749076532,808,16486,1,183
184,-3.628099021267152,9.796812129345373,809,16486,1,184
185,3.2137031098278754,2.3111701896860737,810,16486,1,185
186,-5.587667623543178,4.890216841071149,811,16486,1,186
187,5.485347339127989,-3.064093714829814,812,16486,1,187
188,-1.9080137128742043,-7.10664726796852,813,16486,1,188
189,-9.819410456692296,-2.783494805097318,814,16486,1,189
190,-7.084393689762633,-6.43017384634531,815,16486,1,190
191,1.6404459114334102,-2.315286743212111,816,16486,1,191
192,8.870326967997425,0.0764436141031676,817,16486,1,192
193,-2.1976195963551053,8.95538164078009,818,16486,1,193
194,6.023051918749534,1.6735085395153355,819,16486,1,194
195,-8.180960543055447,4.653039748465735,820,16486,1,195
196,6.206770666078029,-3.1218059663065496,821,16486,1,196
197,-1.1195935556803622,2.7034018948282856,822,16486,1,197
198,7.396908960121543,-1.076509018660092,823,16486,1,198
199,-7.795011359618327,5.054207245568772,824,16486,1,199
200,9.33136197781274,-5.860769452863915,825,16486,1,200
201,4.57298257186881,-3.5408344707690205,826,16486,1,201
202,-5.354913530568524,8.595554941421359,827,16486,1,202
203,-9.361100041232946,-7.084640793594126,828,16486,1,203
204,-6.245375121740979,3.913806318410156,829,16486,1,204
205,-2.2203062211213087,2.603930607537407,830,16486,1,205
206,-6.793070475965304,5.514161077619804,831,16486,1,206
207,3.5367009236126776,5.685590393998117,832,16486,1,207
208,8.544993396579361,8.823734344673984,833,16486,1,208
209,-4.143035789844243,2.4663726736052816,834,16486,1,209
210,-6.090645309271084,8.31850699759024,835,16486,1,210
211,4.418657012728108,-9.717425529488631,836,16486,1,211
212,-0.6749991472736294,6.170018512471245,837,16486,1,212
213,1.6520873090091095,4.590225117125069,838,16486,1,213
214,-1.93950885446365,5.609791266165512,839,16486,1,214
215,-0.5166707760277855,-4.151766038141407,840,16486,1,215
216,-4.77281924477764,-5.350241610351518,841,16486,1,216
217,3.055160532425633,-0.895458496527155,842,16486,1,217
218,-1.9334084608635784,3.639733455926814,843,16486,1,218
219,-5.799388578823699,-3.202991713691146,844,16486,1,219
220,-9.19700533883756,7.093865728902713,845,16486,1,220
221,-1.856899123792001,2.452320748205468,846,16486,1,221
222,2.1758874662182865,-0.971793754099231,847,16486,1,222
223,-2.1374828044472576,-1.8419779178975144,848,16486,1,223
224,-1.7801915649296711,0.0964287325947843,849,16486,1,224
225,1.7985017296544503,5.565598506261454,850,16486,1,225
226,2.7362398161440904,-0.7447559903452898,851,16486,1,226
227,7.86561236257706,5.366390195901175,852,16486,1,227
228,1.011586292402395,8.30135461897352,853,16486,1,228
229,-3.239361457708738,8.756696210198488,854,16486,1,229
230,7.035244510939819,-5.373023121797964,855,16486,1,230
231,-5.006990145353325,-5.047871023800628,856,16486,1,231
232,-8.947515806118485,-4.303632035691392,857,16486,1,232
233,7.705277448654655,-9.94857683447374,858,16486,1,233
234,-2.3640080447153844,-6.15673757815816,859,16486,1,234
235,9.75376679584918,-4.211704514785433,860,16486,1,235
236,1.1000488447707806,1.7419997994968064,861,16486,1,236
237,-5.459476943309238,0.7748859579210166,862,16486,1,237
238,1.4504961451890337,-3.42642942976378,863,16486,1,238
239,4.081899179655446,-8.773488639877007,864,16486,1,239
240,-9.404165939417446,-6.597619584722936,865,16486,1,240
241,-5.981968309993211,-4.616741517796001,866,16486,1,241
242,1.3594283877091513,-1.2318037438101967,867,16486,1,242
243,-5.078035838551265,3.958183645534387,868,16486,1,243
244,5.81563455864204,-4.99634101409745,869,16486,1,244
245,8.369819911943758,4.641852821761489,870,16486,1,245
246,1.0146196929902516,-6.113956426248317,871,16486,1,246
247,2.6726255958148077,-2.50880967936183,872,16486,1,247
248,-1.0644184580327387,4.151302268995359,873,16486,1,248
249,2.9339910330988754,-3.83340041049042,874,16486,1,249
250,-9.460588072364695,9.90843212799685,875,16486,1,250
251,3.954936924132678,-8.303557537061357,876,16486,1,251
252,-4.561076376267752,5.334199418296684,877,16486,1,252
253,-5.800764499412743,-9.056125940972295,878,16486,1,253
254,3.918815013455241,2.1131061196329317,879,16486,1,254
255,-8.10635696780222,0.7080095385916216,880,16486,1,255
256,9.195876999348592,-4.628210334153737,881,16486,1,256
257,7.193581813124904,-7.782893001267537,882,16486,1,257
258,5.944672874325271,5.0157026870279005,883,16486,1,258
259,1.3612633116676631,8.659090507919856,884,16486,1,259
260,9.607542217004353,8.16563127512606,885,16486,1,260
261,0.8939686790499515,-6.962966883491228,886,16486,1,261
262,-5.997802462385735,-8.55611610429727,887,16486,1,262
263,-8.829350173624032,0.5475750312078702,888,16486,1,263
264,-3.943297216481378,-1.8807658400933391,889,16486,1,264
265,5.111246210654644,-0.8299141344403616,890,16486,1,265
266,8.204026236353432,-3.4333705749456094,891,16486,1,266
267,4.690568244761408,-7.573961366852946,892,16486,1,267
268,-3.1255632227740904,6.9146220977828605,893,16486,1,268
269,-2.204907596779078,4.173937092670199,894,16486,1,269
270,8.4729829212278,-3.4151676616577014,895,16486,1,270
271,2.036676787551608,1.8155017718547448,896,16486,1,271
272,-0.373701140580911,9.401214135957566,897,16486,1,272
273,9.833092993387162,1.6062239437480643,898,16486,1,273
274,4.654836586691243,3.5671807975712646,899,16486,1,274
275,1.39325046303769,6.001093718782101,900,16486,1,275
276,-4.530452737240706,-0.6742637148341313,901,16486,1,276
277,0.0011530151831973,3.3268421588371417,902,16486,0,277
278,-7.737690985589289,-1.0696926827706843,903,16486,1,278
279,4.173876461625914,-5.522574245112432,904,16486,1,279
280,-3.939019416995249,7.241102419632142,905,16486,1,280
281,-8.498846337397637,-1.8291915159071357,906,16486,1,281
282,3.291281547037378,-0.3564514601153394,907,16486,1,282
283,4.027054577384387,3.229440414176686,908,16486,1,283
284,2.1697113785072,7.74426772815389,909,16486,1,284
285,-8.999904304053253,-4.986419407040719,910,16486,1,285
286,9.652758597112877,-8.666742481743416,911,16486,1,286
287,-2.154760450515396,3.416370091406801,912,16486,1,287
288,6.811711089386282,6.760328068348787,913,16486,1,288
289,-3.751786610747104,-1.680589676403656,914,16486,1,289
290,0.5353809006770209,0.4433589486296867,915,16486,1,290
291,8.842333858720242,1.9074343122128496,916,16486,1,291
292,4.569481798293145,-0.7066502071483391,917,16486,1,292
293,-1.044011041109263,0.434969239897109,918,16486,1,293
294,-2.65384335219387,-5.90737468807353,919,16486,1,294
295,-1.612355980835794,-6.220508992601048,920,16486,1,295
296,-4.360045437705214,-1.20292973107542,921,16486,1,296
297,5.970492210438467,8.053725686385206,922,16486,1,297
298,-8.558710759722114,-3.763130354499575,923,16486,1,298
299,-2.9297814963335167,-9.25151916878589,924,16486,1,299
300,-0.6055965780422152,-9.523690546615835,925,16486,1,300
301,2.451303185921517,-9.026665869377045,926,16486,1,301
302,5.128653313430938,-7.301754485050989,927,16486,1,302
303,5.476231414682042,-3.784441005026258,928,16486,1,303
304,-7.534138032202239,-0.5379906057370825,929,16486,1,304
305,2.070609953561757,4.449665519751878,930,16486,1,305
306,0.1020041542148959,9.930508388654935,931,16486,0,306
307,-3.642417809752746,-6.142978334133882,932,16486,1,307
308,1.527882734489765,-8.042916755040647,933,16486,1,308
309,4.290516967645985,0.7852213896479086,934,16486,1,309
310,-4.807567349664524,6.849481174018084,935,16486,1,310
311,-6.1266230616154616,-9.02540248502724,936,16486,1,311
312,-4.025249390915815,-2.1501587179672965,937,16486,1,312
313,-5.54390745661733,-3.038824459702858,938,16486,1,313
314,9.312782426901272,-1.0985296963609503,939,16486,1,314
315,-9.841178331714,3.916324209892668,940,16486,1,315
316,8.976237715051823,6.919020233974752,941,16486,1,316
317,6.738431649391735,5.832393296297834,942,16486,1,317
318,2.031909022764109,-2.319063278342033,943,16486,1,318
319,1.2620805933138346,0.4811428795186607,944,16486,1,319
320,-5.054024117516185,-1.945493253508113,945,16486,1,320
321,-0.2684746122301611,7.962881020940806,946,16486,1,321
322,1.1820467154860577,4.731896663965731,947,16486,1,322
323,2.166232914386825,-1.9240722111376467,948,16486,1,323
324,-6.797502638162955,-0.3548798685579086,949,16486,1,324
325,-1.7214380235984947,-6.444701789448279,950,16486,1,325
326,0.7308568749344211,-4.4592152689482445,951,16486,1,326
327,6.5636731454933255,-1.0390081774825646,952,16486,1,327
328,-7.677403072217444,7.0151379946989145,953,16486,1,328
329,-6.631544343234122,-2.677593642772371,954,16486,1,329
330,4.704989030737988,-2.849617421835693,955,16486,1,330
331,4.085759179589219,-0.6035464730659044,956,16486,1,331
332,-6.440219943237735,3.06323940592954,957,16486,1,332
333,5.37246533754576,0.6610832920001286,958,16486,1,333
334,4.775747884381957,8.870559466168125,959,16486,1,334
335,-3.821402084135004,0.6024006007791787,960,16486,1,335
336,-2.834792834417696,-8.965051974081481,961,16486,1,336
337,9.805490961841418,-0.7871676452219827,962,16486,1,337
338,-3.862147408404129,-3.756632081743378,963,16486,1,338
339,-2.2204617200397863,-5.450135241283352,964,16486,1,339
340,5.928755583294137,3.8054375018155735,965,16486,1,340
341,6.753223705141991,4.6149547590016375,966,16486,1,341
342,-8.757758687639953,-1.262567898547598,967,16486,1,342
343,2.8823451209185524,9.374498363551051,968,16486,1,343
344,-1.2192890842591453,6.167676544310638,969,16486,1,344
345,-2.5685994422047376,-0.3975803342537993,970,16486,1,345
346,7.252787837886096,4.904580160645601,971,16486,1,346
347,-6.990607174365479,-4.967060971169063,972,16486,1,347
348,-1.1087719547941255,-1.8393317660827984,973,16486,1,348
349,3.399847413934168,-4.7665263942208576,974,16486,1,349
350,-2.3080807106379497,5.893075395254321,975,16486,1,350
351,-4.087294370822785,-9.13030673719664,976,16486,1,351
352,1.4076135159950915,-9.165323285508036,977,16486,1,352
353,-0.7835079081304723,6.936437331205987,978,16486,1,353
354,-0.229466737956228,0.9690939982628084,979,16486,1,354
355,-8.619655185102427,-6.232765038010357,980,16486,1,355
356,9.211734478264365,9.529138822212651,981,16486,1,356
357,-6.723809596461166,-1.591091478594901,982,16486,1,357
358,-3.047963527593904,6.770461407941259,983,16486,1,358
359,-8.93428423389544,8.421995564149466,984,16486,1,359
360,6.3725398427399575,-1.1993717186870256,985,16486,1,360
361,-5.471163360139039,2.949132077940685,986,16486,1,361
362,-8.043474100436113,-5.3588630900574135,987,16486,1,362
363,3.0533908193916304,1.7628196616733316,988,16486,1,363
364,-7.935482378705698,6.859598053666012,989,16486,1,364
365,-8.507899617525304,8.84584227779812,990,16486,1,365
366,-1.9024012897141065,4.240177880289993,991,16486,1,366
367,2.4731919820355444,8.554968084822839,992,16486,1,367
368,-2.0085815275667063,1.622706563722469,993,16486,1,368
369,9.790935573686305,3.201614878834354,994,16486,1,369
370,-8.185740903808592,0.2990486426387413,995,16486,1,370
371,-1.2536319448480384,1.8210014332040387,996,16486,1,371
372,4.624377085522767,-0.8213522054586502,997,16486,1,372
373,-8.051268152039924,-5.775145205204073,998,16486,1,373
374,9.982466476008696,-8.754801660539794,999,16486,1,374
375,-1.71401344661337,3.761722301561738,1000,16486,1,375
376,7.007492405575725,7.297432726655227,1001,16486,1,376
377,4.650642249586745,-3.722975444338039,1002,16486,1,377
378,-1.167153129895777,-4.774246707175016,1003,16486,1,378
379,-1.1807384567429224,-0.7153405743486587,1004,16486,1,379
380,6.636328739172626,-0.683454010377929,1005,16486,1,380
381,3.507132946998308,-3.501277009418784,1006,16486,1,381
382,9.094886234544033,6.860379282575845,1007,16486,1,382
383,9.862387452511124,4.310720274900227,1008,16486,1,383
384,0.833464608629896,7.293993621876524,1009,16486,1,384
385,4.821730557391115,-8.141796054171891,1010,16486,1,385
386,-2.622461361560875,6.310237417021881,1011,16486,1,386
387,3.7039005446361823,0.0233927590901856,1012,16486,1,387
388,-4.857718737467813,4.416363367204523,1013,16486,1,388
389,7.493768663494752,8.359441035752837,1014,16486,1,389
390,2.174873385880975,0.5425030101013704,1015,16486,1,390
391,-5.688693599309262,5.772447403274201,1016,16486,1,391
392,3.1119673463473774,1.821298497409124,1017,16486,1,392
393,9.31538156279355,4.619849583491995,1018,16486,1,393
394,4.814615714885576,-8.50294604857794,1019,16486,1,394
395,-7.583911185705057,-0.2664491543003393,1020,16486,1,395
396,-8.449137257905656,1.401796951192896,1021,16486,1,396
397,5.553100604302447,-9.258075283597012,1022,16486,1,397
398,9.290126565444933,3.5328942738750904,1023,16486,1,398
399,2.9784054999539915,6.88595509449657,1024,16486,1,399
400,7.949046019804019,0.95933306251961,1025,16486,1,400
401,-8.054024313083342,-9.246179463448131,1026,16486,1,401
402,9.394252307385742,2.715694257399422,1027,16486,1,402
403,-1.3679543692378289,3.781384044223593,1028,16486,1,403
404,6.003175788107036,-0.442933116533176,1029,16486,1,404
405,-3.5178291645218174,6.707921318308038,1030,16486,1,405
406,7.56670143087533,-5.795952431558642,1031,16486,1,406
407,-0.8899758713215729,-9.4773082175682,1032,16486,1,407
408,2.649137144529508,8.702249545610265,1033,16486,1,408
409,8.025521710804714,0.654216141026291,1034,16486,1,409
410,-3.671295180037326,7.815360998347902,1035,16486,1,410
411,-8.583226210179355,-3.165257827404222,1036,16486,1,411
412,7.788300458065521,-4.015433728890447,1037,16486,1,412
413,0.7680561937606445,0.4151454814733704,1038,16486,1,413
414,-7.285311423285929,8.956843761612639,1039,16486,1,414
415,4.879173624294404,-9.2542910209635,1040,16486,1,415
416,-5.310147775921119,-6.417515569942727,1041,16486,1,416
417,3.629479600234181,1.9298371084543149,1042,16486,1,417
418,0.5193022115182977,6.962662609818178,1043,16486,1,418
419,6.380532551543322,-1.2684782236527408,1044,16486,1,419
420,-8.446463046077632,-9.643279191988034,1045,16486,1,420
421,-2.8862448523611395,1.069546437718035,1046,16486,1,421
422,9.201143229031889,2.303063996770117,1047,16486,1,422
423,9.068380766868902,-5.288688126543837,1048,16486,1,423
424,-3.882897306862379,8.144251857672199,1049,16486,1,424
425,6.531334020518337,-4.617149543293384,1050,16486,1,425
426,-7.304766064631922,-5.662111341272647,1051,16486,1,426
427,6.4274281698009865,3.6478334707858,1052,16486,1,427
428,-6.350436019949006,-9.87479198129984,1053,16486,1,428
429,6.040304014274632,-7.886067816387554,1054,16486,1,429
430,5.247275420847657,9.568175174212431,1055,16486,1,430
431,0.5187813243194022,1.5411277303958926,1056,16486,1,431
432,3.272046108495436,3.5533051419763595,1057,16486,1,432
433,3.887206037750431,-0.2822372873935901,1058,16486,1,433
434,-8.60200960520566,-8.067502266811085,1059,16486,1,434
435,-9.887011283346798,0.2247745847246012,1060,16486,1,435
436,-5.916833591375803,4.284062509026196,1061,16486,1,436
437,5.429458151928813,-7.6216795680695455,1062,16486,1,437
438,-5.6491352370150905,0.5936288823788427,1063,16486,1,438
439,-6.385180828867078,0.5098784958410736,1064,16486,1,439
440,-8.06881705282841,-9.507548319432347,1065,16486,1,440
441,-3.817606753748864,-3.255253739433208,1066,16486,1,441
442,9.38411432667931,-5.833693108287799,1067,16486,1,442
443,-9.585697627822857,8.295428585695962,1068,16486,1,443
444,3.875451516739128,-3.723516136603431,1069,16486,1,444
445,5.412367035002498,4.122382479006364,1070,16486,1,445
446,4.101852182362208,1.1545132480842497,1071,16486,1,446
447,-1.374996890021766,3.8891903216968906,1072,16486,1,447
448,-9.442118689354214,-8.944337315273923,1073,16486,1,448
449,2.299235986790197,7.9772732775831585,1074,16486,1,449
450,6.741422488439998,4.06653728230272,1075,16486,1,450
451,-1.959995766210964,-7.083922092870187,1076,16486,1,451
452,5.658124460870571,-2.821008528615112,1077,16486,1,452
453,-9.850308790076298,-3.0209700892801905,1078,16486,1,453
454,0.4207050728331687,1.460610402590918,1079,16486,1,454
455,-0.108830972666043,-6.196588584208989,1080,16486,0,455
456,-8.060741301251754,0.0943176508001837,1081,16486,1,456
457,-5.170646711980318,4.329290752569241,1082,16486,1,457
458,8.640851388203114,7.338027926137247,1083,16486,1,458
459,-1.1585279070412362,5.750253755610794,1084,16486,1,459
460,5.596254676226224,0.2527938487087429,1085,16486,1,460
461,-3.785490453130331,3.5376825427183967,1086,16486,1,461
462,-8.918835120295874,7.471125197142776,1087,16486,1,462
463,6.765494808636767,3.4422793738217834,1088,16486,1,463
464,9.6112384911381,4.438982629994346,1089,16486,1,464
465,7.203995061642488,-3.4507652871222128,1090,16486,1,465
466,9.471232203039849,-4.545230133664317,1091,16486,1,466
467,2.0193030267423038,-1.265679774962221,1092,16486,1,467
468,3.9225344513784144,9.605286408353416,1093,16486,1,468
469,-4.461712718905919,-2.5672504366162947,1094,16486,1,469
470,4.1869072129982285,1.0200267002760768,1095,16486,1,470
471,-4.7365202317314825,-6.375776860774609,1096,16486,1,471
472,-4.792254376590495,5.123804997611593,1097,16486,1,472
473,7.845342559172082,6.047686320567454,1098,16486,1,473
474,3.2628116485079204,-4.892602816970215,1099,16486,1,474
475,-7.045817475436474,8.455168947213153,1100,16486,1,475
476,-1.7931675488221863,-6.132660405153132,1101,16486,1,476
477,8.161917073553486,-3.78114633996324,1102,16486,1,477
478,4.487130623493577,2.982341224479356,1103,16486,1,478
479,-4.41185484176621,7.828676062703323,1104,16486,1,479
480,-9.864701317792337,-3.1386465271274915,1105,16486,1,480
481,-5.345337957835248,-5.668535528963885,1106,16486,1,481
482,-4.00823718531824,-1.569335739431736,1107,16486,1,482
483,2.083346630330423,-6.542774249535821,1108,16486,1,483
484,3.749706365352868,-1.5006996313482528,1109,16486,1,484
485,-0.9264208730806408,6.05272804568553,1110,16486,1,485
486,7.11799949868341,-2.627721041752502,1111,16486,1,486
487,-4.121791822864274,-7.752366422568397,1112,16486,1,487
488,2.772944734993013,-3.9990671185917455,1113,16486,1,488
489,-3.278737774922691,-7.178384161983511,1114,16486,1,489
490,-8.571248061146129,2.090166797893719,1115,16486,1,490
491,1.3731492395943228,-8.5958218170701,1116,16486,1,491
492,2.184692179395748,5.213535488345055,1117,16486,1,492
493,6.950679902510487,0.2462824652570781,1118,16486,1,493
494,1.2776778406519291,7.793565447111934,1119,16486,1,494
495,7.330707740691437,7.464337506514667,1120,16486,1,495
496,6.530586500403508,4.126046696339591,1121,16486,1,496
497,-0.0969140303404518,-0.6234157476295277,1122,16486,0,497
498,-5.9654819679779125,-5.198233653295219,1123,16486,1,498
499,2.210138905363223,-1.9447774338564356,1124,16486,1,499
500,9.904449077420136,-1.7353383989824265,1125,16486,1,500
501,-7.332595254502299,-1.5193330113042336,1126,16486,1,501
502,8.859189780337847,4.575126378415391,1127,16486,1,502
503,-8.510761921735561,-4.992094020230537,1128,16486,1,503
504,-3.9370960658001657,6.372066217315751,1129,16486,1,504
505,-3.7773726547143305,-0.6558454605034427,1130,16486,1,505
506,7.036299361406151,5.92684749074559,1131,16486,1,506
507,8.486042817243458,-3.883751449963624,1132,16486,1,507
508,-4.92277026545453,-7.381448434956841,1133,16486,1,508
509,0.4635357589444133,-9.29471138102361,1134,16486,1,509
510,9.412875427208633,6.5757760815074455,1135,16486,1,510
511,5.896111789825786,2.0400626533558235,1136,16486,1,511
512,-1.43031434357831,4.85897437964522,1137,16486,1,512
513,5.322221017738178,-9.916235994369432,1138,16486,1,513
514,0.3783385444943121,-6.07352852554264,1139,16486,1,514
515,9.755408396529743,8.700586205891362,1140,16486,1,515
516,-9.653466327521304,0.910137396376726,1141,16486,1,516
517,-3.301656194073188,-9.260956473495114,1142,16486,1,517
518,-6.358194735296776,-9.533271417892166,1143,16486,1,518
519,5.799968247816432,7.423525052458643,1144,16486,1,519
520,-9.89250711445415,-2.995949679489076,1145,16486,1,520
521,-4.928842980304509,-1.4827389153172543,1146,16486,1,521
522,-3.6823250612844287,1.400962461222102,1147,16486,1,522
523,-2.058473872020397,0.9658951178852532,1148,16486,1,523
524,-5.90052520327114,-0.0013681347538749,1149,16486,1,524
525,-8.578325224969085,0.1601904868352637,1150,16486,1,525
526,-1.607840824118373,-1.3959935821524248,1151,16486,1,526
527,-9.804623679721526,-2.4944004432861755,1152,16486,1,527
528,-4.4085950869800605,6.202599952082302,1153,16486,1,528
529,-9.308214427533958,0.8626085683200095,1154,16486,1,529
530,6.627368423770548,-2.216647316860736,1155,16486,1,530
531,0.6018669601003594,0.3282799727772172,1156,16486,1,531
532,-0.7321200038111968,-8.483531981005425,1157,16486,1,532
533,-2.515342858829797,0.9508904333529262,1158,16486,1,533
534,-1.606709492834879,8.809251603561801,1159,16486,1,534
535,-4.416769710466535,6.161721119898321,1160,16486,1,535
536,-7.501635646675455,8.929928362080876,1161,16486,1,536
537,4.909019595227003,4.706348136196578,1162,16486,1,537
538,5.398305814556888,-9.899402283326618,1163,16486,1,538
539,7.10214866343938,2.9389935786895105,1164,16486,1,539
540,-0.5566371167578783,-4.002964048365167,1165,16486,1,540
541,-7.457474544063563,2.2589827348562146,1166,16486,1,541
542,4.629251473728592,-4.534047923919903,1167,16486,1,542
543,8.575621257263187,-5.406376394040304,1168,16486,1,543
544,-4.561111759732484,6.761554330955555,1169,16486,1,544
545,4.727950368069347,1.9080650110136297,1170,16486,1,545
546,-9.09173616821027,6.210519232311633,1171,16486,1,546
547,-4.9746114009068965,-6.189422561976043,1172,16486,1,547
548,4.759422549790241,-2.8725603640409547,1173,16486,1,548
549,2.9486532902825395,6.57843951100363,1174,16486,1,549
550,-4.9292890547515045,-2.7543259845508983,1175,16486,1,550
551,-1.030844743922685,6.680033750021405,1176,16486,1,551
552,-6.208394335479966,-2.7183106465279323,1177,16486,1,552
553,8.861794591282678,-7.569689906089991,1178,16486,1,553
554,-8.262862583731083,5.557260931794939,1179,16486,1,554
555,1.6760353255770395,-7.326909940558457,1180,16486,1,555
556,-9.233185021443129,-8.385494073235808,1181,16486,1,556
557,1.0565918443642437,-1.389348106905647,1182,16486,1,557
558,-4.028531640746131,-6.638287786806929,1183,16486,1,558
559,9.480058456990786,1.3701044515772836,1184,16486,1,559
560,-3.030608811531565,9.404127717950036,1185,16486,1,560
561,-5.318688346649447,-1.883952079939192,1186,16486,1,561
562,-8.7085522534071,4.7811405797795725,1187,16486,1,562
563,-9.223406063643896,1.2136823861656223,1188,16486,1,563
564,2.66656861521599,-2.425294890902996,1189,16486,1,564
565,-1.1281146303409957,-3.976713195866375,1190,16486,1,565
566,-5.46001700601467,9.922411552825768,1191,16486,1,566
567,-9.26914640668608,5.2957585812095775,1192,16486,1,567
568,8.00301037884627,3.07382554299849,1193,16486,1,568
569,-0.6063015743772109,-1.4180743388477275,1194,16486,1,569
570,-8.538590671022352,1.66264364156617,1195,16486,1,570
571,-0.6361856050015451,-0.1899756733870727,1196,16486,1,571
572,-4.13543710645051,-7.661668552176282,1197,16486,1,572
573,2.4218344002710346,-6.098831566406702,1198,16486,1,573
574,7.040761056806566,7.727786718944657,1199,16486,1,574
575,5.282114565429444,-8.995507191892338,1200,16486,1,575
576,1.225682148788101,8.530276911460096,1201,16486,1,576
577,9.332245265644794,-5.124699269219954,1202,16486,1,577
578,-5.736089956434512,-1.1620425312815374,1203,16486,1,578
579,-4.968515008227559,-1.678770303332236,1204,16486,1,579
580,7.289334786448226,-2.850961314452631,1205,16486,1,580
581,8.471760264788998,-7.820104832324453,1206,16486,1,581
582,-4.51050755377175,-9.10735148189579,1207,16486,1,582
583,3.868793227675532,-6.9882530721877085,1208,16486,1,583
584,5.637512448257178,-6.212266558860127,1209,16486,1,584
585,0.8683518432920412,-7.215976772917148,1210,16486,1,585
586,8.224282711017551,1.3350419279879606,1211,16486,1,586
587,0.8784154932144599,-9.49625871722128,1212,16486,1,587
588,-0.8304453872763133,7.73562478773594,1213,16486,1,588
589,-9.190930614139308,9.312265041852536,1214,16486,1,589
590,3.0153863678357613,2.245464535946507,1215,16486,1,590
591,-2.231569746393629,4.162419220526774,1216,16486,1,591
592,-7.744649359076035,6.268182257342069,1217,16486,1,592
593,-9.434705100724898,2.734328287565752,1218,16486,1,593
594,-8.627438263474245,-0.1205377735363928,1219,16486,1,594
595,8.278860337141161,1.076367833614542,1220,16486,1,595
596,-9.702701863114102,-4.461098493734223,1221,16486,1,596
597,7.935640847044041,-5.11461028090431,1222,16486,1,597
598,-5.726087640249522,-9.09983862890165,1223,16486,1,598
599,6.713157843802296,4.422195325893449,1224,16486,1,599
600,2.995928925804021,0.8805653738637922,1225,16486,1,600
601,-8.725725893946638,5.210920092773051,1226,16486,1,601
602,-3.7217517490585017,6.771881298465299,1227,16486,1,602
603,9.193964950496357,1.2105779059567627,1228,16486,1,603
604,-0.2840693553060838,9.83065832773239,1229,16486,1,604
605,0.833879935159576,-5.109250746546953,1230,16486,1,605
606,-1.1723104673462537,-7.271816411444987,1231,16486,1,606
607,-6.463167243939831,-9.574698680096956,1232,16486,1,607
608,-6.5321342887555245,-4.719630094656548,1233,16486,1,608
609,-5.159648791770735,-4.546997509034263,1234,16486,1,609
610,-8.892213222201477,4.905212960722064,1235,16486,1,610
611,-1.0789995218825954,5.350090365096168,1236,16486,1,611
612,-3.4802844456169213,4.699788948131509,1237,16486,1,612
613,-6.020906217006987,-5.338199574834359,1238,16486,1,613
614,-0.7402008374644105,8.45287160826134,1239,16486,1,614
615,-3.3939893268893755,8.887855504000807,1240,16486,1,615
616,5.784888383472479,-1.296766442087165,1241,16486,1,616
617,-6.446582421273021,-9.983137620453212,1242,16486,1,617
618,6.366293168599931,4.205167561063384,1243,16486,1,618
619,9.511970323485794,1.60333023283356,1244,16486,1,619
620,-6.909797305782419,8.786096051983524,1245,16486,1,620
621,1.8624558018303572,-6.5347797695778365,1246,16486,1,621
622,-2.823549129306504,9.240804620463926,1247,16486,1,622
623,1.273023084072717,-0.2856558284552619,1248,16486,1,623
624,5.819564650174534,6.369377906176382,1249,16486,1,624
0,-7.111071509909519,6.984151073529194,1250,16550,1,0
1,-6.691927199752046,-2.8362384677871777,1251,16550,1,1
2,-1.019519097601167,9.31777196328953,1252,16550,1,2
3,5.2019774870653706,8.608183358143538,1253,16550,1,3
4,5.047386231180743,-6.321863741173351,1254,16550,1,4
5,-8.845886732006011,6.508368681884647,1255,16550,1,5
6,-7.121969974128685,-5.166272667908379,1256,16550,1,6
7,-7.16354062485637,-6.464960586775739,1257,16550,1,7
8,5.262489414526785,9.34032622439484,1258,16550,1,8
9,5.182338863934062,-9.597456544076612,1259,16550,1,9
10,7.714649293708181,-1.1464052732859091,1260,16550,1,10
11,-2.3779558201660755,6.126562816124284,1261,16550,1,11
12,-5.294579005341713,-2.916623288007328,1262,16550,1,12
13,-7.178673421680952,0.0880729262986683,1263,16550,1,13
14,7.367195415184842,-0.6437098407473822,1264,16550,1,14
15,-8.29930472043438,4.638502444871991,1265,16550,1,15
16,4.720689410833474,5.047926513693133,1266,16550,1,16
17,-0.4307935901731756,5.253417875990527,1267,16550,1,17
18,3.369497370561838,-2.778832447521322,1268,16550,1,18
19,8.599841441936501,-3.851309397257081,1269,16550,1,19
20,-0.7103790048968968,-2.163716258433248,1270,16550,1,20
21,-7.506045954098344,-5.962634159794251,1271,16550,1,21
22,8.801281055979896,-7.7625097308611934,1272,16550,1,22
23,7.211056926013263,4.344826717491507,1273,16550,1,23
24,-5.172841351038258,2.722101152693705,1274,16550,1,24
25,3.773367057300643,-3.875608026706927,1275,16550,1,25
26,-1.9325135112765128,-3.0362051871766,1276,16550,1,26
27,-1.8721351408021287,-6.821060412874593,1277,16550,1,27
28,0.0777945673031865,-4.010117058414648,1278,16550,0,28
29,6.036818020250582,4.31599877302002,1279,16550,1,29
30,3.3621001034034865,-6.984542630285406,1280,16550,1,30
31,2.008770880594895,0.3183229641749214,1281,16550,1,31
32,1.0566720594499923,3.716151443687908,1282,16550,1,32
33,-4.960910949428065,5.368801257511695,1283,16550,1,33
34,6.887944159119094,-5.601075732895469,1284,16550,1,34
35,-8.570067440887549,-8.68765598818177,1285,16550,1,35
36,5.859091891293655,6.848707296588636,1286,16550,1,36
37,7.512120281177417,-5.148991131723568,1287,16550,1,37
38,5.240373554781844,0.2040724691777349,1288,16550,1,38
39,1.980124447421776,3.8603841178729255,1289,16550,1,39
40,9.064761927033535,5.07514278334294,1290,16550,1,40
41,-7.883579524072748,7.105051720531716,1291,16550,1,41
42,-9.942991131212809,-6.151822564812994,1292,16550,1,42
43,5.539956146488665,-3.807591143099347,1293,16550,1,43
44,9.60173966169291,-2.3269406152970245,1294,16550,1,44
45,1.5616464747866026,-5.601562959539423,1295,16550,1,45
46,-6.824370908951787,6.837266993615327,1296,16550,1,46
47,8.271673701284161,-1.823405308602652,1297,16550,1,47
48,-7.397834114316046,7.301592253007737,1298,16550,1,48
49,-2.485004877038934,-1.9092138245208223,1299,16550,1,49
50,-4.526897922801718,3.0238821760903445,1300,16550,1,50
51,4.2748174850034495,-1.93925994506526,1301,16550,1,51
52,6.637076447902974,6.541492214401842,1302,16550,1,52
53,1.1136886788806084,9.479259447907737,1303,16550,1,53
54,-0.4744919875511684,-2.777312361559443,1304,16550,1,54
55,2.2334604001509675,-6.37974833028127,1305,16550,1,55
56,-8.382491497676003,0.7817391984052886,1306,16550,1,56
57,-6.579214866971417,5.799243384419929,1307,16550,1,57
58,-7.839764934863791,-2.591630786923876,1308,16550,1,58
59,-7.001607445197459,-9.35473749618663,1309,16550,1,59
60,-4.2531958939643495,6.8217555219092,1310,16550,1,60
61,-5.726581679029139,-8.752532421653296,1311,16550,1,61
62,-2.590552795790904,5.843248360886651,1312,16550,1,62
63,-3.5652759702860592,5.110570881449894,1313,16550,1,63
64,5.942730329697989,4.791285261832293,1314,16550,1,64
65,4.084058414658646,6.401542276889479,1315,16550,1,65
66,-7.625116246421242,-2.625002403469667,1316,16550,1,66
67,6.347278611314756,-2.4015085093861988,1317,16550,1,67
68,5.273930731198547,-1.9405560076686277,1318,16550,1,68
69,-0.8255785186696212,-7.434609707200705,1319,16550,1,69
70,4.028969909064962,-9.652181399036577,1320,16550,1,70
71,7.329871199225849,-3.695476930039776,1321,16550,1,71
72,8.434272450204162,6.334699571487079,1322,16550,1,72
73,-4.585845280549091,2.517407975257948,1323,16550,1,73
74,1.6287909003002363,-3.807482262916509,1324,16550,1,74
75,-0.3489358388548584,-9.413316213161442,1325,16550,1,75
76,-0.9201115082137096,-6.648980045850181,1326,16550,1,76
77,-5.222335894142653,-5.55078297993435,1327,16550,1,77
78,-6.106802703400296,-1.483829641811628,1328,16550,1,78
79,6.4233197631268695,-2.719970157462201,1329,16550,1,79
80,3.712253319761565,-8.35895837654055,1330,16550,1,80
81,-8.136592918589455,9.581530148324408,1331,16550,1,81
82,0.788327051301172,0.3513259554028369,1332,16550,1,82
83,-4.015465295844436,3.714035277764333,1333,16550,1,83
84,0.0793831346034164,6.629609904696544,1334,16550,0,84
85,-5.021296365474328,3.979367782166507,1335,16550,1,85
86,-9.020524127180549,7.900606736278423,1336,16550,1,86
87,0.5824528284492203,-0.4486843692217803,1337,16550,1,87
88,1.2746898729413907,-9.537327921084076,1338,16550,1,88
89,8.989315567045871,5.006820327398522,1339,16550,1,89
90,7.06508969196469,-7.913291151186197,1340,16550,1,90
91,-4.13523501021559,0.6254332859623464,1341,16550,1,91
92,0.0235579265994623,7.721315056979428,1342,16550,0,92
93,-0.5194455762465804,0.9967027006415244,1343,16550,1,93
94,7.686707537287155,5.495481771649418,1344,16550,1,94
95,2.460121940851881,-0.7399662832901317,1345,16550,1,95
96,-4.981011053860116,-9.078134812583,1346,16550,1,96
97,8.98639602313375,6.794495337232952,1347,16550,1,97
98,9.711013117681876,9.20315699773155,1348,16550,1,98
99,-6.762957773112936,2.172152376184167,1349,16550,1,99
100,8.648196616762093,-5.822833863932839,1350,16550,1,100
101,6.431737721289231,0.820881495797714,1351,16550,1,101
102,0.6602362081138207,1.445855625080256,1352,16550,1,102
103,0.2834020367396839,0.0165167414502587,1353,16550,1,103
104,0.4513394368894925,5.650358468233474,1354,16550,1,104
105,-2.276004762926222,-7.531148609451563,1355,16550,1,105
106,-1.9839311563929505,-4.728580785352259,1356,16550,1,106
107,-5.987189443827587,-9.542439654654917,1357,16550,1,107
108,-0.6123358877669176,5.031836588565053,1358,16550,1,108
109,-1.9454500493857625,-9.626775906945364,1359,16550,1,109
110,-5.176309600142909,-1.194971727809012,1360,16550,1,110
111,-9.096735152820354,-7.715128571886134,1361,16550,1,111
112,9.158782088908795,2.9511134691823067,1362,16550,1,112
113,7.1299555113593485,-3.613261977511901,1363,16550,1,113
114,-5.5035293431097365,2.19178123329694,1364,16550,1,114
115,0.2568473821302479,-6.913690923761351,1365,16550,1,115
116,-2.586547681253002,-7.250570376527142,1366,16550,1,116
117,1.2837346069832645,0.6294629322912364,1367,16550,1,117
118,5.803922835328585,-8.375753105114379,1368,16550,1,118
119,-5.058666865970638,1.658375438029026,1369,16550,1,119
120,1.5920270567297052,1.1577514914120286,1370,16550,1,120
121,6.538474973559165,2.1815854956641,1371,16550,1,121
122,1.6025917782971728,2.7924495919985723,1372,16550,1,122
123,2.2502800585627707,2.179114523608096,1373,16550,1,123
124,7.560280018546276,-5.930498759189369,1374,16550,1,124
125,3.002703650773652,-0.2625612446368919,1375,16550,1,125
126,-4.872433867639003,2.991967554313044,1376,16550,1,126
127,-6.000546672003693,-1.2074134062362525,1377,16550,1,127
128,-7.316771848563803,-9.37122771972416,1378,16550,1,128
129,5.673290936753993,4.784343055125479,1379,16550,1,129
130,-0.1583573513204683,1.9890602898413297,1380,16550,0,130
131,-8.794236400831663,-6.74329095774665,1381,16550,1,131
132,2.7294514206026026,2.283002679349336,1382,16550,1,132
133,-3.402519146739456,-1.756481816386291,1383,16550,1,133
134,0.0495808824338368,-4.06094834732444,1384,16550,0,134
135,1.0708962512928295,7.63801170575293,1385,16550,1,135
136,-4.134090459937958,2.837756202896633,1386,16550,1,136
137,-5.61894491670397,2.842989627687418,1387,16550,1,137
138,6.5711088919874605,-8.554878619577355,1388,16550,1,138
139,1.8602290067284384,4.620116785944862,1389,16550,1,139
140,5.985405476650932,3.790479319052928,1390,16550,1,140
141,7.445918979749319,8.740049731978068,1391,16550,1,141
142,-2.8667907204652714,-2.5950296302288383,1392,16550,1,142
143,7.124299442791095,-2.442349070991609,1393,16550,1,143
144,7.145975957239109,6.941008605109246,1394,16550,1,144
145,-3.923786505531133,-5.253338179980878,1395,16550,1,145
146,-8.82535564040751,3.5861824333169032,1396,16550,1,146
147,-4.074025975649276,-5.5592149223373895,1397,16550,1,147
148,-3.792339839589836,4.162048971355453,1398,16550,1,148
149,-2.142260920971788,5.998535312266981,1399,16550,1,149
150,8.760631997495882,5.343678243603435,1400,16550,1,150
151,-5.5504498706672445,-9.904127847219556,1401,16550,1,151
152,-5.697634352712992,7.297636518788707,1402,16550,1,152
153,-0.1402666926435518,-7.795303168477821,1403,16550,0,153
154,3.37307091232184,-0.1660849681860003,1404,16550,1,154
155,8.175770112544036,5.595480909455915,1405,16550,1,155
156,4.910180292044188,-7.343151176175278,1406,16550,1,156
157,-6.278164746435735,2.7619345658047862,1407,16550,1,157
158,-9.344670859064848,5.712583718595496,1408,16550,1,158
159,-1.5416175299410444,-7.241391822401373,1409,16550,1,159
160,-2.5157120190518256,-1.9059626860831909,1410,16550,1,160
161,-3.592186354604583,0.4236920784638958,1411,16550,1,161
162,-6.537235421262915,-8.535128289532386,1412,16550,1,162
163,-4.4789249273727005,-3.969827047593285,1413,16550,1,163
164,7.581919063285799,-4.01528718721506,1414,16550,1,164
165,3.037334548442544,6.177448614526991,1415,16550,1,165
166,-6.00155292341539,2.062295978732731,1416,16550,1,166
167,1.3697032584695457,9.75641188754446,1417,16550,1,167
168,-6.676086697154116,-5.660399938989372,1418,16550,1,168
169,4.382575814024722,7.904823396477482,1419,16550,1,169
170,1.8172098735439484,7.501060552126852,1420,16550,1,170
171,-0.7065881165385619,7.72857802640911,1421,16550,1,171
172,0.7112972229197467,-1.518191795895305,1422,16550,1,172
173,5.223512268854044,5.673038040684252,1423,16550,1,173
174,-0.9309090835704374,4.450649279506882,1424,16550,1,174
175,8.976162085315671,-5.755479588210505,1425,16550,1,175
176,7.097223948958021,-9.573246032331175,1426,16550,1,176
177,8.879979668797084,7.117862970720086,1427,16550,1,177
178,4.576308264859563,2.9680184219380656,1428,16550,1,178
179,-8.519482446883512,0.1832212816875529,1429,16550,1,179
180,4.3686890070415,9.305747047784912,1430,16550,1,180
181,7.954397991764178,0.8447728534459849,1431,16550,1,181
182,-0.9128328422311504,2.517013292112312,1432,16550,1,182
183,-3.958738746486508,4.115996749076532,1433,16550,1,183
184,-3.628099021267152,9.796812129345373,1434,16550,1,184
185,3.2137031098278754,2.3111701896860737,1435,16550,1,185
186,-5.587667623543178,4.890216841071149,1436,16550,1,186
187,5.485347339127989,-3.064093714829814,1437,16550,1,187
188,-1.9080137128742043,-7.10664726796852,1438,16550,1,188
189,-9.819410456692296,-2.783494805097318,1439,16550,1,189
190,-7.084393689762633,-6.43017384634531,1440,16550,1,190
191,1.6404459114334102,-2.315286743212111,1441,16550,1,191
192,8.870326967997425,0.0764436141031676,1442,16550,1,192
193,-2.1976195963551053,8.95538164078009,1443,16550,1,193
194,6.023051918749534,1.6735085395153355,1444,16550,1,194
195,-8.180960543055447,4.653039748465735,1445,16550,1,195
196,6.206770666078029,-3.1218059663065496,1446,16550,1,196
197,-1.1195935556803622,2.7034018948282856,1447,16550,1,197
198,7.396908960121543,-1.076509018660092,1448,16550,1,198
199,-7.795011359618327,5.054207245568772,1449,16550,1,199
200,9.33136197781274,-5.860769452863915,1450,16550,1,200
201,4.57298257186881,-3.5408344707690205,1451,16550,1,201
202,-5.354913530568524,8.595554941421359,1452,16550,1,202
203,-9.361100041232946,-7.084640793594126,1453,16550,1,203
204,-6.245375121740979,3.913806318410156,1454,16550,1,204
205,-2.2203062211213087,2.603930607537407,1455,16550,1,205
206,-6.793070475965304,5.514161077619804,1456,16550,1,206
207,3.5367009236126776,5.685590393998117,1457,16550,1,207
208,8.544993396579361,8.823734344673984,1458,16550,1,208
209,-4.143035789844243,2.4663726736052816,1459,16550,1,209
210,-6.090645309271084,8.31850699759024,1460,16550,1,210
211,4.418657012728108,-9.717425529488631,1461,16550,1,211
212,-0.6749991472736294,6.170018512471245,1462,16550,1,212
213,1.6520873090091095,4.590225117125069,1463,16550,1,213
214,-1.93950885446365,5.609791266165512,1464,16550,1,214
215,-0.5166707760277855,-4.151766038141407,1465,16550,1,215
216,-4.77281924477764,-5.350241610351518,1466,16550,1,216
217,3.055160532425633,-0.895458496527155,1467,16550,1,217
218,-1.9334084608635784,3.639733455926814,1468,16550,1,218
219,-5.799388578823699,-3.202991713691146,1469,16550,1,219
220,-9.19700533883756,7.093865728902713,1470,16550,1,220
221,-1.856899123792001,2.452320748205468,1471,16550,1,221
222,2.1758874662182865,-0.971793754099231,1472,16550,1,222
223,-2.1374828044472576,-1.8419779178975144,1473,16550,1,223
224,-1.7801915649296711,0.0964287325947843,1474,16550,1,224
225,1.7985017296544503,5.565598506261454,1475,16550,1,225
226,2.7362398161440904,-0.7447559903452898,1476,16550,1,226
227,7.86561236257706,5.366390195901175,1477,16550,1,227
228,1.011586292402395,8.30135461897352,1478,16550,1,228
229,-3.239361457708738,8.756696210198488,1479,16550,1,229
230,7.035244510939819,-5.373023121797964,1480,16550,1,230
231,-5.006990145353325,-5.047871023800628,1481,16550,1,231
232,-8.947515806118485,-4.303632035691392,1482,16550,1,232
233,7.705277448654655,-9.94857683447374,1483,16550,1,233
234,-2.3640080447153844,-6.15673757815816,1484,16550,1,234
235,9.75376679584918,-4.211704514785433,1485,16550,1,235
236,1.1000488447707806,1.7419997994968064,1486,16550,1,236
237,-5.459476943309238,0.7748859579210166,1487,16550,1,237
238,1.4504961451890337,-3.42642942976378,1488,16550,1,238
239,4.081899179655446,-8.773488639877007,1489,16550,1,239
240,-9.404165939417446,-6.597619584722936,1490,16550,1,240
241,-5.981968309993211,-4.616741517796001,1491,16550,1,241
242,1.3594283877091513,-1.2318037438101967,1492,16550,1,242
243,-5.078035838551265,3.958183645534387,1493,16550,1,243
244,5.81563455864204,-4.99634101409745,1494,16550,1,244
245,8.369819911943758,4.641852821761489,1495,16550,1,245
246,1.0146196929902516,-6.113956426248317,1496,16550,1,246
247,2.6726255958148077,-2.50880967936183,1497,16550,1,247
248,-1.0644184580327387,4.151302268995359,1498,16550,1,248
249,2.9339910330988754,-3.83340041049042,1499,16550,1,249
250,-9.460588072364695,9.90843212799685,1500,16550,1,250
251,3.954936924132678,-8.303557537061357,1501,16550,1,251
252,-4.561076376267752,5.334199418296684,1502,16550,1,252
253,-5.800764499412743,-9.056125940972295,1503,16550,1,253
254,3.918815013455241,2.1131061196329317,1504,16550,1,254
255,-8.10635696780222,0.7080095385916216,1505,16550,1,255
256,9.195876999348592,-4.628210334153737,1506,16550,1,256
257,7.193581813124904,-7.782893001267537,1507,16550,1,257
258,5.944672874325271,5.0157026870279005,1508,16550,1,258
259,1.3612633116676631,8.659090507919856,1509,16550,1,259
260,9.607542217004353,8.16563127512606,1510,16550,1,260
261,0.8939686790499515,-6.962966883491228,1511,16550,1,261
262,-5.997802462385735,-8.55611610429727,1512,16550,1,262
263,-8.829350173624032,0.5475750312078702,1513,16550,1,263
264,-3.943297216481378,-1.8807658400933391,1514,16550,1,264
265,5.111246210654644,-0.8299141344403616,1515,16550,1,265
266,8.204026236353432,-3.4333705749456094,1516,16550,1,266
267,4.690568244761408,-7.573961366852946,1517,16550,1,267
268,-3.1255632227740904,6.9146220977828605,1518,16550,1,268
269,-2.204907596779078,4.173937092670199,1519,16550,1,269
270,8.4729829212278,-3.4151676616577014,1520,16550,1,270
271,2.036676787551608,1.8155017718547448,1521,16550,1,271
272,-0.373701140580911,9.401214135957566,1522,16550,1,272
273,9.833092993387162,1.6062239437480643,1523,16550,1,273
274,4.654836586691243,3.5671807975712646,1524,16550,1,274
275,1.39325046303769,6.001093718782101,1525,16550,1,275
276,-4.530452737240706,-0.6742637148341313,1526,16550,1,276
277,0.0011530151831973,3.3268421588371417,1527,16550,0,277
278,-7.737690985589289,-1.0696926827706843,1528,16550,1,278
279,4.173876461625914,-5.522574245112432,1529,16550,1,279
280,-3.939019416995249,7.241102419632142,1530,16550,1,280
281,-8.498846337397637,-1.8291915159071357,1531,16550,1,281
282,3.291281547037378,-0.3564514601153394,1532,16550,1,282
283,4.027054577384387,3.229440414176686,1533,16550,1,283
284,2.1697113785072,7.74426772815389,1534,16550,1,284
285,-8.999904304053253,-4.986419407040719,1535,16550,1,285
286,9.652758597112877,-8.666742481743416,1536,16550,1,286
287,-2.154760450515396,3.416370091406801,1537,16550,1,287
288,6.811711089386282,6.760328068348787,1538,16550,1,288
289,-3.751786610747104,-1.680589676403656,1539,16550,1,289
290,0.5353809006770209,0.4433589486296867,1540,16550,1,290
291,8.842333858720242,1.9074343122128496,1541,16550,1,291
292,4.569481798293145,-0.7066502071483391,1542,16550,1,292
293,-1.044011041109263,0.434969239897109,1543,16550,1,293
294,-2.65384335219387,-5.90737468807353,1544,16550,1,294
295,-1.612355980835794,-6.220508992601048,1545,16550,1,295
296,-4.360045437705214,-1.20292973107542,1546,16550,1,296
297,5.970492210438467,8.053725686385206,1547,16550,1,297
298,-8.558710759722114,-3.763130354499575,1548,16550,1,298
299,-2.9297814963335167,-9.25151916878589,1549,16550,1,299
300,-0.6055965780422152,-9.523690546615835,1550,16550,1,300
301,2.451303185921517,-9.026665869377045,1551,16550,1,301
302,5.128653313430938,-7.301754485050989,1552,16550,1,302
303,5.476231414682042,-3.784441005026258,1553,16550,1,303
304,-7.534138032202239,-0.5379906057370825,1554,16550,1,304
305,2.070609953561757,4.449665519751878,1555,16550,1,305
306,0.1020041542148959,9.930508388654935,1556,16550,0,306
307,-3.642417809752746,-6.142978334133882,1557,16550,1,307
308,1.527882734489765,-8.042916755040647,1558,16550,1,308
309,4.290516967645985,0.7852213896479086,1559,16550,1,309
310,-4.807567349664524,6.849481174018084,1560,16550,1,310
311,-6.1266230616154616,-9.02540248502724,1561,16550,1,311
312,-4.025249390915815,-2.1501587179672965,1562,16550,1,312
313,-5.54390745661733,-3.038824459702858,1563,16550,1,313
314,9.312782426901272,-1.0985296963609503,1564,16550,1,314
315,-9.841178331714,3.916324209892668,1565,16550,1,315
316,8.976237715051823,6.919020233974752,1566,16550,1,316
317,6.738431649391735,5.832393296297834,1567,16550,1,317
318,2.031909022764109,-2.319063278342033,1568,16550,1,318
319,1.2620805933138346,0.4811428795186607,1569,16550,1,319
320,-5.054024117516185,-1.945493253508113,1570,16550,1,320
321,-0.2684746122301611,7.962881020940806,1571,16550,1,321
322,1.1820467154860577,4.731896663965731,1572,16550,1,322
323,2.166232914386825,-1.9240722111376467,1573,16550,1,323
324,-6.797502638162955,-0.3548798685579086,1574,16550,1,324
325,-1.7214380235984947,-6.444701789448279,1575,16550,1,325
326,0.7308568749344211,-4.4592152689482445,1576,16550,1,326
327,6.5636731454933255,-1.0390081774825646,1577,16550,1,327
328,-7.677403072217444,7.0151379946989145,1578,16550,1,328
329,-6.631544343234122,-2.677593642772371,1579,16550,1,329
330,4.704989030737988,-2.849617421835693,1580,16550,1,330
331,4.085759179589219,-0.6035464730659044,1581,16550,1,331
332,-6.440219943237735,3.06323940592954,1582,16550,1,332
333,5.37246533754576,0.6610832920001286,1583,16550,1,333
334,4.775747884381957,8.870559466168125,1584,16550,1,334
335,-3.821402084135004,0.6024006007791787,1585,16550,1,335
336,-2.834792834417696,-8.965051974081481,1586,16550,1,336
337,9.805490961841418,-0.7871676452219827,1587,16550,1,337
338,-3.862147408404129,-3.756632081743378,1588,16550,1,338
339,-2.2204617200397863,-5.450135241283352,1589,16550,1,339
340,5.928755583294137,3.8054375018155735,1590,16550,1,340
341,6.753223705141991,4.6149547590016375,1591,16550,1,341
342,-8.757758687639953,-1.262567898547598,1592,16550,1,342
343,2.8823451209185524,9.374498363551051,1593,16550,1,343
344,-1.2192890842591453,6.167676544310638,1594,16550,1,344
345,-2.5685994422047376,-0.3975803342537993,1595,16550,1,345
346,7.252787837886096,4.904580160645601,1596,16550,1,346
347,-6.990607174365479,-4.967060971169063,1597,16550,1,347
348,-1.1087719547941255,-1.8393317660827984,1598,16550,1,348
349,3.399847413934168,-4.7665263942208576,1599,16550,1,349
350,-2.3080807106379497,5.893075395254321,1600,16550,1,350
351,-4.087294370822785,-9.13030673719664,1601,16550,1,351
352,1.4076135159950915,-9.165323285508036,1602,16550,1,352
353,-0.7835079081304723,6.936437331205987,1603,16550,1,353
354,-0.229466737956228,0.9690939982628084,1604,16550,1,354
355,-8.619655185102427,-6.232765038010357,1605,16550,1,355
356,9.211734478264365,9.529138822212651,1606,16550,1,356
357,-6.723809596461166,-1.591091478594901,1607,16550,1,357
358,-3.047963527593904,6.770461407941259,1608,16550,1,358
359,-8.93428423389544,8.421995564149466,1609,16550,1,359
360,6.3725398427399575,-1.1993717186870256,1610,16550,1,360
361,-5.471163360139039,2.949132077940685,1611,16550,1,361
362,-8.043474100436113,-5.3588630900574135,1612,16550,1,362
363,3.0533908193916304,1.7628196616733316,1613,16550,1,363
364,-7.935482378705698,6.859598053666012,1614,16550,1,364
365,-8.507899617525304,8.84584227779812,1615,16550,1,365
366,-1.9024012897141065,4.240177880289993,1616,16550,1,366
367,2.4731919820355444,8.554968084822839,1617,16550,1,367
368,-2.0085815275667063,1.622706563722469,1618,16550,1,368
369,9.790935573686305,3.201614878834354,1619,16550,1,369
370,-8.185740903808592,0.2990486426387413,1620,16550,1,370
371,-1.2536319448480384,1.8210014332040387,1621,16550,1,371
372,4.624377085522767,-0.8213522054586502,1622,16550,1,372
373,-8.051268152039924,-5.775145205204073,1623,16550,1,373
374,9.982466476008696,-8.754801660539794,1624,16550,1,374
375,-1.71401344661337,3.761722301561738,1625,16550,1,375
376,7.007492405575725,7.297432726655227,1626,16550,1,376
377,4.650642249586745,-3.722975444338039,1627,16550,1,377
378,-1.167153129895777,-4.774246707175016,1628,16550,1,378
379,-1.1807384567429224,-0.7153405743486587,1629,16550,1,379
380,6.636328739172626,-0.683454010377929,1630,16550,1,380
381,3.507132946998308,-3.501277009418784,1631,16550,1,381
382,9.094886234544033,6.860379282575845,1632,16550,1,382
383,9.862387452511124,4.310720274900227,1633,16550,1,383
384,0.833464608629896,7.293993621876524,1634,16550,1,384
385,4.821730557391115,-8.141796054171891,1635,16550,1,385
386,-2.622461361560875,6.310237417021881,1636,16550,1,386
387,3.7039005446361823,0.0233927590901856,1637,16550,1,387
388,-4.857718737467813,4.416363367204523,1638,16550,1,388
389,7.493768663494752,8.359441035752837,1639,16550,1,389
390,2.174873385880975,0.5425030101013704,1640,16550,1,390
391,-5.688693599309262,5.772447403274201,1641,16550,1,391
392,3.1119673463473774,1.821298497409124,1642,16550,1,392
393,9.31538156279355,4.619849583491995,1643,16550,1,393
394,4.814615714885576,-8.50294604857794,1644,16550,1,394
395,-7.583911185705057,-0.2664491543003393,1645,16550,1,395
396,-8.449137257905656,1.401796951192896,1646,16550,1,396
397,5.553100604302447,-9.258075283597012,1647,16550,1,397
398,9.290126565444933,3.5328942738750904,1648,16550,1,398
399,2.9784054999539915,6.88595509449657,1649,16550,1,399
400,7.949046019804019,0.95933306251961,1650,16550,1,400
401,-8.054024313083342,-9.246179463448131,1651,16550,1,401
402,9.394252307385742,2.715694257399422,1652,16550,1,402
403,-1.3679543692378289,3.781384044223593,1653,16550,1,403
404,6.003175788107036,-0.442933116533176,1654,16550,1,404
405,-3.5178291645218174,6.707921318308038,1655,16550,1,405
406,7.56670143087533,-5.795952431558642,1656,16550,1,406
407,-0.8899758713215729,-9.4773082175682,1657,16550,1,407
408,2.649137144529508,8.702249545610265,1658,16550,1,408
409,8.025521710804714,0.654216141026291,1659,16550,1,409
410,-3.671295180037326,7.815360998347902,1660,16550,1,410
411,-8.583226210179355,-3.165257827404222,1661,16550,1,411
412,7.788300458065521,-4.015433728890447,1662,16550,1,412
413,0.7680561937606445,0.4151454814733704,1663,16550,1,413
414,-7.285311423285929,8.956843761612639,1664,16550,1,414
415,4.879173624294404,-9.2542910209635,1665,16550,1,415
416,-5.310147775921119,-6.417515569942727,1666,16550,1,416
417,3.629479600234181,1.9298371084543149,1667,16550,1,417
418,0.5193022115182977,6.962662609818178,1668,16550,1,418
419,6.380532551543322,-1.2684782236527408,1669,16550,1,419
420,-8.446463046077632,-9.643279191988034,1670,16550,1,420
421,-2.8862448523611395,1.069546437718035,1671,16550,1,421
422,9.201143229031889,2.303063996770117,1672,16550,1,422
423,9.068380766868902,-5.288688126543837,1673,16550,1,423
424,-3.882897306862379,8.144251857672199,1674,16550,1,424
425,6.531334020518337,-4.617149543293384,1675,16550,1,425
426,-7.304766064631922,-5.662111341272647,1676,16550,1,426
427,6.4274281698009865,3.6478334707858,1677,16550,1,427
428,-6.350436019949006,-9.87479198129984,1678,16550,1,428
429,6.040304014274632,-7.886067816387554,1679,16550,1,429
430,5.247275420847657,9.568175174212431,1680,16550,1,430
431,0.5187813243194022,1.5411277303958926,1681,16550,1,431
432,3.272046108495436,3.5533051419763595,1682,16550,1,432
433,3.887206037750431,-0.2822372873935901,1683,16550,1,433
434,-8.60200960520566,-8.067502266811085,1684,16550,1,434
435,-9.887011283346798,0.2247745847246012,1685,16550,1,435
436,-5.916833591375803,4.284062509026196,1686,16550,1,436
437,5.429458151928813,-7.6216795680695455,1687,16550,1,437
438,-5.6491352370150905,0.5936288823788427,1688,16550,1,438
439,-6.385180828867078,0.5098784958410736,1689,16550,1,439
440,-8.06881705282841,-9.507548319432347,1690,16550,1,440
441,-3.817606753748864,-3.255253739433208,1691,16550,1,441
442,9.38411432667931,-5.833693108287799,1692,16550,1,442
443,-9.585697627822857,8.295428585695962,1693,16550,1,443
444,3.875451516739128,-3.723516136603431,1694,16550,1,444
445,5.412367035002498,4.122382479006364,1695,16550,1,445
446,4.101852182362208,1.1545132480842497,1696,16550,1,446
447,-1.374996890021766,3.8891903216968906,1697,16550,1,447
448,-9.442118689354214,-8.944337315273923,1698,16550,1,448
449,2.299235986790197,7.9772732775831585,1699,16550,1,449
450,6.741422488439998,4.06653728230272,1700,16550,1,450
451,-1.959995766210964,-7.083922092870187,1701,16550,1,451
452,5.658124460870571,-2.821008528615112,1702,16550,1,452
453,-9.850308790076298,-3.0209700892801905,1703,16550,1,453
454,0.4207050728331687,1.460610402590918,1704,16550,1,454
455,-0.108830972666043,-6.196588584208989,1705,16550,0,455
456,-8.060741301251754,0.0943176508001837,1706,16550,1,456
457,-5.170646711980318,4.329290752569241,1707,16550,1,457
458,8.640851388203114,7.338027926137247,1708,16550,1,458
459,-1.1585279070412362,5.750253755610794,1709,16550,1,459
460,5.596254676226224,0.2527938487087429,1710,16550,1,460
461,-3.785490453130331,3.5376825427183967,1711,16550,1,461
462,-8.918835120295874,7.471125197142776,1712,16550,1,462
463,6.765494808636767,3.4422793738217834,1713,16550,1,463
464,9.6112384911381,4.438982629994346,1714,16550,1,464
465,7.203995061642488,-3.4507652871222128,1715,16550,1,465
466,9.471232203039849,-4.545230133664317,1716,16550,1,466
467,2.0193030267423038,-1.265679774962221,1717,16550,1,467
468,3.9225344513784144,9.605286408353416,1718,16550,1,468
469,-4.461712718905919,-2.5672504366162947,1719,16550,1,469
470,4.1869072129982285,1.0200267002760768,1720,16550,1,470
471,-4.7365202317314825,-6.375776860774609,1721,16550,1,471
472,-4.792254376590495,5.123804997611593,1722,16550,1,472
473,7.845342559172082,6.047686320567454,1723,16550,1,473
474,3.2628116485079204,-4.892602816970215,1724,16550,1,474
475,-7.045817475436474,8.455168947213153,1725,16550,1,475
476,-1.7931675488221863,-6.132660405153132,1726,16550,1,476
477,8.161917073553486,-3.78114633996324,1727,16550,1,477
478,4.487130623493577,2.982341224479356,1728,16550,1,478
479,-4.41185484176621,7.828676062703323,1729,16550,1,479
480,-9.864701317792337,-3.1386465271274915,1730,16550,1,480
481,-5.345337957835248,-5.668535528963885,1731,16550,1,481
482,-4.00823718531824,-1.569335739431736,1732,16550,1,482
483,2.083346630330423,-6.542774249535821,1733,16550,1,483
484,3.749706365352868,-1.5006996313482528,1734,16550,1,484
485,-0.9264208730806408,6.05272804568553,1735,16550,1,485
486,7.11799949868341,-2.627721041752502,1736,16550,1,486
487,-4.121791822864274,-7.752366422568397,1737,16550,1,487
488,2.772944734993013,-3.9990671185917455,1738,16550,1,488
489,-3.278737774922691,-7.178384161983511,1739,16550,1,489
490,-8.571248061146129,2.090166797893719,1740,16550,1,490
491,1.3731492395943228,-8.5958218170701,1741,16550,1,491
492,2.184692179395748,5.213535488345055,1742,16550,1,492
493,6.950679902510487,0.2462824652570781,1743,16550,1,493
494,1.2776778406519291,7.793565447111934,1744,16550,1,494
495,7.330707740691437,7.464337506514667,1745,16550,1,495
496,6.530586500403508,4.126046696339591,1746,16550,1,496
497,-0.0969140303404518,-0.6234157476295277,1747,16550,0,497
498,-5.9654819679779125,-5.198233653295219,1748,16550,1,498
499,2.210138905363223,-1.9447774338564356,1749,16550,1,499
500,9.904449077420136,-1.7353383989824265,1750,16550,1,500
501,-7.332595254502299,-1.5193330113042336,1751,16550,1,501
502,8.859189780337847,4.575126378415391,1752,16550,1,502
503,-8.510761921735561,-4.992094020230537,1753,16550,1,503
504,-3.9370960658001657,6.372066217315751,1754,16550,1,504
505,-3.7773726547143305,-0.6558454605034427,1755,16550,1,505
506,7.036299361406151,5.92684749074559,1756,16550,1,506
507,8.486042817243458,-3.883751449963624,1757,16550,1,507
508,-4.92277026545453,-7.381448434956841,1758,16550,1,508
509,0.4635357589444133,-9.29471138102361,1759,16550,1,509
510,9.412875427208633,6.5757760815074455,1760,16550,1,510
511,5.896111789825786,2.0400626533558235,1761,16550,1,511
512,-1.43031434357831,4.85897437964522,1762,16550,1,512
513,5.322221017738178,-9.916235994369432,1763,16550,1,513
514,0.3783385444943121,-6.07352852554264,1764,16550,1,514
515,9.755408396529743,8.700586205891362,1765,16550,1,515
516,-9.653466327521304,0.910137396376726,1766,16550,1,516
517,-3.301656194073188,-9.260956473495114,1767,16550,1,517
518,-6.358194735296776,-9.533271417892166,1768,16550,1,518
519,5.799968247816432,7.423525052458643,1769,16550,1,519
520,-9.89250711445415,-2.995949679489076,1770,16550,1,520
521,-4.928842980304509,-1.4827389153172543,1771,16550,1,521
522,-3.6823250612844287,1.400962461222102,1772,16550,1,522
523,-2.058473872020397,0.9658951178852532,1773,16550,1,523
524,-5.90052520327114,-0.0013681347538749,1774,16550,1,524
525,-8.578325224969085,0.1601904868352637,1775,16550,1,525
526,-1.607840824118373,-1.3959935821524248,1776,16550,1,526
527,-9.804623679721526,-2.4944004432861755,1777,16550,1,527
528,-4.4085950869800605,6.202599952082302,1778,16550,1,528
529,-9.308214427533958,0.8626085683200095,1779,16550,1,529
530,6.627368423770548,-2.216647316860736,1780,16550,1,530
531,0.6018669601003594,0.3282799727772172,1781,16550,1,531
532,-0.7321200038111968,-8.483531981005425,1782,16550,1,532
533,-2.515342858829797,0.9508904333529262,1783,16550,1,533
534,-1.606709492834879,8.809251603561801,1784,16550,1,534
535,-4.416769710466535,6.161721119898321,1785,16550,1,535
536,-7.501635646675455,8.929928362080876,1786,16550,1,536
537,4.909019595227003,4.706348136196578,1787,16550,1,537
538,5.398305814556888,-9.899402283326618,1788,16550,1,538
539,7.10214866343938,2.9389935786895105,1789,16550,1,539
540,-0.5566371167578783,-4.002964048365167,1790,16550,1,540
541,-7.457474544063563,2.2589827348562146,1791,16550,1,541
542,4.629251473728592,-4.534047923919903,1792,16550,1,542
543,8.575621257263187,-5.406376394040304,1793,16550,1,543
544,-4.561111759732484,6.761554330955555,1794,16550,1,544
545,4.727950368069347,1.9080650110136297,1795,16550,1,545
546,-9.09173616821027,6.210519232311633,1796,16550,1,546
547,-4.9746114009068965,-6.189422561976043,1797,16550,1,547
548,4.759422549790241,-2.8725603640409547,1798,16550,1,548
549,2.9486532902825395,6.57843951100363,1799,16550,1,549
550,-4.9292890547515045,-2.7543259845508983,1800,16550,1,550
551,-1.030844743922685,6.680033750021405,1801,16550,1,551
552,-6.208394335479966,-2.7183106465279323,1802,16550,1,552
553,8.861794591282678,-7.569689906089991,1803,16550,1,553
554,-8.262862583731083,5.557260931794939,1804,16550,1,554
555,1.6760353255770395,-7.326909940558457,1805,16550,1,555
556,-9.233185021443129,-8.385494073235808,1806,16550,1,556
557,1.0565918443642437,-1.389348106905647,1807,16550,1,557
558,-4.028531640746131,-6.638287786806929,1808,16550,1,558
559,9.480058456990786,1.3701044515772836,1809,16550,1,559
560,-3.030608811531565,9.404127717950036,1810,16550,1,560
561,-5.318688346649447,-1.883952079939192,1811,16550,1,561
562,-8.7085522534071,4.7811405797795725,1812,16550,1,562
563,-9.223406063643896,1.2136823861656223,1813,16550,1,563
564,2.66656861521599,-2.425294890902996,1814,16550,1,564
565,-1.1281146303409957,-3.976713195866375,1815,16550,1,565
566,-5.46001700601467,9.922411552825768,1816,16550,1,566
567,-9.26914640668608,5.2957585812095775,1817,16550,1,567
568,8.00301037884627,3.07382554299849,1818,16550,1,568
569,-0.6063015743772109,-1.4180743388477275,1819,16550,1,569
570,-8.538590671022352,1.66264364156617,1820,16550,1,570
571,-0.6361856050015451,-0.1899756733870727,1821,16550,1,571
572,-4.13543710645051,-7.661668552176282,1822,16550,1,572
573,2.4218344002710346,-6.098831566406702,1823,16550,1,573
574,7.040761056806566,7.727786718944657,1824,16550,1,574
575,5.282114565429444,-8.995507191892338,1825,16550,1,575
576,1.225682148788101,8.530276911460096,1826,16550,1,576
577,9.332245265644794,-5.124699269219954,1827,16550,1,577
578,-5.736089956434512,-1.1620425312815374,1828,16550,1,578
579,-4.968515008227559,-1.678770303332236,1829,16550,1,579
580,7.289334786448226,-2.850961314452631,1830,16550,1,580
581,8.471760264788998,-7.820104832324453,1831,16550,1,581
582,-4.51050755377175,-9.10735148189579,1832,16550,1,582
583,3.868793227675532,-6.9882530721877085,1833,16550,1,583
584,5.637512448257178,-6.212266558860127,1834,16550,1,584
585,0.8683518432920412,-7.215976772917148,1835,16550,1,585
586,8.224282711017551,1.3350419279879606,1836,16550,1,586
587,0.8784154932144599,-9.49625871722128,1837,16550,1,587
588,-0.8304453872763133,7.73562478773594,1838,16550,1,588
589,-9.190930614139308,9.312265041852536,1839,16550,1,589
590,3.0153863678357613,2.245464535946507,1840,16550,1,590
591,-2.231569746393629,4.162419220526774,1841,16550,1,591
592,-7.744649359076035,6.268182257342069,1842,16550,1,592
593,-9.434705100724898,2.734328287565752,1843,16550,1,593
594,-8.627438263474245,-0.1205377735363928,1844,16550,1,594
595,8.278860337141161,1.076367833614542,1845,16550,1,595
596,-9.702701863114102,-4.461098493734223,1846,16550,1,596
597,7.935640847044041,-5.11461028090431,1847,16550,1,597
598,-5.726087640249522,-9.09983862890165,1848,16550,1,598
599,6.713157843802296,4.422195325893449,1849,16550,1,599
600,2.995928925804021,0.8805653738637922,1850,16550,1,600
601,-8.725725893946638,5.210920092773051,1851,16550,1,601
602,-3.7217517490585017,6.771881298465299,1852,16550,1,602
603,9.193964950496357,1.2105779059567627,1853,16550,1,603
604,-0.2840693553060838,9.83065832773239,1854,16550,1,604
605,0.833879935159576,-5.109250746546953,1855,16550,1,605
606,-1.1723104673462537,-7.271816411444987,1856,16550,1,606
607,-6.463167243939831,-9.574698680096956,1857,16550,1,607
608,-6.5321342887555245,-4.719630094656548,1858,16550,1,608
609,-5.159648791770735,-4.546997509034263,1859,16550,1,609
610,-8.892213222201477,4.905212960722064,1860,16550,1,610
611,-1.0789995218825954,5.350090365096168,1861,16550,1,611
612,-3.4802844456169213,4.699788948131509,1862,16550,1,612
613,-6.020906217006987,-5.338199574834359,1863,16550,1,613
614,-0.7402008374644105,8.45287160826134,1864,16550,1,614
615,-3.3939893268893755,8.887855504000807,1865,16550,1,615
616,5.784888383472479,-1.296766442087165,1866,16550,1,616
617,-6.446582421273021,-9.983137620453212,1867,16550,1,617
618,6.366293168599931,4.205167561063384,1868,16550,1,618
619,9.511970323485794,1.60333023283356,1869,16550,1,619
620,-6.909797305782419,8.786096051983524,1870,16550,1,620
621,1.8624558018303572,-6.5347797695778365,1871,16550,1,621
622,-2.823549129306504,9.240804620463926,1872,16550,1,622
623,1.273023084072717,-0.2856558284552619,1873,16550,1,623
624,5.819564650174534,6.369377906176382,1874,16550,1,624
0,-7.111071509909519,6.984151073529194,1875,16487,1,0
1,-6.691927199752046,-2.8362384677871777,1876,16487,1,1
2,-1.019519097601167,9.31777196328953,1877,16487,1,2
3,5.2019774870653706,8.608183358143538,1878,16487,1,3
4,5.047386231180743,-6.321863741173351,1879,16487,1,4
5,-8.845886732006011,6.508368681884647,1880,16487,1,5
6,-7.121969974128685,-5.166272667908379,1881,16487,1,6
7,-7.16354062485637,-6.464960586775739,1882,16487,1,7
8,5.262489414526785,9.34032622439484,1883,16487,1,8
9,5.182338863934062,-9.597456544076612,1884,16487,1,9
10,7.714649293708181,-1.1464052732859091,1885,16487,1,10
11,-2.3779558201660755,6.126562816124284,1886,16487,1,11
12,-5.294579005341713,-2.916623288007328,1887,16487,1,12
13,-7.178673421680952,0.0880729262986683,1888,16487,1,13
14,7.367195415184842,-0.6437098407473822,1889,16487,1,14
15,-8.29930472043438,4.638502444871991,1890,16487,1,15
16,4.720689410833474,5.047926513693133,1891,16487,1,16
17,-0.4307935901731756,5.253417875990527,1892,16487,1,17
18,3.369497370561838,-2.778832447521322,1893,16487,1,18
19,8.599841441936501,-3.851309397257081,1894,16487,1,19
20,-0.7103790048968968,-2.163716258433248,1895,16487,1,20
21,-7.506045954098344,-5.962634159794251,1896,16487,1,21
22,8.801281055979896,-7.7625097308611934,1897,16487,1,22
23,7.211056926013263,4.344826717491507,1898,16487,1,23
24,-5.172841351038258,2.722101152693705,1899,16487,1,24
25,3.773367057300643,-3.875608026706927,1900,16487,1,25
26,-1.9325135112765128,-3.0362051871766,1901,16487,1,26
27,-1.8721351408021287,-6.821060412874593,1902,16487,1,27
28,0.0777945673031865,-4.010117058414648,1903,16487,0,28
29,6.036818020250582,4.31599877302002,1904,16487,1,29
30,3.3621001034034865,-6.984542630285406,1905,16487,1,30
31,2.008770880594895,0.3183229641749214,1906,16487,1,31
32,1.0566720594499923,3.716151443687908,1907,16487,1,32
33,-4.960910949428065,5.368801257511695,1908,16487,1,33
34,6.887944159119094,-5.601075732895469,1909,16487,1,34
35,-8.570067440887549,-8.68765598818177,1910,16487,1,35
36,5.859091891293655,6.848707296588636,1911,16487,1,36
37,7.512120281177417,-5.148991131723568,1912,16487,1,37
38,5.240373554781844,0.2040724691777349,1913,16487,1,38
39,1.980124447421776,3.8603841178729255,1914,16487,1,39
40,9.064761927033535,5.07514278334294,1915,16487,1,40
41,-7.883579524072748,7.105051720531716,1916,16487,1,41
42,-9.942991131212809,-6.151822564812994,1917,16487,1,42
43,5.539956146488665,-3.807591143099347,1918,16487,1,43
44,9.60173966169291,-2.3269406152970245,1919,16487,1,44
45,1.5616464747866026,-5.601562959539423,1920,16487,1,45
46,-6.824370908951787,6.837266993615327,1921,16487,1,46
47,8.271673701284161,-1.823405308602652,1922,16487,1,47
48,-7.397834114316046,7.301592253007737,1923,16487,1,48
49,-2.485004877038934,-1.9092138245208223,1924,16487,1,49
50,-4.526897922801718,3.0238821760903445,1925,16487,1,50
51,4.2748174850034495,-1.93925994506526,1926,16487,1,51
52,6.637076447902974,6.541492214401842,1927,16487,1,52
53,1.1136886788806084,9.479259447907737,1928,16487,1,53
54,-0.4744919875511684,-2.777312361559443,1929,16487,1,54
55,2.2334604001509675,-6.37974833028127,1930,16487,1,55
56,-8.382491497676003,0.7817391984052886,1931,16487,1,56
57,-6.579214866971417,5.799243384419929,1932,16487,1,57
58,-7.839764934863791,-2.591630786923876,1933,16487,1,58
59,-7.001607445197459,-9.35473749618663,1934,16487,1,59
60,-4.2531958939643495,6.8217555219092,1935,16487,1,60
61,-5.726581679029139,-8.752532421653296,1936,16487,1,61
62,-2.590552795790904,5.843248360886651,1937,16487,1,62
63,-3.5652759702860592,5.110570881449894,1938,16487,1,63
64,5.942730329697989,4.791285261832293,1939,16487,1,64
65,4.084058414658646,6.401542276889479,1940,16487,1,65
66,-7.625116246421242,-2.625002403469667,1941,16487,1,66
67,6.347278611314756,-2.4015085093861988,1942,16487,1,67
68,5.273930731198547,-1.9405560076686277,1943,16487,1,68
69,-0.8255785186696212,-7.434609707200705,1944,16487,1,69
70,4.028969909064962,-9.652181399036577,1945,16487,1,70
71,7.329871199225849,-3.695476930039776,1946,16487,1,71
72,8.434272450204162,6.334699571487079,1947,16487,1,72
73,-4.585845280549091,2.517407975257948,1948,16487,1,73
74,1.6287909003002363,-3.807482262916509,1949,16487,1,74
75,-0.3489358388548584,-9.413316213161442,1950,16487,1,75
76,-0.9201115082137096,-6.648980045850181,1951,16487,1,76
77,-5.222335894142653,-5.55078297993435,1952,16487,1,77
78,-6.106802703400296,-1.483829641811628,1953,16487,1,78
79,6.4233197631268695,-2.719970157462201,1954,16487,1,79
80,3.712253319761565,-8.35895837654055,1955,16487,1,80
81,-8.136592918589455,9.581530148324408,1956,16487,1,81
82,0.788327051301172,0.3513259554028369,1957,16487,1,82
83,-4.015465295844436,3.714035277764333,1958,16487,1,83
84,0.0793831346034164,6.629609904696544,1959,16487,0,84
85,-5.021296365474328,3.979367782166507,1960,16487,1,85
86,-9.020524127180549,7.900606736278423,1961,16487,1,86
87,0.5824528284492203,-0.4486843692217803,1962,16487,1,87
88,1.2746898729413907,-9.537327921084076,1963,16487,1,88
89,8.989315567045871,5.006820327398522,1964,16487,1,89
90,7.06508969196469,-7.913291151186197,1965,16487,1,90
91,-4.13523501021559,0.6254332859623464,1966,16487,1,91
92,0.0235579265994623,7.721315056979428,1967,16487,0,92
93,-0.5194455762465804,0.9967027006415244,1968,16487,1,93
94,7.686707537287155,5.495481771649418,1969,16487,1,94
95,2.460121940851881,-0.7399662832901317,1970,16487,1,95
96,-4.981011053860116,-9.078134812583,1971,16487,1,96
97,8.98639602313375,6.794495337232952,1972,16487,1,97
98,9.711013117681876,9.20315699773155,1973,16487,1,98
99,-6.762957773112936,2.172152376184167,1974,16487,1,99
100,8.648196616762093,-5.822833863932839,1975,16487,1,100
101,6.431737721289231,0.820881495797714,1976,16487,1,101
102,0.6602362081138207,1.445855625080256,1977,16487,1,102
103,0.2834020367396839,0.0165167414502587,1978,16487,1,103
104,0.4513394368894925,5.650358468233474,1979,16487,1,104
105,-2.276004762926222,-7.531148609451563,1980,16487,1,105
106,-1.9839311563929505,-4.728580785352259,1981,16487,1,106
107,-5.987189443827587,-9.542439654654917,1982,16487,1,107
108,-0.6123358877669176,5.031836588565053,1983,16487,1,108
109,-1.9454500493857625,-9.626775906945364,1984,16487,1,109
110,-5.176309600142909,-1.194971727809012,1985,16487,1,110
111,-9.096735152820354,-7.715128571886134,1986,16487,1,111
112,9.158782088908795,2.9511134691823067,1987,16487,1,112
113,7.1299555113593485,-3.613261977511901,1988,16487,1,113
114,-5.5035293431097365,2.19178123329694,1989,16487,1,114
115,0.2568473821302479,-6.913690923761351,1990,16487,1,115
116,-2.586547681253002,-7.250570376527142,1991,16487,1,116
117,1.2837346069832645,0.6294629322912364,1992,16487,1,117
118,5.803922835328585,-8.375753105114379,1993,16487,1,118
119,-5.058666865970638,1.658375438029026,1994,16487,1,119
120,1.5920270567297052,1.1577514914120286,1995,16487,1,120
121,6.538474973559165,2.1815854956641,1996,16487,1,121
122,1.6025917782971728,2.7924495919985723,1997,16487,1,122
123,2.2502800585627707,2.179114523608096,1998,16487,1,123
124,7.560280018546276,-5.930498759189369,1999,16487,1,124
125,3.002703650773652,-0.2625612446368919,2000,16487,1,125
126,-4.872433867639003,2.991967554313044,2001,16487,1,126
127,-6.000546672003693,-1.2074134062362525,2002,16487,1,127
128,-7.316771848563803,-9.37122771972416,2003,16487,1,128
129,5.673290936753993,4.784343055125479,2004,16487,1,129
130,-0.1583573513204683,1.9890602898413297,2005,16487,0,130
131,-8.794236400831663,-6.74329095774665,2006,16487,1,131
132,2.7294514206026026,2.283002679349336,2007,16487,1,132
133,-3.402519146739456,-1.756481816386291,2008,16487,1,133
134,0.0495808824338368,-4.06094834732444,2009,16487,0,134
135,1.0708962512928295,7.63801170575293,2010,16487,1,135
136,-4.134090459937958,2.837756202896633,2011,16487,1,136
137,-5.61894491670397,2.842989627687418,2012,16487,1,137
138,6.5711088919874605,-8.554878619577355,2013,16487,1,138
139,1.8602290067284384,4.620116785944862,2014,16487,1,139
140,5.985405476650932,3.790479319052928,2015,16487,1,140
141,7.445918979749319,8.740049731978068,2016,16487,1,141
142,-2.8667907204652714,-2.5950296302288383,2017,16487,1,142
143,7.124299442791095,-2.442349070991609,2018,16487,1,143
144,7.145975957239109,6.941008605109246,2019,16487,1,144
145,-3.923786505531133,-5.253338179980878,2020,16487,1,145
146,-8.82535564040751,3.5861824333169032,2021,16487,1,146
147,-4.074025975649276,-5.5592149223373895,2022,16487,1,147
148,-3.792339839589836,4.162048971355453,2023,16487,1,148
149,-2.142260920971788,5.998535312266981,2024,16487,1,149
150,8.760631997495882,5.343678243603435,2025,16487,1,150
151,-5.5504498706672445,-9.904127847219556,2026,16487,1,151
152,-5.697634352712992,7.297636518788707,2027,16487,1,152
153,-0.1402666926435518,-7.795303168477821,2028,16487,0,153
154,3.37307091232184,-0.1660849681860003,2029,16487,1,154
155,8.175770112544036,5.595480909455915,2030,16487,1,155
156,4.910180292044188,-7.343151176175278,2031,16487,1,156
157,-6.278164746435735,2.7619345658047862,2032,16487,1,157
158,-9.344670859064848,5.712583718595496,2033,16487,1,158
159,-1.5416175299410444,-7.241391822401373,2034,16487,1,159
160,-2.5157120190518256,-1.9059626860831909,2035,16487,1,160
161,-3.592186354604583,0.4236920784638958,2036,16487,1,161
162,-6.537235421262915,-8.535128289532386,2037,16487,1,162
163,-4.4789249273727005,-3.969827047593285,2038,16487,1,163
164,7.581919063285799,-4.01528718721506,2039,16487,1,164
165,3.037334548442544,6.177448614526991,2040,16487,1,165
166,-6.00155292341539,2.062295978732731,2041,16487,1,166
167,1.3697032584695457,9.75641188754446,2042,16487,1,167
168,-6.676086697154116,-5.660399938989372,2043,16487,1,168
169,4.382575814024722,7.904823396477482,2044,16487,1,169
170,1.8172098735439484,7.501060552126852,2045,16487,1,170
171,-0.7065881165385619,7.72857802640911,2046,16487,1,171
172,0.7112972229197467,-1.518191795895305,2047,16487,1,172
173,5.223512268854044,5.673038040684252,2048,16487,1,173
174,-0.9309090835704374,4.450649279506882,2049,16487,1,174
175,8.976162085315671,-5.755479588210505,2050,16487,1,175
176,7.097223948958021,-9.573246032331175,2051,16487,1,176
177,8.879979668797084,7.117862970720086,2052,16487,1,177
178,4.576308264859563,2.9680184219380656,2053,16487,1,178
179,-8.519482446883512,0.1832212816875529,2054,16487,1,179
180,4.3686890070415,9.305747047784912,2055,16487,1,180
181,7.954397991764178,0.8447728534459849,2056,16487,1,181
182,-0.9128328422311504,2.517013292112312,2057,16487,1,182
183,-3.958738746486508,4.115996749076532,2058,16487,1,183
184,-3.628099021267152,9.796812129345373,2059,16487,1,184
185,3.2137031098278754,2.3111701896860737,2060,16487,1,185
186,-5.587667623543178,4.890216841071149,2061,16487,1,186
187,5.485347339127989,-3.064093714829814,2062,16487,1,187
188,-1.9080137128742043,-7.10664726796852,2063,16487,1,188
189,-9.819410456692296,-2.783494805097318,2064,16487,1,189
190,-7.084393689762633,-6.43017384634531,2065,16487,1,190
191,1.6404459114334102,-2.315286743212111,2066,16487,1,191
192,8.870326967997425,0.0764436141031676,2067,16487,1,192
193,-2.1976195963551053,8.95538164078009,2068,16487,1,193
194,6.023051918749534,1.6735085395153355,2069,16487,1,194
195,-8.180960543055447,4.653039748465735,2070,16487,1,195
196,6.206770666078029,-3.1218059663065496,2071,16487,1,196
197,-1.1195935556803622,2.7034018948282856,2072,16487,1,197
198,7.396908960121543,-1.076509018660092,2073,16487,1,198
199,-7.795011359618327,5.054207245568772,2074,16487,1,199
200,9.33136197781274,-5.860769452863915,2075,16487,1,200
201,4.57298257186881,-3.5408344707690205,2076,16487,1,201
202,-5.354913530568524,8.595554941421359,2077,16487,1,202
203,-9.361100041232946,-7.084640793594126,2078,16487,1,203
204,-6.245375121740979,3.913806318410156,2079,16487,1,204
205,-2.2203062211213087,2.603930607537407,2080,16487,1,205
206,-6.793070475965304,5.514161077619804,2081,16487,1,206
207,3.5367009236126776,5.685590393998117,2082,16487,1,207
208,8.544993396579361,8.823734344673984,2083,16487,1,208
209,-4.143035789844243,2.4663726736052816,2084,16487,1,209
210,-6.090645309271084,8.31850699759024,2085,16487,1,210
211,4.418657012728108,-9.717425529488631,2086,16487,1,211
212,-0.6749991472736294,6.170018512471245,2087,16487,1,212
213,1.6520873090091095,4.590225117125069,2088,16487,1,213
214,-1.93950885446365,5.609791266165512,2089,16487,1,214
215,-0.5166707760277855,-4.151766038141407,2090,16487,1,215
216,-4.77281924477764,-5.350241610351518,2091,16487,1,216
217,3.055160532425633,-0.895458496527155,2092,16487,1,217
218,-1.9334084608635784,3.639733455926814,2093,16487,1,218
219,-5.799388578823699,-3.202991713691146,2094,16487,1,219
220,-9.19700533883756,7.093865728902713,2095,16487,1,220
221,-1.856899123792001,2.452320748205468,2096,16487,1,221
222,2.1758874662182865,-0.971793754099231,2097,16487,1,222
223,-2.1374828044472576,-1.8419779178975144,2098,16487,1,223
224,-1.7801915649296711,0.0964287325947843,2099,16487,1,224
225,1.7985017296544503,5.565598506261454,2100,16487,1,225
226,2.7362398161440904,-0.7447559903452898,2101,16487,1,226
227,7.86561236257706,5.366390195901175,2102,16487,1,227
228,1.011586292402395,8.30135461897352,2103,16487,1,228
229,-3.239361457708738,8.756696210198488,2104,16487,1,229
230,7.035244510939819,-5.373023121797964,2105,16487,1,230
231,-5.006990145353325,-5.047871023800628,2106,16487,1,231
232,-8.947515806118485,-4.303632035691392,2107,16487,1,232
233,7.705277448654655,-9.94857683447374,2108,16487,1,233
234,-2.3640080447153844,-6.15673757815816,2109,16487,1,234
235,9.75376679584918,-4.211704514785433,2110,16487,1,235
236,1.1000488447707806,1.7419997994968064,2111,16487,1,236
237,-5.459476943309238,0.7748859579210166,2112,16487,1,237
238,1.4504961451890337,-3.42642942976378,2113,16487,1,238
239,4.081899179655446,-8.773488639877007,2114,16487,1,239
240,-9.404165939417446,-6.597619584722936,2115,16487,1,240
241,-5.981968309993211,-4.616741517796001,2116,16487,1,241
242,1.3594283877091513,-1.2318037438101967,2117,16487,1,242
243,-5.078035838551265,3.958183645534387,2118,16487,1,243
244,5.81563455864204,-4.99634101409745,2119,16487,1,244
245,8.369819911943758,4.641852821761489,2120,16487,1,245
246,1.0146196929902516,-6.113956426248317,2121,16487,1,246
247,2.6726255958148077,-2.50880967936183,2122,16487,1,247
248,-1.0644184580327387,4.151302268995359,2123,16487,1,248
249,2.9339910330988754,-3.83340041049042,2124,16487,1,249
250,-9.460588072364695,9.90843212799685,2125,16487,1,250
251,3.954936924132678,-8.303557537061357,2126,16487,1,251
252,-4.561076376267752,5.334199418296684,2127,16487,1,252
253,-5.800764499412743,-9.056125940972295,2128,16487,1,253
254,3.918815013455241,2.1131061196329317,2129,16487,1,254
255,-8.10635696780222,0.7080095385916216,2130,16487,1,255
256,9.195876999348592,-4.628210334153737,2131,16487,1,256
257,7.193581813124904,-7.782893001267537,2132,16487,1,257
258,5.944672874325271,5.0157026870279005,2133,16487,1,258
259,1.3612633116676631,8.659090507919856,2134,16487,1,259
260,9.607542217004353,8.16563127512606,2135,16487,1,260
261,0.8939686790499515,-6.962966883491228,2136,16487,1,261
262,-5.997802462385735,-8.55611610429727,2137,16487,1,262
263,-8.829350173624032,0.5475750312078702,2138,16487,1,263
264,-3.943297216481378,-1.8807658400933391,2139,16487,1,264
265,5.111246210654644,-0.8299141344403616,2140,16487,1,265
266,8.204026236353432,-3.4333705749456094,2141,16487,1,266
267,4.690568244761408,-7.573961366852946,2142,16487,1,267
268,-3.1255632227740904,6.9146220977828605,2143,16487,1,268
269,-2.204907596779078,4.173937092670199,2144,16487,1,269
270,8.4729829212278,-3.4151676616577014,2145,16487,1,270
271,2.036676787551608,1.8155017718547448,2146,16487,1,271
272,-0.373701140580911,9.401214135957566,2147,16487,1,272
273,9.833092993387162,1.6062239437480643,2148,16487,1,273
274,4.654836586691243,3.5671807975712646,2149,16487,1,274
275,1.39325046303769,6.001093718782101,2150,16487,1,275
276,-4.530452737240706,-0.6742637148341313,2151,16487,1,276
277,0.0011530151831973,3.3268421588371417,2152,16487,0,277
278,-7.737690985589289,-1.0696926827706843,2153,16487,1,278
279,4.173876461625914,-5.522574245112432,2154,16487,1,279
280,-3.939019416995249,7.241102419632142,2155,16487,1,280
281,-8.498846337397637,-1.8291915159071357,2156,16487,1,281
282,3.291281547037378,-0.3564514601153394,2157,16487,1,282
283,4.027054577384387,3.229440414176686,2158,16487,1,283
284,2.1697113785072,7.74426772815389,2159,16487,1,284
285,-8.999904304053253,-4.986419407040719,2160,16487,1,285
286,9.652758597112877,-8.666742481743416,2161,16487,1,286
287,-2.154760450515396,3.416370091406801,2162,16487,1,287
288,6.811711089386282,6.760328068348787,2163,16487,1,288
289,-3.751786610747104,-1.680589676403656,2164,16487,1,289
290,0.5353809006770209,0.4433589486296867,2165,16487,1,290
291,8.842333858720242,1.9074343122128496,2166,16487,1,291
292,4.569481798293145,-0.7066502071483391,2167,16487,1,292
293,-1.044011041109263,0.434969239897109,2168,16487,1,293
294,-2.65384335219387,-5.90737468807353,2169,16487,1,294
295,-1.612355980835794,-6.220508992601048,2170,16487,1,295
296,-4.360045437705214,-1.20292973107542,2171,16487,1,296
297,5.970492210438467,8.053725686385206,2172,16487,1,297
298,-8.558710759722114,-3.763130354499575,2173,16487,1,298
299,-2.9297814963335167,-9.25151916878589,2174,16487,1,299
300,-0.6055965780422152,-9.523690546615835,2175,16487,1,300
301,2.451303185921517,-9.026665869377045,2176,16487,1,301
302,5.128653313430938,-7.301754485050989,2177,16487,1,302
303,5.476231414682042,-3.784441005026258,2178,16487,1,303
304,-7.534138032202239,-0.5379906057370825,2179,16487,1,304
305,2.070609953561757,4.449665519751878,2180,16487,1,305
306,0.1020041542148959,9.930508388654935,2181,16487,0,306
307,-3.642417809752746,-6.142978334133882,2182,16487,1,307
308,1.527882734489765,-8.042916755040647,2183,16487,1,308
309,4.290516967645985,0.7852213896479086,2184,16487,1,309
310,-4.807567349664524,6.849481174018084,2185,16487,1,310
311,-6.1266230616154616,-9.02540248502724,2186,16487,1,311
312,-4.025249390915815,-2.1501587179672965,2187,16487,1,312
313,-5.54390745661733,-3.038824459702858,2188,16487,1,313
314,9.312782426901272,-1.0985296963609503,2189,16487,1,314
315,-9.841178331714,3.916324209892668,2190,16487,1,315
316,8.976237715051823,6.919020233974752,2191,16487,1,316
317,6.738431649391735,5.832393296297834,2192,16487,1,317
318,2.031909022764109,-2.319063278342033,2193,16487,1,318
319,1.2620805933138346,0.4811428795186607,2194,16487,1,319
320,-5.054024117516185,-1.945493253508113,2195,16487,1,320
321,-0.2684746122301611,7.962881020940806,2196,16487,1,321
322,1.1820467154860577,4.731896663965731,2197,16487,1,322
323,2.166232914386825,-1.9240722111376467,2198,16487,1,323
324,-6.797502638162955,-0.3548798685579086,2199,16487,1,324
325,-1.7214380235984947,-6.444701789448279,2200,16487,1,325
326,0.7308568749344211,-4.4592152689482445,2201,16487,1,326
327,6.5636731454933255,-1.0390081774825646,2202,16487,1,327
328,-7.677403072217444,7.0151379946989145,2203,16487,1,328
329,-6.631544343234122,-2.677593642772371,2204,16487,1,329
330,4.704989030737988,-2.849617421835693,2205,16487,1,330
331,4.085759179589219,-0.6035464730659044,2206,16487,1,331
332,-6.440219943237735,3.06323940592954,2207,16487,1,332
333,5.37246533754576,0.6610832920001286,2208,16487,1,333
334,4.775747884381957,8.870559466168125,2209,16487,1,334
335,-3.821402084135004,0.6024006007791787,2210,16487,1,335
336,-2.834792834417696,-8.965051974081481,2211,16487,1,336
337,9.805490961841418,-0.7871676452219827,2212,16487,1,337
338,-3.862147408404129,-3.756632081743378,2213,16487,1,338
339,-2.2204617200397863,-5.450135241283352,2214,16487,1,339
340,5.928755583294137,3.8054375018155735,2215,16487,1,340
341,6.753223705141991,4.6149547590016375,2216,16487,1,341
342,-8.757758687639953,-1.262567898547598,2217,16487,1,342
343,2.8823451209185524,9.374498363551051,2218,16487,1,343
344,-1.2192890842591453,6.167676544310638,2219,16487,1,344
345,-2.5685994422047376,-0.3975803342537993,2220,16487,1,345
346,7.252787837886096,4.904580160645601,2221,16487,1,346
347,-6.990607174365479,-4.967060971169063,2222,16487,1,347
348,-1.1087719547941255,-1.8393317660827984,2223,16487,1,348
349,3.399847413934168,-4.7665263942208576,2224,16487,1,349
350,-2.3080807106379497,5.893075395254321,2225,16487,1,350
351,-4.087294370822785,-9.13030673719664,2226,16487,1,351
352,1.4076135159950915,-9.165323285508036,2227,16487,1,352
353,-0.7835079081304723,6.936437331205987,2228,16487,1,353
354,-0.229466737956228,0.9690939982628084,2229,16487,1,354
355,-8.619655185102427,-6.232765038010357,2230,16487,1,355
356,9.211734478264365,9.529138822212651,2231,16487,1,356
357,-6.723809596461166,-1.591091478594901,2232,16487,1,357
358,-3.047963527593904,6.770461407941259,2233,16487,1,358
359,-8.93428423389544,8.421995564149466,2234,16487,1,359
360,6.3725398427399575,-1.1993717186870256,2235,16487,1,360
361,-5.471163360139039,2.949132077940685,2236,16487,1,361
362,-8.043474100436113,-5.3588630900574135,2237,16487,1,362
363,3.0533908193916304,1.7628196616733316,2238,16487,1,363
364,-7.935482378705698,6.859598053666012,2239,16487,1,364
365,-8.507899617525304,8.84584227779812,2240,16487,1,365
366,-1.9024012897141065,4.240177880289993,2241,16487,1,366
367,2.4731919820355444,8.554968084822839,2242,16487,1,367
368,-2.0085815275667063,1.622706563722469,2243,16487,1,368
369,9.790935573686305,3.201614878834354,2244,16487,1,369
370,-8.185740903808592,0.2990486426387413,2245,16487,1,370
371,-1.2536319448480384,1.8210014332040387,2246,16487,1,371
372,4.624377085522767,-0.8213522054586502,2247,16487,1,372
373,-8.051268152039924,-5.775145205204073,2248,16487,1,373
374,9.982466476008696,-8.754801660539794,2249,16487,1,374
375,-1.71401344661337,3.761722301561738,2250,16487,1,375
376,7.007492405575725,7.297432726655227,2251,16487,1,376
377,4.650642249586745,-3.722975444338039,2252,16487,1,377
378,-1.167153129895777,-4.774246707175016,2253,16487,1,378
379,-1.1807384567429224,-0.7153405743486587,2254,16487,1,379
380,6.636328739172626,-0.683454010377929,2255,16487,1,380
381,3.507132946998308,-3.501277009418784,2256,16487,1,381
382,9.094886234544033,6.860379282575845,2257,16487,1,382
383,9.862387452511124,4.310720274900227,2258,16487,1,383
384,0.833464608629896,7.293993621876524,2259,16487,1,384
385,4.821730557391115,-8.141796054171891,2260,16487,1,385
386,-2.622461361560875,6.310237417021881,2261,16487,1,386
387,3.7039005446361823,0.0233927590901856,2262,16487,1,387
388,-4.857718737467813,4.416363367204523,2263,16487,1,388
389,7.493768663494752,8.359441035752837,2264,16487,1,389
390,2.174873385880975,0.5425030101013704,2265,16487,1,390
391,-5.688693599309262,5.772447403274201,2266,16487,1,391
392,3.1119673463473774,1.821298497409124,2267,16487,1,392
393,9.31538156279355,4.619849583491995,2268,16487,1,393
394,4.814615714885576,-8.50294604857794,2269,16487,1,394
395,-7.583911185705057,-0.2664491543003393,2270,16487,1,395
396,-8.449137257905656,1.401796951192896,2271,16487,1,396
397,5.553100604302447,-9.258075283597012,2272,16487,1,397
398,9.290126565444933,3.5328942738750904,2273,16487,1,398
399,2.9784054999539915,6.88595509449657,2274,16487,1,399
400,7.949046019804019,0.95933306251961,2275,16487,1,400
401,-8.054024313083342,-9.246179463448131,2276,16487,1,401
402,9.394252307385742,2.715694257399422,2277,16487,1,402
403,-1.3679543692378289,3.781384044223593,2278,16487,1,403
404,6.003175788107036,-0.442933116533176,2279,16487,1,404
405,-3.5178291645218174,6.707921318308038,2280,16487,1,405
406,7.56670143087533,-5.795952431558642,2281,16487,1,406
407,-0.8899758713215729,-9.4773082175682,2282,16487,1,407
408,2.649137144529508,8.702249545610265,2283,16487,1,408
409,8.025521710804714,0.654216141026291,2284,16487,1,409
410,-3.671295180037326,7.815360998347902,2285,16487,1,410
411,-8.583226210179355,-3.165257827404222,2286,16487,1,411
412,7.788300458065521,-4.015433728890447,2287,16487,1,412
413,0.7680561937606445,0.4151454814733704,2288,16487,1,413
414,-7.285311423285929,8.956843761612639,2289,16487,1,414
415,4.879173624294404,-9.2542910209635,2290,16487,1,415
416,-5.310147775921119,-6.417515569942727,2291,16487,1,416
417,3.629479600234181,1.9298371084543149,2292,16487,1,417
418,0.5193022115182977,6.962662609818178,2293,16487,1,418
419,6.380532551543322,-1.2684782236527408,2294,16487,1,419
420,-8.446463046077632,-9.643279191988034,2295,16487,1,420
421,-2.8862448523611395,1.069546437718035,2296,16487,1,421
422,9.201143229031889,2.303063996770117,2297,16487,1,422
423,9.068380766868902,-5.288688126543837,2298,16487,1,423
424,-3.882897306862379,8.144251857672199,2299,16487,1,424
425,6.531334020518337,-4.617149543293384,2300,16487,1,425
426,-7.304766064631922,-5.662111341272647,2301,16487,1,426
427,6.4274281698009865,3.6478334707858,2302,16487,1,427
428,-6.350436019949006,-9.87479198129984,2303,16487,1,428
429,6.040304014274632,-7.886067816387554,2304,16487,1,429
430,5.247275420847657,9.568175174212431,2305,16487,1,430
431,0.5187813243194022,1.5411277303958926,2306,16487,1,431
432,3.272046108495436,3.5533051419763595,2307,16487,1,432
433,3.887206037750431,-0.2822372873935901,2308,16487,1,433
434,-8.60200960520566,-8.067502266811085,2309,16487,1,434
435,-9.887011283346798,0.2247745847246012,2310,16487,1,435
436,-5.916833591375803,4.284062509026196,2311,16487,1,436
437,5.429458151928813,-7.6216795680695455,2312,16487,1,437
438,-5.6491352370150905,0.5936288823788427,2313,16487,1,438
439,-6.385180828867078,0.5098784958410736,2314,16487,1,439
440,-8.06881705282841,-9.507548319432347,2315,16487,1,440
441,-3.817606753748864,-3.255253739433208,2316,16487,1,441
442,9.38411432667931,-5.833693108287799,2317,16487,1,442
443,-9.585697627822857,8.295428585695962,2318,16487,1,443
444,3.875451516739128,-3.723516136603431,2319,16487,1,444
445,5.412367035002498,4.122382479006364,2320,16487,1,445
446,4.101852182362208,1.1545132480842497,2321,16487,1,446
447,-1.374996890021766,3.8891903216968906,2322,16487,1,447
448,-9.442118689354214,-8.944337315273923,2323,16487,1,448
449,2.299235986790197,7.9772732775831585,2324,16487,1,449
450,6.741422488439998,4.06653728230272,2325,16487,1,450
451,-1.959995766210964,-7.083922092870187,2326,16487,1,451
452,5.658124460870571,-2.821008528615112,2327,16487,1,452
453,-9.850308790076298,-3.0209700892801905,2328,16487,1,453
454,0.4207050728331687,1.460610402590918,2329,16487,1,454
455,-0.108830972666043,-6.196588584208989,2330,16487,0,455
456,-8.060741301251754,0.0943176508001837,2331,16487,1,456
457,-5.170646711980318,4.329290752569241,2332,16487,1,457
458,8.640851388203114,7.338027926137247,2333,16487,1,458
459,-1.1585279070412362,5.750253755610794,2334,16487,1,459
460,5.596254676226224,0.2527938487087429,2335,16487,1,460
461,-3.785490453130331,3.5376825427183967,2336,16487,1,461
462,-8.918835120295874,7.471125197142776,2337,16487,1,462
463,6.765494808636767,3.4422793738217834,2338,16487,1,463
464,9.6112384911381,4.438982629994346,2339,16487,1,464
465,7.203995061642488,-3.4507652871222128,2340,16487,1,465
466,9.471232203039849,-4.545230133664317,2341,16487,1,466
467,2.0193030267423038,-1.265679774962221,2342,16487,1,467
468,3.9225344513784144,9.605286408353416,2343,16487,1,468
469,-4.461712718905919,-2.5672504366162947,2344,16487,1,469
470,4.1869072129982285,1.0200267002760768,2345,16487,1,470
471,-4.7365202317314825,-6.375776860774609,2346,16487,1,471
472,-4.792254376590495,5.123804997611593,2347,16487,1,472
473,7.845342559172082,6.047686320567454,2348,16487,1,473
474,3.2628116485079204,-4.892602816970215,2349,16487,1,474
475,-7.045817475436474,8.455168947213153,2350,16487,1,475
476,-1.7931675488221863,-6.132660405153132,2351,16487,1,476
477,8.161917073553486,-3.78114633996324,2352,16487,1,477
478,4.487130623493577,2.982341224479356,2353,16487,1,478
479,-4.41185484176621,7.828676062703323,2354,16487,1,479
480,-9.864701317792337,-3.1386465271274915,2355,16487,1,480
481,-5.345337957835248,-5.668535528963885,2356,16487,1,481
482,-4.00823718531824,-1.569335739431736,2357,16487,1,482
483,2.083346630330423,-6.542774249535821,2358,16487,1,483
484,3.749706365352868,-1.5006996313482528,2359,16487,1,484
485,-0.9264208730806408,6.05272804568553,2360,16487,1,485
486,7.11799949868341,-2.627721041752502,2361,16487,1,486
487,-4.121791822864274,-7.752366422568397,2362,16487,1,487
488,2.772944734993013,-3.9990671185917455,2363,16487,1,488
489,-3.278737774922691,-7.178384161983511,2364,16487,1,489
490,-8.571248061146129,2.090166797893719,2365,16487,1,490
491,1.3731492395943228,-8.5958218170701,2366,16487,1,491
492,2.184692179395748,5.213535488345055,2367,16487,1,492
493,6.950679902510487,0.2462824652570781,2368,16487,1,493
494,1.2776778406519291,7.793565447111934,2369,16487,1,494
495,7.330707740691437,7.464337506514667,2370,16487,1,495
496,6.530586500403508,4.126046696339591,2371,16487,1,496
497,-0.0969140303404518,-0.6234157476295277,2372,16487,0,497
498,-5.9654819679779125,-5.198233653295219,2373,16487,1,498
499,2.210138905363223,-1.9447774338564356,2374,16487,1,499
500,9.904449077420136,-1.7353383989824265,2375,16487,1,500
501,-7.332595254502299,-1.5193330113042336,2376,16487,1,501
502,8.859189780337847,4.575126378415391,2377,16487,1,502
503,-8.510761921735561,-4.992094020230537,2378,16487,1,503
504,-3.9370960658001657,6.372066217315751,2379,16487,1,504
505,-3.7773726547143305,-0.6558454605034427,2380,16487,1,505
506,7.036299361406151,5.92684749074559,2381,16487,1,506
507,8.486042817243458,-3.883751449963624,2382,16487,1,507
508,-4.92277026545453,-7.381448434956841,2383,16487,1,508
509,0.4635357589444133,-9.29471138102361,2384,16487,1,509
510,9.412875427208633,6.5757760815074455,2385,16487,1,510
511,5.896111789825786,2.0400626533558235,2386,16487,1,511
512,-1.43031434357831,4.85897437964522,2387,16487,1,512
513,5.322221017738178,-9.916235994369432,2388,16487,1,513
514,0.3783385444943121,-6.07352852554264,2389,16487,1,514
515,9.755408396529743,8.700586205891362,2390,16487,1,515
516,-9.653466327521304,0.910137396376726,2391,16487,1,516
517,-3.301656194073188,-9.260956473495114,2392,16487,1,517
518,-6.358194735296776,-9.533271417892166,2393,16487,1,518
519,5.799968247816432,7.423525052458643,2394,16487,1,519
520,-9.89250711445415,-2.995949679489076,2395,16487,1,520
521,-4.928842980304509,-1.4827389153172543,2396,16487,1,521
522,-3.6823250612844287,1.400962461222102,2397,16487,1,522
523,-2.058473872020397,0.9658951178852532,2398,16487,1,523
524,-5.90052520327114,-0.0013681347538749,2399,16487,1,524
525,-8.578325224969085,0.1601904868352637,2400,16487,1,525
526,-1.607840824118373,-1.3959935821524248,2401,16487,1,526
527,-9.804623679721526,-2.4944004432861755,2402,16487,1,527
528,-4.4085950869800605,6.202599952082302,2403,16487,1,528
529,-9.308214427533958,0.8626085683200095,2404,16487,1,529
530,6.627368423770548,-2.216647316860736,2405,16487,1,530
531,0.6018669601003594,0.3282799727772172,2406,16487,1,531
532,-0.7321200038111968,-8.483531981005425,2407,16487,1,532
533,-2.515342858829797,0.9508904333529262,2408,16487,1,533
534,-1.606709492834879,8.809251603561801,2409,16487,1,534
535,-4.416769710466535,6.161721119898321,2410,16487,1,535
536,-7.501635646675455,8.929928362080876,2411,16487,1,536
537,4.909019595227003,4.706348136196578,2412,16487,1,537
538,5.398305814556888,-9.899402283326618,2413,16487,1,538
539,7.10214866343938,2.9389935786895105,2414,16487,1,539
540,-0.5566371167578783,-4.002964048365167,2415,16487,1,540
541,-7.457474544063563,2.2589827348562146,2416,16487,1,541
542,4.629251473728592,-4.534047923919903,2417,16487,1,542
543,8.575621257263187,-5.406376394040304,2418,16487,1,543
544,-4.561111759732484,6.761554330955555,2419,16487,1,544
545,4.727950368069347,1.9080650110136297,2420,16487,1,545
546,-9.09173616821027,6.210519232311633,2421,16487,1,546
547,-4.9746114009068965,-6.189422561976043,2422,16487,1,547
548,4.759422549790241,-2.8725603640409547,2423,16487,1,548
549,2.9486532902825395,6.57843951100363,2424,16487,1,549
550,-4.9292890547515045,-2.7543259845508983,2425,16487,1,550
551,-1.030844743922685,6.680033750021405,2426,16487,1,551
552,-6.208394335479966,-2.7183106465279323,2427,16487,1,552
553,8.861794591282678,-7.569689906089991,2428,16487,1,553
554,-8.262862583731083,5.557260931794939,2429,16487,1,554
555,1.6760353255770395,-7.326909940558457,2430,16487,1,555
556,-9.233185021443129,-8.385494073235808,2431,16487,1,556
557,1.0565918443642437,-1.389348106905647,2432,16487,1,557
558,-4.028531640746131,-6.638287786806929,2433,16487,1,558
559,9.480058456990786,1.3701044515772836,2434,16487,1,559
560,-3.030608811531565,9.404127717950036,2435,16487,1,560
561,-5.318688346649447,-1.883952079939192,2436,16487,1,561
562,-8.7085522534071,4.7811405797795725,2437,16487,1,562
563,-9.223406063643896,1.2136823861656223,2438,16487,1,563
564,2.66656861521599,-2.425294890902996,2439,16487,1,564
565,-1.1281146303409957,-3.976713195866375,2440,16487,1,565
566,-5.46001700601467,9.922411552825768,2441,16487,1,566
567,-9.26914640668608,5.2957585812095775,2442,16487,1,567
568,8.00301037884627,3.07382554299849,2443,16487,1,568
569,-0.6063015743772109,-1.4180743388477275,2444,16487,1,569
570,-8.538590671022352,1.66264364156617,2445,16487,1,570
571,-0.6361856050015451,-0.1899756733870727,2446,16487,1,571
572,-4.13543710645051,-7.661668552176282,2447,16487,1,572
573,2.4218344002710346,-6.098831566406702,2448,16487,1,573
574,7.040761056806566,7.727786718944657,2449,16487,1,574
575,5.282114565429444,-8.995507191892338,2450,16487,1,575
576,1.225682148788101,8.530276911460096,2451,16487,1,576
577,9.332245265644794,-5.124699269219954,2452,16487,1,577
578,-5.736089956434512,-1.1620425312815374,2453,16487,1,578
579,-4.968515008227559,-1.678770303332236,2454,16487,1,579
580,7.289334786448226,-2.850961314452631,2455,16487,1,580
581,8.471760264788998,-7.820104832324453,2456,16487,1,581
582,-4.51050755377175,-9.10735148189579,2457,16487,1,582
583,3.868793227675532,-6.9882530721877085,2458,16487,1,583
584,5.637512448257178,-6.212266558860127,2459,16487,1,584
585,0.8683518432920412,-7.215976772917148,2460,16487,1,585
586,8.224282711017551,1.3350419279879606,2461,16487,1,586
587,0.8784154932144599,-9.49625871722128,2462,16487,1,587
588,-0.8304453872763133,7.73562478773594,2463,16487,1,588
589,-9.190930614139308,9.312265041852536,2464,16487,1,589
590,3.0153863678357613,2.245464535946507,2465,16487,1,590
591,-2.231569746393629,4.162419220526774,2466,16487,1,591
592,-7.744649359076035,6.268182257342069,2467,16487,1,592
593,-9.434705100724898,2.734328287565752,2468,16487,1,593
594,-8.627438263474245,-0.1205377735363928,2469,16487,1,594
595,8.278860337141161,1.076367833614542,2470,16487,1,595
596,-9.702701863114102,-4.461098493734223,2471,16487,1,596
597,7.935640847044041,-5.11461028090431,2472,16487,1,597
598,-5.726087640249522,-9.09983862890165,2473,16487,1,598
599,6.713157843802296,4.422195325893449,2474,16487,1,599
600,2.995928925804021,0.8805653738637922,2475,16487,1,600
601,-8.725725893946638,5.210920092773051,2476,16487,1,601
602,-3.7217517490585017,6.771881298465299,2477,16487,1,602
603,9.193964950496357,1.2105779059567627,2478,16487,1,603
604,-0.2840693553060838,9.83065832773239,2479,16487,1,604
605,0.833879935159576,-5.109250746546953,2480,16487,1,605
606,-1.1723104673462537,-7.271816411444987,2481,16487,1,606
607,-6.463167243939831,-9.574698680096956,2482,16487,1,607
608,-6.5321342887555245,-4.719630094656548,2483,16487,1,608
609,-5.159648791770735,-4.546997509034263,2484,16487,1,609
610,-8.892213222201477,4.905212960722064,2485,16487,1,610
611,-1.0789995218825954,5.350090365096168,2486,16487,1,611
612,-3.4802844456169213,4.699788948131509,2487,16487,1,612
613,-6.020906217006987,-5.338199574834359,2488,16487,1,613
614,-0.7402008374644105,8.45287160826134,2489,16487,1,614
615,-3.3939893268893755,8.887855504000807,2490,16487,1,615
616,5.784888383472479,-1.296766442087165,2491,16487,1,616
617,-6.446582421273021,-9.983137620453212,2492,16487,1,617
618,6.366293168599931,4.205167561063384,2493,16487,1,618
619,9.511970323485794,1.60333023283356,2494,16487,1,619
620,-6.909797305782419,8.786096051983524,2495,16487,1,620
621,1.8624558018303572,-6.5347797695778365,2496,16487,1,621
622,-2.823549129306504,9.240804620463926,2497,16487,1,622
623,1.273023084072717,-0.2856558284552619,2498,16487,1,623
624,5.819564650174534,6.369377906176382,2499,16487,1,624
0,-7.111071509909519,6.984151073529194,2500,16489,1,0
1,-6.691927199752046,-2.8362384677871777,2501,16489,1,1
2,-1.019519097601167,9.31777196328953,2502,16489,1,2
3,5.2019774870653706,8.608183358143538,2503,16489,1,3
4,5.047386231180743,-6.321863741173351,2504,16489,1,4
5,-8.845886732006011,6.508368681884647,2505,16489,1,5
6,-7.121969974128685,-5.166272667908379,2506,16489,1,6
7,-7.16354062485637,-6.464960586775739,2507,16489,1,7
8,5.262489414526785,9.34032622439484,2508,16489,1,8
9,5.182338863934062,-9.597456544076612,2509,16489,1,9
10,7.714649293708181,-1.1464052732859091,2510,16489,1,10
11,-2.3779558201660755,6.126562816124284,2511,16489,1,11
12,-5.294579005341713,-2.916623288007328,2512,16489,1,12
13,-7.178673421680952,0.0880729262986683,2513,16489,1,13
14,7.367195415184842,-0.6437098407473822,2514,16489,1,14
15,-8.29930472043438,4.638502444871991,2515,16489,1,15
16,4.720689410833474,5.047926513693133,2516,16489,1,16
17,-0.4307935901731756,5.253417875990527,2517,16489,1,17
18,3.369497370561838,-2.778832447521322,2518,16489,1,18
19,8.599841441936501,-3.851309397257081,2519,16489,1,19
20,-0.7103790048968968,-2.163716258433248,2520,16489,1,20
21,-7.506045954098344,-5.962634159794251,2521,16489,1,21
22,8.801281055979896,-7.7625097308611934,2522,16489,1,22
23,7.211056926013263,4.344826717491507,2523,16489,1,23
24,-5.172841351038258,2.722101152693705,2524,16489,1,24
25,3.773367057300643,-3.875608026706927,2525,16489,1,25
26,-1.9325135112765128,-3.0362051871766,2526,16489,1,26
27,-1.8721351408021287,-6.821060412874593,2527,16489,1,27
28,0.0777945673031865,-4.010117058414648,2528,16489,0,28
29,6.036818020250582,4.31599877302002,2529,16489,1,29
30,3.3621001034034865,-6.984542630285406,2530,16489,1,30
31,2.008770880594895,0.3183229641749214,2531,16489,1,31
32,1.0566720594499923,3.716151443687908,2532,16489,1,32
33,-4.960910949428065,5.368801257511695,2533,16489,1,33
34,6.887944159119094,-5.601075732895469,2534,16489,1,34
35,-8.570067440887549,-8.68765598818177,2535,16489,1,35
36,5.859091891293655,6.848707296588636,2536,16489,1,36
37,7.512120281177417,-5.148991131723568,2537,16489,1,37
38,5.240373554781844,0.2040724691777349,2538,16489,1,38
39,1.980124447421776,3.8603841178729255,2539,16489,1,39
40,9.064761927033535,5.07514278334294,2540,16489,1,40
41,-7.883579524072748,7.105051720531716,2541,16489,1,41
42,-9.942991131212809,-6.151822564812994,2542,16489,1,42
43,5.539956146488665,-3.807591143099347,2543,16489,1,43
44,9.60173966169291,-2.3269406152970245,2544,16489,1,44
45,1.5616464747866026,-5.601562959539423,2545,16489,1,45
46,-6.824370908951787,6.837266993615327,2546,16489,1,46
47,8.271673701284161,-1.823405308602652,2547,16489,1,47
48,-7.397834114316046,7.301592253007737,2548,16489,1,48
49,-2.485004877038934,-1.9092138245208223,2549,16489,1,49
50,-4.526897922801718,3.0238821760903445,2550,16489,1,50
51,4.2748174850034495,-1.93925994506526,2551,16489,1,51
52,6.637076447902974,6.541492214401842,2552,16489,1,52
53,1.1136886788806084,9.479259447907737,2553,16489,1,53
54,-0.4744919875511684,-2.777312361559443,2554,16489,1,54
55,2.2334604001509675,-6.37974833028127,2555,16489,1,55
56,-8.382491497676003,0.7817391984052886,2556,16489,1,56
57,-6.579214866971417,5.799243384419929,2557,16489,1,57
58,-7.839764934863791,-2.591630786923876,2558,16489,1,58
59,-7.001607445197459,-9.35473749618663,2559,16489,1,59
60,-4.2531958939643495,6.8217555219092,2560,16489,1,60
61,-5.726581679029139,-8.752532421653296,2561,16489,1,61
62,-2.590552795790904,5.843248360886651,2562,16489,1,62
63,-3.5652759702860592,5.110570881449894,2563,16489,1,63
64,5.942730329697989,4.791285261832293,2564,16489,1,64
65,4.084058414658646,6.401542276889479,2565,16489,1,65
66,-7.625116246421242,-2.625002403469667,2566,16489,1,66
67,6.347278611314756,-2.4015085093861988,2567,16489,1,67
68,5.273930731198547,-1.9405560076686277,2568,16489,1,68
69,-0.8255785186696212,-7.434609707200705,2569,16489,1,69
70,4.028969909064962,-9.652181399036577,2570,16489,1,70
71,7.329871199225849,-3.695476930039776,2571,16489,1,71
72,8.434272450204162,6.334699571487079,2572,16489,1,72
73,-4.585845280549091,2.517407975257948,2573,16489,1,73
74,1.6287909003002363,-3.807482262916509,2574,16489,1,74
75,-0.3489358388548584,-9.413316213161442,2575,16489,1,75
76,-0.9201115082137096,-6.648980045850181,2576,16489,1,76
77,-5.222335894142653,-5.55078297993435,2577,16489,1,77
78,-6.106802703400296,-1.483829641811628,2578,16489,1,78
79,6.4233197631268695,-2.719970157462201,2579,16489,1,79
80,3.712253319761565,-8.35895837654055,2580,16489,1,80
81,-8.136592918589455,9.581530148324408,2581,16489,1,81
82,0.788327051301172,0.3513259554028369,2582,16489,1,82
83,-4.015465295844436,3.714035277764333,2583,16489,1,83
84,0.0793831346034164,6.629609904696544,2584,16489,0,84
85,-5.021296365474328,3.979367782166507,2585,16489,1,85
86,-9.020524127180549,7.900606736278423,2586,16489,1,86
87,0.5824528284492203,-0.4486843692217803,2587,16489,1,87
88,1.2746898729413907,-9.537327921084076,2588,16489,1,88
89,8.989315567045871,5.006820327398522,2589,16489,1,89
90,7.06508969196469,-7.913291151186197,2590,16489,1,90
91,-4.13523501021559,0.6254332859623464,2591,16489,1,91
92,0.0235579265994623,7.721315056979428,2592,16489,0,92
93,-0.5194455762465804,0.9967027006415244,2593,16489,1,93
94,7.686707537287155,5.495481771649418,2594,16489,1,94
95,2.460121940851881,-0.7399662832901317,2595,16489,1,95
96,-4.981011053860116,-9.078134812583,2596,16489,1,96
97,8.98639602313375,6.794495337232952,2597,16489,1,97
98,9.711013117681876,9.20315699773155,2598,16489,1,98
99,-6.762957773112936,2.172152376184167,2599,16489,1,99
100,8.648196616762093,-5.822833863932839,2600,16489,1,100
101,6.431737721289231,0.820881495797714,2601,16489,1,101
102,0.6602362081138207,1.445855625080256,2602,16489,1,102
103,0.2834020367396839,0.0165167414502587,2603,16489,1,103
104,0.4513394368894925,5.650358468233474,2604,16489,1,104
105,-2.276004762926222,-7.531148609451563,2605,16489,1,105
106,-1.9839311563929505,-4.728580785352259,2606,16489,1,106
107,-5.987189443827587,-9.542439654654917,2607,16489,1,107
108,-0.6123358877669176,5.031836588565053,2608,16489,1,108
109,-1.9454500493857625,-9.626775906945364,2609,16489,1,109
110,-5.176309600142909,-1.194971727809012,2610,16489,1,110
111,-9.096735152820354,-7.715128571886134,2611,16489,1,111
112,9.158782088908795,2.9511134691823067,2612,16489,1,112
113,7.1299555113593485,-3.613261977511901,2613,16489,1,113
114,-5.5035293431097365,2.19178123329694,2614,16489,1,114
115,0.2568473821302479,-6.913690923761351,2615,16489,1,115
116,-2.586547681253002,-7.250570376527142,2616,16489,1,116
117,1.2837346069832645,0.6294629322912364,2617,16489,1,117
118,5.803922835328585,-8.375753105114379,2618,16489,1,118
119,-5.058666865970638,1.658375438029026,2619,16489,1,119
120,1.5920270567297052,1.1577514914120286,2620,16489,1,120
121,6.538474973559165,2.1815854956641,2621,16489,1,121
122,1.6025917782971728,2.7924495919985723,2622,16489,1,122
123,2.2502800585627707,2.179114523608096,2623,16489,1,123
124,7.560280018546276,-5.930498759189369,2624,16489,1,124
125,3.002703650773652,-0.2625612446368919,2625,16489,1,125
126,-4.872433867639003,2.991967554313044,2626,16489,1,126
127,-6.000546672003693,-1.2074134062362525,2627,16489,1,127
128,-7.316771848563803,-9.37122771972416,2628,16489,1,128
129,5.673290936753993,4.784343055125479,2629,16489,1,129
130,-0.1583573513204683,1.9890602898413297,2630,16489,0,130
131,-8.794236400831663,-6.74329095774665,2631,16489,1,131
132,2.7294514206026026,2.283002679349336,2632,16489,1,132
133,-3.402519146739456,-1.756481816386291,2633,16489,1,133
134,0.0495808824338368,-4.06094834732444,2634,16489,0,134
135,1.0708962512928295,7.63801170575293,2635,16489,1,135
136,-4.134090459937958,2.837756202896633,2636,16489,1,136
137,-5.61894491670397,2.842989627687418,2637,16489,1,137
138,6.5711088919874605,-8.554878619577355,2638,16489,1,138
139,1.8602290067284384,4.620116785944862,2639,16489,1,139
140,5.985405476650932,3.790479319052928,2640,16489,1,140
141,7.445918979749319,8.740049731978068,2641,16489,1,141
142,-2.8667907204652714,-2.5950296302288383,2642,16489,1,142
143,7.124299442791095,-2.442349070991609,2643,16489,1,143
144,7.145975957239109,6.941008605109246,2644,16489,1,144
145,-3.923786505531133,-5.253338179980878,2645,16489,1,145
146,-8.82535564040751,3.5861824333169032,2646,16489,1,146
147,-4.074025975649276,-5.5592149223373895,2647,16489,1,147
148,-3.792339839589836,4.162048971355453,2648,16489,1,148
149,-2.142260920971788,5.998535312266981,2649,16489,1,149
150,8.760631997495882,5.343678243603435,2650,16489,1,150
151,-5.5504498706672445,-9.904127847219556,2651,16489,1,151
152,-5.697634352712992,7.297636518788707,2652,16489,1,152
153,-0.1402666926435518,-7.795303168477821,2653,16489,0,153
154,3.37307091232184,-0.1660849681860003,2654,16489,1,154
155,8.175770112544036,5.595480909455915,2655,16489,1,155
156,4.910180292044188,-7.343151176175278,2656,16489,1,156
157,-6.278164746435735,2.7619345658047862,2657,16489,1,157
158,-9.344670859064848,5.712583718595496,2658,16489,1,158
159,-1.5416175299410444,-7.241391822401373,2659,16489,1,159
160,-2.5157120190518256,-1.9059626860831909,2660,16489,1,160
161,-3.592186354604583,0.4236920784638958,2661,16489,1,161
162,-6.537235421262915,-8.535128289532386,2662,16489,1,162
163,-4.4789249273727005,-3.969827047593285,2663,16489,1,163
164,7.581919063285799,-4.01528718721506,2664,16489,1,164
165,3.037334548442544,6.177448614526991,2665,16489,1,165
166,-6.00155292341539,2.062295978732731,2666,16489,1,166
167,1.3697032584695457,9.75641188754446,2667,16489,1,167
168,-6.676086697154116,-5.660399938989372,2668,16489,1,168
169,4.382575814024722,7.904823396477482,2669,16489,1,169
170,1.8172098735439484,7.501060552126852,2670,16489,1,170
171,-0.7065881165385619,7.72857802640911,2671,16489,1,171
172,0.7112972229197467,-1.518191795895305,2672,16489,1,172
173,5.223512268854044,5.673038040684252,2673,16489,1,173
174,-0.9309090835704374,4.450649279506882,2674,16489,1,174
175,8.976162085315671,-5.755479588210505,2675,16489,1,175
176,7.097223948958021,-9.573246032331175,2676,16489,1,176
177,8.879979668797084,7.117862970720086,2677,16489,1,177
178,4.576308264859563,2.9680184219380656,2678,16489,1,178
179,-8.519482446883512,0.1832212816875529,2679,16489,1,179
180,4.3686890070415,9.305747047784912,2680,16489,1,180
181,7.954397991764178,0.8447728534459849,2681,16489,1,181
182,-0.9128328422311504,2.517013292112312,2682,16489,1,182
183,-3.958738746486508,4.115996749076532,2683,16489,1,183
184,-3.628099021267152,9.796812129345373,2684,16489,1,184
185,3.2137031098278754,2.3111701896860737,2685,16489,1,185
186,-5.587667623543178,4.890216841071149,2686,16489,1,186
187,5.485347339127989,-3.064093714829814,2687,16489,1,187
188,-1.9080137128742043,-7.10664726796852,2688,16489,1,188
189,-9.819410456692296,-2.783494805097318,2689,16489,1,189
190,-7.084393689762633,-6.43017384634531,2690,16489,1,190
191,1.6404459114334102,-2.315286743212111,2691,16489,1,191
192,8.870326967997425,0.0764436141031676,2692,16489,1,192
193,-2.1976195963551053,8.95538164078009,2693,16489,1,193
194,6.023051918749534,1.6735085395153355,2694,16489,1,194
195,-8.180960543055447,4.653039748465735,2695,16489,1,195
196,6.206770666078029,-3.1218059663065496,2696,16489,1,196
197,-1.1195935556803622,2.7034018948282856,2697,16489,1,197
198,7.396908960121543,-1.076509018660092,2698,16489,1,198
199,-7.795011359618327,5.054207245568772,2699,16489,1,199
200,9.33136197781274,-5.860769452863915,2700,16489,1,200
201,4.57298257186881,-3.5408344707690205,2701,16489,1,201
202,-5.354913530568524,8.595554941421359,2702,16489,1,202
203,-9.361100041232946,-7.084640793594126,2703,16489,1,203
204,-6.245375121740979,3.913806318410156,2704,16489,1,204
205,-2.2203062211213087,2.603930607537407,2705,16489,1,205
206,-6.793070475965304,5.514161077619804,2706,16489,1,206
207,3.5367009236126776,5.685590393998117,2707,16489,1,207
208,8.544993396579361,8.823734344673984,2708,16489,1,208
209,-4.143035789844243,2.4663726736052816,2709,16489,1,209
210,-6.090645309271084,8.31850699759024,2710,16489,1,210
211,4.418657012728108,-9.717425529488631,2711,16489,1,211
212,-0.6749991472736294,6.170018512471245,2712,16489,1,212
213,1.6520873090091095,4.590225117125069,2713,16489,1,213
214,-1.93950885446365,5.609791266165512,2714,16489,1,214
215,-0.5166707760277855,-4.151766038141407,2715,16489,1,215
216,-4.77281924477764,-5.350241610351518,2716,16489,1,216
217,3.055160532425633,-0.895458496527155,2717,16489,1,217
218,-1.9334084608635784,3.639733455926814,2718,16489,1,218
219,-5.799388578823699,-3.202991713691146,2719,16489,1,219
220,-9.19700533883756,7.093865728902713,2720,16489,1,220
221,-1.856899123792001,2.452320748205468,2721,16489,1,221
222,2.1758874662182865,-0.971793754099231,2722,16489,1,222
223,-2.1374828044472576,-1.8419779178975144,2723,16489,1,223
224,-1.7801915649296711,0.0964287325947843,2724,16489,1,224
225,1.7985017296544503,5.565598506261454,2725,16489,1,225
226,2.7362398161440904,-0.7447559903452898,2726,16489,1,226
227,7.86561236257706,5.366390195901175,2727,16489,1,227
228,1.011586292402395,8.30135461897352,2728,16489,1,228
229,-3.239361457708738,8.756696210198488,2729,16489,1,229
230,7.035244510939819,-5.373023121797964,2730,16489,1,230
231,-5.006990145353325,-5.047871023800628,2731,16489,1,231
232,-8.947515806118485,-4.303632035691392,2732,16489,1,232
233,7.705277448654655,-9.94857683447374,2733,16489,1,233
234,-2.3640080447153844,-6.15673757815816,2734,16489,1,234
235,9.75376679584918,-4.211704514785433,2735,16489,1,235
236,1.1000488447707806,1.7419997994968064,2736,16489,1,236
237,-5.459476943309238,0.7748859579210166,2737,16489,1,237
238,1.4504961451890337,-3.42642942976378,2738,16489,1,238
239,4.081899179655446,-8.773488639877007,2739,16489,1,239
240,-9.404165939417446,-6.597619584722936,2740,16489,1,240
241,-5.981968309993211,-4.616741517796001,2741,16489,1,241
242,1.3594283877091513,-1.2318037438101967,2742,16489,1,242
243,-5.078035838551265,3.958183645534387,2743,16489,1,243
244,5.81563455864204,-4.99634101409745,2744,16489,1,244
245,8.369819911943758,4.641852821761489,2745,16489,1,245
246,1.0146196929902516,-6.113956426248317,2746,16489,1,246
247,2.6726255958148077,-2.50880967936183,2747,16489,1,247
248,-1.0644184580327387,4.151302268995359,2748,16489,1,248
249,2.9339910330988754,-3.83340041049042,2749,16489,1,249
250,-9.460588072364695,9.90843212799685,2750,16489,1,250
251,3.954936924132678,-8.303557537061357,2751,16489,1,251
252,-4.561076376267752,5.334199418296684,2752,16489,1,252
253,-5.800764499412743,-9.056125940972295,2753,16489,1,253
254,3.918815013455241,2.1131061196329317,2754,16489,1,254
255,-8.10635696780222,0.7080095385916216,2755,16489,1,255
256,9.195876999348592,-4.628210334153737,2756,16489,1,256
257,7.193581813124904,-7.782893001267537,2757,16489,1,257
258,5.944672874325271,5.0157026870279005,2758,16489,1,258
259,1.3612633116676631,8.659090507919856,2759,16489,1,259
260,9.607542217004353,8.16563127512606,2760,16489,1,260
261,0.8939686790499515,-6.962966883491228,2761,16489,1,261
262,-5.997802462385735,-8.55611610429727,2762,16489,1,262
263,-8.829350173624032,0.5475750312078702,2763,16489,1,263
264,-3.943297216481378,-1.8807658400933391,2764,16489,1,264
265,5.111246210654644,-0.8299141344403616,2765,16489,1,265
266,8.204026236353432,-3.4333705749456094,2766,16489,1,266
267,4.690568244761408,-7.573961366852946,2767,16489,1,267
268,-3.1255632227740904,6.9146220977828605,2768,16489,1,268
269,-2.204907596779078,4.173937092670199,2769,16489,1,269
270,8.4729829212278,-3.4151676616577014,2770,16489,1,270
271,2.036676787551608,1.8155017718547448,2771,16489,1,271
272,-0.373701140580911,9.401214135957566,2772,16489,1,272
273,9.833092993387162,1.6062239437480643,2773,16489,1,273
274,4.654836586691243,3.5671807975712646,2774,16489,1,274
275,1.39325046303769,6.001093718782101,2775,16489,1,275
276,-4.530452737240706,-0.6742637148341313,2776,16489,1,276
277,0.0011530151831973,3.3268421588371417,2777,16489,0,277
278,-7.737690985589289,-1.0696926827706843,2778,16489,1,278
279,4.173876461625914,-5.522574245112432,2779,16489,1,279
280,-3.939019416995249,7.241102419632142,2780,16489,1,280
281,-8.498846337397637,-1.8291915159071357,2781,16489,1,281
282,3.291281547037378,-0.3564514601153394,2782,16489,1,282
283,4.027054577384387,3.229440414176686,2783,16489,1,283
284,2.1697113785072,7.74426772815389,2784,16489,1,284
285,-8.999904304053253,-4.986419407040719,2785,16489,1,285
286,9.652758597112877,-8.666742481743416,2786,16489,1,286
287,-2.154760450515396,3.416370091406801,2787,16489,1,287
288,6.811711089386282,6.760328068348787,2788,16489,1,288
289,-3.751786610747104,-1.680589676403656,2789,16489,1,289
290,0.5353809006770209,0.4433589486296867,2790,16489,1,290
291,8.842333858720242,1.9074343122128496,2791,16489,1,291
292,4.569481798293145,-0.7066502071483391,2792,16489,1,292
293,-1.044011041109263,0.434969239897109,2793,16489,1,293
294,-2.65384335219387,-5.90737468807353,2794,16489,1,294
295,-1.612355980835794,-6.220508992601048,2795,16489,1,295
296,-4.360045437705214,-1.20292973107542,2796,16489,1,296
297,5.970492210438467,8.053725686385206,2797,16489,1,297
298,-8.558710759722114,-3.763130354499575,2798,16489,1,298
299,-2.9297814963335167,-9.25151916878589,2799,16489,1,299
300,-0.6055965780422152,-9.523690546615835,2800,16489,1,300
301,2.451303185921517,-9.026665869377045,2801,16489,1,301
302,5.128653313430938,-7.301754485050989,2802,16489,1,302
303,5.476231414682042,-3.784441005026258,2803,16489,1,303
304,-7.534138032202239,-0.5379906057370825,2804,16489,1,304
305,2.070609953561757,4.449665519751878,2805,16489,1,305
306,0.1020041542148959,9.930508388654935,2806,16489,0,306
307,-3.642417809752746,-6.142978334133882,2807,16489,1,307
308,1.527882734489765,-8.042916755040647,2808,16489,1,308
309,4.290516967645985,0.7852213896479086,2809,16489,1,309
310,-4.807567349664524,6.849481174018084,2810,16489,1,310
311,-6.1266230616154616,-9.02540248502724,2811,16489,1,311
312,-4.025249390915815,-2.1501587179672965,2812,16489,1,312
313,-5.54390745661733,-3.038824459702858,2813,16489,1,313
314,9.312782426901272,-1.0985296963609503,2814,16489,1,314
315,-9.841178331714,3.916324209892668,2815,16489,1,315
316,8.976237715051823,6.919020233974752,2816,16489,1,316
317,6.738431649391735,5.832393296297834,2817,16489,1,317
318,2.031909022764109,-2.319063278342033,2818,16489,1,318
319,1.2620805933138346,0.4811428795186607,2819,16489,1,319
320,-5.054024117516185,-1.945493253508113,2820,16489,1,320
321,-0.2684746122301611,7.962881020940806,2821,16489,1,321
322,1.1820467154860577,4.731896663965731,2822,16489,1,322
323,2.166232914386825,-1.9240722111376467,2823,16489,1,323
324,-6.797502638162955,-0.3548798685579086,2824,16489,1,324
325,-1.7214380235984947,-6.444701789448279,2825,16489,1,325
326,0.7308568749344211,-4.4592152689482445,2826,16489,1,326
327,6.5636731454933255,-1.0390081774825646,2827,16489,1,327
328,-7.677403072217444,7.0151379946989145,2828,16489,1,328
329,-6.631544343234122,-2.677593642772371,2829,16489,1,329
330,4.704989030737988,-2.849617421835693,2830,16489,1,330
331,4.085759179589219,-0.6035464730659044,2831,16489,1,331
332,-6.440219943237735,3.06323940592954,2832,16489,1,332
333,5.37246533754576,0.6610832920001286,2833,16489,1,333
334,4.775747884381957,8.870559466168125,2834,16489,1,334
335,-3.821402084135004,0.6024006007791787,2835,16489,1,335
336,-2.834792834417696,-8.965051974081481,2836,16489,1,336
337,9.805490961841418,-0.7871676452219827,2837,16489,1,337
338,-3.862147408404129,-3.756632081743378,2838,16489,1,338
339,-2.2204617200397863,-5.450135241283352,2839,16489,1,339
340,5.928755583294137,3.8054375018155735,2840,16489,1,340
341,6.753223705141991,4.6149547590016375,2841,16489,1,341
342,-8.757758687639953,-1.262567898547598,2842,16489,1,342
343,2.8823451209185524,9.374498363551051,2843,16489,1,343
344,-1.2192890842591453,6.167676544310638,2844,16489,1,344
345,-2.5685994422047376,-0.3975803342537993,2845,16489,1,345
346,7.252787837886096,4.904580160645601,2846,16489,1,346
347,-6.990607174365479,-4.967060971169063,2847,16489,1,347
348,-1.1087719547941255,-1.8393317660827984,2848,16489,1,348
349,3.399847413934168,-4.7665263942208576,2849,16489,1,349
350,-2.3080807106379497,5.893075395254321,2850,16489,1,350
351,-4.087294370822785,-9.13030673719664,2851,16489,1,351
352,1.4076135159950915,-9.165323285508036,2852,16489,1,352
353,-0.7835079081304723,6.936437331205987,2853,16489,1,353
354,-0.229466737956228,0.9690939982628084,2854,16489,1,354
355,-8.619655185102427,-6.232765038010357,2855,16489,1,355
356,9.211734478264365,9.529138822212651,2856,16489,1,356
357,-6.723809596461166,-1.591091478594901,2857,16489,1,357
358,-3.047963527593904,6.770461407941259,2858,16489,1,358
359,-8.93428423389544,8.421995564149466,2859,16489,1,359
360,6.3725398427399575,-1.1993717186870256,2860,16489,1,360
361,-5.471163360139039,2.949132077940685,2861,16489,1,361
362,-8.043474100436113,-5.3588630900574135,2862,16489,1,362
363,3.0533908193916304,1.7628196616733316,2863,16489,1,363
364,-7.935482378705698,6.859598053666012,2864,16489,1,364
365,-8.507899617525304,8.84584227779812,2865,16489,1,365
366,-1.9024012897141065,4.240177880289993,2866,16489,1,366
367,2.4731919820355444,8.554968084822839,2867,16489,1,367
368,-2.0085815275667063,1.622706563722469,2868,16489,1,368
369,9.790935573686305,3.201614878834354,2869,16489,1,369
370,-8.185740903808592,0.2990486426387413,2870,16489,1,370
371,-1.2536319448480384,1.8210014332040387,2871,16489,1,371
372,4.624377085522767,-0.8213522054586502,2872,16489,1,372
373,-8.051268152039924,-5.775145205204073,2873,16489,1,373
374,9.982466476008696,-8.754801660539794,2874,16489,1,374
375,-1.71401344661337,3.761722301561738,2875,16489,1,375
376,7.007492405575725,7.297432726655227,2876,16489,1,376
377,4.650642249586745,-3.722975444338039,2877,16489,1,377
378,-1.167153129895777,-4.774246707175016,2878,16489,1,378
379,-1.1807384567429224,-0.7153405743486587,2879,16489,1,379
380,6.636328739172626,-0.683454010377929,2880,16489,1,380
381,3.507132946998308,-3.501277009418784,2881,16489,1,381
382,9.094886234544033,6.860379282575845,2882,16489,1,382
383,9.862387452511124,4.310720274900227,2883,16489,1,383
384,0.833464608629896,7.293993621876524,2884,16489,1,384
385,4.821730557391115,-8.141796054171891,2885,16489,1,385
386,-2.622461361560875,6.310237417021881,2886,16489,1,386
387,3.7039005446361823,0.0233927590901856,2887,16489,1,387
388,-4.857718737467813,4.416363367204523,2888,16489,1,388
389,7.493768663494752,8.359441035752837,2889,16489,1,389
390,2.174873385880975,0.5425030101013704,2890,16489,1,390
391,-5.688693599309262,5.772447403274201,2891,16489,1,391
392,3.1119673463473774,1.821298497409124,2892,16489,1,392
393,9.31538156279355,4.619849583491995,2893,16489,1,393
394,4.814615714885576,-8.50294604857794,2894,16489,1,394
395,-7.583911185705057,-0.2664491543003393,2895,16489,1,395
396,-8.449137257905656,1.401796951192896,2896,16489,1,396
397,5.553100604302447,-9.258075283597012,2897,16489,1,397
398,9.290126565444933,3.5328942738750904,2898,16489,1,398
399,2.9784054999539915,6.88595509449657,2899,16489,1,399
400,7.949046019804019,0.95933306251961,2900,16489,1,400
401,-8.054024313083342,-9.246179463448131,2901,16489,1,401
402,9.394252307385742,2.715694257399422,2902,16489,1,402
403,-1.3679543692378289,3.781384044223593,2903,16489,1,403
404,6.003175788107036,-0.442933116533176,2904,16489,1,404
405,-3.5178291645218174,6.707921318308038,2905,16489,1,405
406,7.56670143087533,-5.795952431558642,2906,16489,1,406
407,-0.8899758713215729,-9.4773082175682,2907,16489,1,407
408,2.649137144529508,8.702249545610265,2908,16489,1,408
409,8.025521710804714,0.654216141026291,2909,16489,1,409
410,-3.671295180037326,7.815360998347902,2910,16489,1,410
411,-8.583226210179355,-3.165257827404222,2911,16489,1,411
412,7.788300458065521,-4.015433728890447,2912,16489,1,412
413,0.7680561937606445,0.4151454814733704,2913,16489,1,413
414,-7.285311423285929,8.956843761612639,2914,16489,1,414
415,4.879173624294404,-9.2542910209635,2915,16489,1,415
416,-5.310147775921119,-6.417515569942727,2916,16489,1,416
417,3.629479600234181,1.9298371084543149,2917,16489,1,417
418,0.5193022115182977,6.962662609818178,2918,16489,1,418
419,6.380532551543322,-1.2684782236527408,2919,16489,1,419
420,-8.446463046077632,-9.643279191988034,2920,16489,1,420
421,-2.8862448523611395,1.069546437718035,2921,16489,1,421
422,9.201143229031889,2.303063996770117,2922,16489,1,422
423,9.068380766868902,-5.288688126543837,2923,16489,1,423
424,-3.882897306862379,8.144251857672199,2924,16489,1,424
425,6.531334020518337,-4.617149543293384,2925,16489,1,425
426,-7.304766064631922,-5.662111341272647,2926,16489,1,426
427,6.4274281698009865,3.6478334707858,2927,16489,1,427
428,-6.350436019949006,-9.87479198129984,2928,16489,1,428
429,6.040304014274632,-7.886067816387554,2929,16489,1,429
430,5.247275420847657,9.568175174212431,2930,16489,1,430
431,0.5187813243194022,1.5411277303958926,2931,16489,1,431
432,3.272046108495436,3.5533051419763595,2932,16489,1,432
433,3.887206037750431,-0.2822372873935901,2933,16489,1,433
434,-8.60200960520566,-8.067502266811085,2934,16489,1,434
435,-9.887011283346798,0.2247745847246012,2935,16489,1,435
436,-5.916833591375803,4.284062509026196,2936,16489,1,436
437,5.429458151928813,-7.6216795680695455,2937,16489,1,437
438,-5.6491352370150905,0.5936288823788427,2938,16489,1,438
439,-6.385180828867078,0.5098784958410736,2939,16489,1,439
440,-8.06881705282841,-9.507548319432347,2940,16489,1,440
441,-3.817606753748864,-3.255253739433208,2941,16489,1,441
442,9.38411432667931,-5.833693108287799,2942,16489,1,442
443,-9.585697627822857,8.295428585695962,2943,16489,1,443
444,3.875451516739128,-3.723516136603431,2944,16489,1,444
445,5.412367035002498,4.122382479006364,2945,16489,1,445
446,4.101852182362208,1.1545132480842497,2946,16489,1,446
447,-1.374996890021766,3.8891903216968906,2947,16489,1,447
448,-9.442118689354214,-8.944337315273923,2948,16489,1,448
449,2.299235986790197,7.9772732775831585,2949,16489,1,449
450,6.741422488439998,4.06653728230272,2950,16489,1,450
451,-1.959995766210964,-7.083922092870187,2951,16489,1,451
452,5.658124460870571,-2.821008528615112,2952,16489,1,452
453,-9.850308790076298,-3.0209700892801905,2953,16489,1,453
454,0.4207050728331687,1.460610402590918,2954,16489,1,454
455,-0.108830972666043,-6.196588584208989,2955,16489,0,455
456,-8.060741301251754,0.0943176508001837,2956,16489,1,456
457,-5.170646711980318,4.329290752569241,2957,16489,1,457
458,8.640851388203114,7.338027926137247,2958,16489,1,458
459,-1.1585279070412362,5.750253755610794,2959,16489,1,459
460,5.596254676226224,0.2527938487087429,2960,16489,1,460
461,-3.785490453130331,3.5376825427183967,2961,16489,1,461
462,-8.918835120295874,7.471125197142776,2962,16489,1,462
463,6.765494808636767,3.4422793738217834,2963,16489,1,463
464,9.6112384911381,4.438982629994346,2964,16489,1,464
465,7.203995061642488,-3.4507652871222128,2965,16489,1,465
466,9.471232203039849,-4.545230133664317,2966,16489,1,466
467,2.0193030267423038,-1.265679774962221,2967,16489,1,467
468,3.9225344513784144,9.605286408353416,2968,16489,1,468
469,-4.461712718905919,-2.5672504366162947,2969,16489,1,469
470,4.1869072129982285,1.0200267002760768,2970,16489,1,470
471,-4.7365202317314825,-6.375776860774609,2971,16489,1,471
472,-4.792254376590495,5.123804997611593,2972,16489,1,472
473,7.845342559172082,6.047686320567454,2973,16489,1,473
474,3.2628116485079204,-4.892602816970215,2974,16489,1,474
475,-7.045817475436474,8.455168947213153,2975,16489,1,475
476,-1.7931675488221863,-6.132660405153132,2976,16489,1,476
477,8.161917073553486,-3.78114633996324,2977,16489,1,477
478,4.487130623493577,2.982341224479356,2978,16489,1,478
479,-4.41185484176621,7.828676062703323,2979,16489,1,479
480,-9.864701317792337,-3.1386465271274915,2980,16489,1,480
481,-5.345337957835248,-5.668535528963885,2981,16489,1,481
482,-4.00823718531824,-1.569335739431736,2982,16489,1,482
483,2.083346630330423,-6.542774249535821,2983,16489,1,483
484,3.749706365352868,-1.5006996313482528,2984,16489,1,484
485,-0.9264208730806408,6.05272804568553,2985,16489,1,485
486,7.11799949868341,-2.627721041752502,2986,16489,1,486
487,-4.121791822864274,-7.752366422568397,2987,16489,1,487
488,2.772944734993013,-3.9990671185917455,2988,16489,1,488
489,-3.278737774922691,-7.178384161983511,2989,16489,1,489
490,-8.571248061146129,2.090166797893719,2990,16489,1,490
491,1.3731492395943228,-8.5958218170701,2991,16489,1,491
492,2.184692179395748,5.213535488345055,2992,16489,1,492
493,6.950679902510487,0.2462824652570781,2993,16489,1,493
494,1.2776778406519291,7.793565447111934,2994,16489,1,494
495,7.330707740691437,7.464337506514667,2995,16489,1,495
496,6.530586500403508,4.126046696339591,2996,16489,1,496
497,-0.0969140303404518,-0.6234157476295277,2997,16489,0,497
498,-5.9654819679779125,-5.198233653295219,2998,16489,1,498
499,2.210138905363223,-1.9447774338564356,2999,16489,1,499
500,9.904449077420136,-1.7353383989824265,3000,16489,1,500
501,-7.332595254502299,-1.5193330113042336,3001,16489,1,501
502,8.859189780337847,4.575126378415391,3002,16489,1,502
503,-8.510761921735561,-4.992094020230537,3003,16489,1,503
504,-3.9370960658001657,6.372066217315751,3004,16489,1,504
505,-3.7773726547143305,-0.6558454605034427,3005,16489,1,505
506,7.036299361406151,5.92684749074559,3006,16489,1,506
507,8.486042817243458,-3.883751449963624,3007,16489,1,507
508,-4.92277026545453,-7.381448434956841,3008,16489,1,508
509,0.4635357589444133,-9.29471138102361,3009,16489,1,509
510,9.412875427208633,6.5757760815074455,3010,16489,1,510
511,5.896111789825786,2.0400626533558235,3011,16489,1,511
512,-1.43031434357831,4.85897437964522,3012,16489,1,512
513,5.322221017738178,-9.916235994369432,3013,16489,1,513
514,0.3783385444943121,-6.07352852554264,3014,16489,1,514
515,9.755408396529743,8.700586205891362,3015,16489,1,515
516,-9.653466327521304,0.910137396376726,3016,16489,1,516
517,-3.301656194073188,-9.260956473495114,3017,16489,1,517
518,-6.358194735296776,-9.533271417892166,3018,16489,1,518
519,5.799968247816432,7.423525052458643,3019,16489,1,519
520,-9.89250711445415,-2.995949679489076,3020,16489,1,520
521,-4.928842980304509,-1.4827389153172543,3021,16489,1,521
522,-3.6823250612844287,1.400962461222102,3022,16489,1,522
523,-2.058473872020397,0.9658951178852532,3023,16489,1,523
524,-5.90052520327114,-0.0013681347538749,3024,16489,1,524
525,-8.578325224969085,0.1601904868352637,3025,16489,1,525
526,-1.607840824118373,-1.3959935821524248,3026,16489,1,526
527,-9.804623679721526,-2.4944004432861755,3027,16489,1,527
528,-4.4085950869800605,6.202599952082302,3028,16489,1,528
529,-9.308214427533958,0.8626085683200095,3029,16489,1,529
530,6.627368423770548,-2.216647316860736,3030,16489,1,530
531,0.6018669601003594,0.3282799727772172,3031,16489,1,531
532,-0.7321200038111968,-8.483531981005425,3032,16489,1,532
533,-2.515342858829797,0.9508904333529262,3033,16489,1,533
534,-1.606709492834879,8.809251603561801,3034,16489,1,534
535,-4.416769710466535,6.161721119898321,3035,16489,1,535
536,-7.501635646675455,8.929928362080876,3036,16489,1,536
537,4.909019595227003,4.706348136196578,3037,16489,1,537
538,5.398305814556888,-9.899402283326618,3038,16489,1,538
539,7.10214866343938,2.9389935786895105,3039,16489,1,539
540,-0.5566371167578783,-4.002964048365167,3040,16489,1,540
541,-7.457474544063563,2.2589827348562146,3041,16489,1,541
542,4.629251473728592,-4.534047923919903,3042,16489,1,542
543,8.575621257263187,-5.406376394040304,3043,16489,1,543
544,-4.561111759732484,6.761554330955555,3044,16489,1,544
545,4.727950368069347,1.9080650110136297,3045,16489,1,545
546,-9.09173616821027,6.210519232311633,3046,16489,1,546
547,-4.9746114009068965,-6.189422561976043,3047,16489,1,547
548,4.759422549790241,-2.8725603640409547,3048,16489,1,548
549,2.9486532902825395,6.57843951100363,3049,16489,1,549
550,-4.9292890547515045,-2.7543259845508983,3050,16489,1,550
551,-1.030844743922685,6.680033750021405,3051,16489,1,551
552,-6.208394335479966,-2.7183106465279323,3052,16489,1,552
553,8.861794591282678,-7.569689906089991,3053,16489,1,553
554,-8.262862583731083,5.557260931794939,3054,16489,1,554
555,1.6760353255770395,-7.326909940558457,3055,16489,1,555
556,-9.233185021443129,-8.385494073235808,3056,16489,1,556
557,1.0565918443642437,-1.389348106905647,3057,16489,1,557
558,-4.028531640746131,-6.638287786806929,3058,16489,1,558
559,9.480058456990786,1.3701044515772836,3059,16489,1,559
560,-3.030608811531565,9.404127717950036,3060,16489,1,560
561,-5.318688346649447,-1.883952079939192,3061,16489,1,561
562,-8.7085522534071,4.7811405797795725,3062,16489,1,562
563,-9.223406063643896,1.2136823861656223,3063,16489,1,563
564,2.66656861521599,-2.425294890902996,3064,16489,1,564
565,-1.1281146303409957,-3.976713195866375,3065,16489,1,565
566,-5.46001700601467,9.922411552825768,3066,16489,1,566
567,-9.26914640668608,5.2957585812095775,3067,16489,1,567
568,8.00301037884627,3.07382554299849,3068,16489,1,568
569,-0.6063015743772109,-1.4180743388477275,3069,16489,1,569
570,-8.538590671022352,1.66264364156617,3070,16489,1,570
571,-0.6361856050015451,-0.1899756733870727,3071,16489,1,571
572,-4.13543710645051,-7.661668552176282,3072,16489,1,572
573,2.4218344002710346,-6.098831566406702,3073,16489,1,573
574,7.040761056806566,7.727786718944657,3074,16489,1,574
575,5.282114565429444,-8.995507191892338,3075,16489,1,575
576,1.225682148788101,8.530276911460096,3076,16489,1,576
577,9.332245265644794,-5.124699269219954,3077,16489,1,577
578,-5.736089956434512,-1.1620425312815374,3078,16489,1,578
579,-4.968515008227559,-1.678770303332236,3079,16489,1,579
580,7.289334786448226,-2.850961314452631,3080,16489,1,580
581,8.471760264788998,-7.820104832324453,3081,16489,1,581
582,-4.51050755377175,-9.10735148189579,3082,16489,1,582
583,3.868793227675532,-6.9882530721877085,3083,16489,1,583
584,5.637512448257178,-6.212266558860127,3084,16489,1,584
585,0.8683518432920412,-7.215976772917148,3085,16489,1,585
586,8.224282711017551,1.3350419279879606,3086,16489,1,586
587,0.8784154932144599,-9.49625871722128,3087,16489,1,587
588,-0.8304453872763133,7.73562478773594,3088,16489,1,588
589,-9.190930614139308,9.312265041852536,3089,16489,1,589
590,3.0153863678357613,2.245464535946507,3090,16489,1,590
591,-2.231569746393629,4.162419220526774,3091,16489,1,591
592,-7.744649359076035,6.268182257342069,3092,16489,1,592
593,-9.434705100724898,2.734328287565752,3093,16489,1,593
594,-8.627438263474245,-0.1205377735363928,3094,16489,1,594
595,8.278860337141161,1.076367833614542,3095,16489,1,595
596,-9.702701863114102,-4.461098493734223,3096,16489,1,596
597,7.935640847044041,-5.11461028090431,3097,16489,1,597
598,-5.726087640249522,-9.09983862890165,3098,16489,1,598
599,6.713157843802296,4.422195325893449,3099,16489,1,599
600,2.995928925804021,0.8805653738637922,3100,16489,1,600
601,-8.725725893946638,5.210920092773051,3101,16489,1,601
602,-3.7217517490585017,6.771881298465299,3102,16489,1,602
603,9.193964950496357,1.2105779059567627,3103,16489,1,603
604,-0.2840693553060838,9.83065832773239,3104,16489,1,604
605,0.833879935159576,-5.109250746546953,3105,16489,1,605
606,-1.1723104673462537,-7.271816411444987,3106,16489,1,606
607,-6.463167243939831,-9.574698680096956,3107,16489,1,607
608,-6.5321342887555245,-4.719630094656548,3108,16489,1,608
609,-5.159648791770735,-4.546997509034263,3109,16489,1,609
610,-8.892213222201477,4.905212960722064,3110,16489,1,610
611,-1.0789995218825954,5.350090365096168,3111,16489,1,611
612,-3.4802844456169213,4.699788948131509,3112,16489,1,612
613,-6.020906217006987,-5.338199574834359,3113,16489,1,613
614,-0.7402008374644105,8.45287160826134,3114,16489,1,614
615,-3.3939893268893755,8.887855504000807,3115,16489,1,615
616,5.784888383472479,-1.296766442087165,3116,16489,1,616
617,-6.446582421273021,-9.983137620453212,3117,16489,1,617
618,6.366293168599931,4.205167561063384,3118,16489,1,618
619,9.511970323485794,1.60333023283356,3119,16489,1,619
620,-6.909797305782419,8.786096051983524,3120,16489,1,620
621,1.8624558018303572,-6.5347797695778365,3121,16489,1,621
622,-2.823549129306504,9.240804620463926,3122,16489,1,622
623,1.273023084072717,-0.2856558284552619,3123,16489,1,623
624,5.819564650174534,6.369377906176382,3124,16489,1,624
0,-7.111071509909519,6.984151073529194,3125,16533,1,0
1,-6.691927199752046,-2.8362384677871777,3126,16533,1,1
2,-1.019519097601167,9.31777196328953,3127,16533,1,2
3,5.2019774870653706,8.608183358143538,3128,16533,1,3
4,5.047386231180743,-6.321863741173351,3129,16533,1,4
5,-8.845886732006011,6.508368681884647,3130,16533,1,5
6,-7.121969974128685,-5.166272667908379,3131,16533,1,6
7,-7.16354062485637,-6.464960586775739,3132,16533,1,7
8,5.262489414526785,9.34032622439484,3133,16533,1,8
9,5.182338863934062,-9.597456544076612,3134,16533,1,9
10,7.714649293708181,-1.1464052732859091,3135,16533,1,10
11,-2.3779558201660755,6.126562816124284,3136,16533,1,11
12,-5.294579005341713,-2.916623288007328,3137,16533,1,12
13,-7.178673421680952,0.0880729262986683,3138,16533,1,13
14,7.367195415184842,-0.6437098407473822,3139,16533,1,14
15,-8.29930472043438,4.638502444871991,3140,16533,1,15
16,4.720689410833474,5.047926513693133,3141,16533,1,16
17,-0.4307935901731756,5.253417875990527,3142,16533,1,17
18,3.369497370561838,-2.778832447521322,3143,16533,1,18
19,8.599841441936501,-3.851309397257081,3144,16533,1,19
20,-0.7103790048968968,-2.163716258433248,3145,16533,1,20
21,-7.506045954098344,-5.962634159794251,3146,16533,1,21
22,8.801281055979896,-7.7625097308611934,3147,16533,1,22
23,7.211056926013263,4.344826717491507,3148,16533,1,23
24,-5.172841351038258,2.722101152693705,3149,16533,1,24
25,3.773367057300643,-3.875608026706927,3150,16533,1,25
26,-1.9325135112765128,-3.0362051871766,3151,16533,1,26
27,-1.8721351408021287,-6.821060412874593,3152,16533,1,27
28,0.0777945673031865,-4.010117058414648,3153,16533,0,28
29,6.036818020250582,4.31599877302002,3154,16533,1,29
30,3.3621001034034865,-6.984542630285406,3155,16533,1,30
31,2.008770880594895,0.3183229641749214,3156,16533,1,31
32,1.0566720594499923,3.716151443687908,3157,16533,1,32
33,-4.960910949428065,5.368801257511695,3158,16533,1,33
34,6.887944159119094,-5.601075732895469,3159,16533,1,34
35,-8.570067440887549,-8.68765598818177,3160,16533,1,35
36,5.859091891293655,6.848707296588636,3161,16533,1,36
37,7.512120281177417,-5.148991131723568,3162,16533,1,37
38,5.240373554781844,0.2040724691777349,3163,16533,1,38
39,1.980124447421776,3.8603841178729255,3164,16533,1,39
40,9.064761927033535,5.07514278334294,3165,16533,1,40
41,-7.883579524072748,7.105051720531716,3166,16533,1,41
42,-9.942991131212809,-6.151822564812994,3167,16533,1,42
43,5.539956146488665,-3.807591143099347,3168,16533,1,43
44,9.60173966169291,-2.3269406152970245,3169,16533,1,44
45,1.5616464747866026,-5.601562959539423,3170,16533,1,45
46,-6.824370908951787,6.837266993615327,3171,16533,1,46
47,8.271673701284161,-1.823405308602652,3172,16533,1,47
48,-7.397834114316046,7.301592253007737,3173,16533,1,48
49,-2.485004877038934,-1.9092138245208223,3174,16533,1,49
50,-4.526897922801718,3.0238821760903445,3175,16533,1,50
51,4.2748174850034495,-1.93925994506526,3176,16533,1,51
52,6.637076447902974,6.541492214401842,3177,16533,1,52
53,1.1136886788806084,9.479259447907737,3178,16533,1,53
54,-0.4744919875511684,-2.777312361559443,3179,16533,1,54
55,2.2334604001509675,-6.37974833028127,3180,16533,1,55
56,-8.382491497676003,0.7817391984052886,3181,16533,1,56
57,-6.579214866971417,5.799243384419929,3182,16533,1,57
58,-7.839764934863791,-2.591630786923876,3183,16533,1,58
59,-7.001607445197459,-9.35473749618663,3184,16533,1,59
60,-4.2531958939643495,6.8217555219092,3185,16533,1,60
61,-5.726581679029139,-8.752532421653296,3186,16533,1,61
62,-2.590552795790904,5.843248360886651,3187,16533,1,62
63,-3.5652759702860592,5.110570881449894,3188,16533,1,63
64,5.942730329697989,4.791285261832293,3189,16533,1,64
65,4.084058414658646,6.401542276889479,3190,16533,1,65
66,-7.625116246421242,-2.625002403469667,3191,16533,1,66
67,6.347278611314756,-2.4015085093861988,3192,16533,1,67
68,5.273930731198547,-1.9405560076686277,3193,16533,1,68
69,-0.8255785186696212,-7.434609707200705,3194,16533,1,69
70,4.028969909064962,-9.652181399036577,3195,16533,1,70
71,7.329871199225849,-3.695476930039776,3196,16533,1,71
72,8.434272450204162,6.334699571487079,3197,16533,1,72
73,-4.585845280549091,2.517407975257948,3198,16533,1,73
74,1.6287909003002363,-3.807482262916509,3199,16533,1,74
75,-0.3489358388548584,-9.413316213161442,3200,16533,1,75
76,-0.9201115082137096,-6.648980045850181,3201,16533,1,76
77,-5.222335894142653,-5.55078297993435,3202,16533,1,77
78,-6.106802703400296,-1.483829641811628,3203,16533,1,78
79,6.4233197631268695,-2.719970157462201,3204,16533,1,79
80,3.712253319761565,-8.35895837654055,3205,16533,1,80
81,-8.136592918589455,9.581530148324408,3206,16533,1,81
82,0.788327051301172,0.3513259554028369,3207,16533,1,82
83,-4.015465295844436,3.714035277764333,3208,16533,1,83
84,0.0793831346034164,6.629609904696544,3209,16533,0,84
85,-5.021296365474328,3.979367782166507,3210,16533,1,85
86,-9.020524127180549,7.900606736278423,3211,16533,1,86
87,0.5824528284492203,-0.4486843692217803,3212,16533,1,87
88,1.2746898729413907,-9.537327921084076,3213,16533,1,88
89,8.989315567045871,5.006820327398522,3214,16533,1,89
90,7.06508969196469,-7.913291151186197,3215,16533,1,90
91,-4.13523501021559,0.6254332859623464,3216,16533,1,91
92,0.0235579265994623,7.721315056979428,3217,16533,0,92
93,-0.5194455762465804,0.9967027006415244,3218,16533,1,93
94,7.686707537287155,5.495481771649418,3219,16533,1,94
95,2.460121940851881,-0.7399662832901317,3220,16533,1,95
96,-4.981011053860116,-9.078134812583,3221,16533,1,96
97,8.98639602313375,6.794495337232952,3222,16533,1,97
98,9.711013117681876,9.20315699773155,3223,16533,1,98
99,-6.762957773112936,2.172152376184167,3224,16533,1,99
100,8.648196616762093,-5.822833863932839,3225,16533,1,100
101,6.431737721289231,0.820881495797714,3226,16533,1,101
102,0.6602362081138207,1.445855625080256,3227,16533,1,102
103,0.2834020367396839,0.0165167414502587,3228,16533,1,103
104,0.4513394368894925,5.650358468233474,3229,16533,1,104
105,-2.276004762926222,-7.531148609451563,3230,16533,1,105
106,-1.9839311563929505,-4.728580785352259,3231,16533,1,106
107,-5.987189443827587,-9.542439654654917,3232,16533,1,107
108,-0.6123358877669176,5.031836588565053,3233,16533,1,108
109,-1.9454500493857625,-9.626775906945364,3234,16533,1,109
110,-5.176309600142909,-1.194971727809012,3235,16533,1,110
111,-9.096735152820354,-7.715128571886134,3236,16533,1,111
112,9.158782088908795,2.9511134691823067,3237,16533,1,112
113,7.1299555113593485,-3.613261977511901,3238,16533,1,113
114,-5.5035293431097365,2.19178123329694,3239,16533,1,114
115,0.2568473821302479,-6.913690923761351,3240,16533,1,115
116,-2.586547681253002,-7.250570376527142,3241,16533,1,116
117,1.2837346069832645,0.6294629322912364,3242,16533,1,117
118,5.803922835328585,-8.375753105114379,3243,16533,1,118
119,-5.058666865970638,1.658375438029026,3244,16533,1,119
120,1.5920270567297052,1.1577514914120286,3245,16533,1,120
121,6.538474973559165,2.1815854956641,3246,16533,1,121
122,1.6025917782971728,2.7924495919985723,3247,16533,1,122
123,2.2502800585627707,2.179114523608096,3248,16533,1,123
124,7.560280018546276,-5.930498759189369,3249,16533,1,124
125,3.002703650773652,-0.2625612446368919,3250,16533,1,125
126,-4.872433867639003,2.991967554313044,3251,16533,1,126
127,-6.000546672003693,-1.2074134062362525,3252,16533,1,127
128,-7.316771848563803,-9.37122771972416,3253,16533,1,128
129,5.673290936753993,4.784343055125479,3254,16533,1,129
130,-0.1583573513204683,1.9890602898413297,3255,16533,0,130
131,-8.794236400831663,-6.74329095774665,3256,16533,1,131
132,2.7294514206026026,2.283002679349336,3257,16533,1,132
133,-3.402519146739456,-1.756481816386291,3258,16533,1,133
134,0.0495808824338368,-4.06094834732444,3259,16533,0,134
135,1.0708962512928295,7.63801170575293,3260,16533,1,135
136,-4.134090459937958,2.837756202896633,3261,16533,1,136
137,-5.61894491670397,2.842989627687418,3262,16533,1,137
138,6.5711088919874605,-8.554878619577355,3263,16533,1,138
139,1.8602290067284384,4.620116785944862,3264,16533,1,139
140,5.985405476650932,3.790479319052928,3265,16533,1,140
141,7.445918979749319,8.740049731978068,3266,16533,1,141
142,-2.8667907204652714,-2.5950296302288383,3267,16533,1,142
143,7.124299442791095,-2.442349070991609,3268,16533,1,143
144,7.145975957239109,6.941008605109246,3269,16533,1,144
145,-3.923786505531133,-5.253338179980878,3270,16533,1,145
146,-8.82535564040751,3.5861824333169032,3271,16533,1,146
147,-4.074025975649276,-5.5592149223373895,3272,16533,1,147
148,-3.792339839589836,4.162048971355453,3273,16533,1,148
149,-2.142260920971788,5.998535312266981,3274,16533,1,149
150,8.760631997495882,5.343678243603435,3275,16533,1,150
151,-5.5504498706672445,-9.904127847219556,3276,16533,1,151
152,-5.697634352712992,7.297636518788707,3277,16533,1,152
153,-0.1402666926435518,-7.795303168477821,3278,16533,0,153
154,3.37307091232184,-0.1660849681860003,3279,16533,1,154
155,8.175770112544036,5.595480909455915,3280,16533,1,155
156,4.910180292044188,-7.343151176175278,3281,16533,1,156
157,-6.278164746435735,2.7619345658047862,3282,16533,1,157
158,-9.344670859064848,5.712583718595496,3283,16533,1,158
159,-1.5416175299410444,-7.241391822401373,3284,16533,1,159
160,-2.5157120190518256,-1.9059626860831909,3285,16533,1,160
161,-3.592186354604583,0.4236920784638958,3286,16533,1,161
162,-6.537235421262915,-8.535128289532386,3287,16533,1,162
163,-4.4789249273727005,-3.969827047593285,3288,16533,1,163
164,7.581919063285799,-4.01528718721506,3289,16533,1,164
165,3.037334548442544,6.177448614526991,3290,16533,1,165
166,-6.00155292341539,2.062295978732731,3291,16533,1,166
167,1.3697032584695457,9.75641188754446,3292,16533,1,167
168,-6.676086697154116,-5.660399938989372,3293,16533,1,168
169,4.382575814024722,7.904823396477482,3294,16533,1,169
170,1.8172098735439484,7.501060552126852,3295,16533,1,170
171,-0.7065881165385619,7.72857802640911,3296,16533,1,171
172,0.7112972229197467,-1.518191795895305,3297,16533,1,172
173,5.223512268854044,5.673038040684252,3298,16533,1,173
174,-0.9309090835704374,4.450649279506882,3299,16533,1,174
175,8.976162085315671,-5.755479588210505,3300,16533,1,175
176,7.097223948958021,-9.573246032331175,3301,16533,1,176
177,8.879979668797084,7.117862970720086,3302,16533,1,177
178,4.576308264859563,2.9680184219380656,3303,16533,1,178
179,-8.519482446883512,0.1832212816875529,3304,16533,1,179
180,4.3686890070415,9.305747047784912,3305,16533,1,180
181,7.954397991764178,0.8447728534459849,3306,16533,1,181
182,-0.9128328422311504,2.517013292112312,3307,16533,1,182
183,-3.958738746486508,4.115996749076532,3308,16533,1,183
184,-3.628099021267152,9.796812129345373,3309,16533,1,184
185,3.2137031098278754,2.3111701896860737,3310,16533,1,185
186,-5.587667623543178,4.890216841071149,3311,16533,1,186
187,5.485347339127989,-3.064093714829814,3312,16533,1,187
188,-1.9080137128742043,-7.10664726796852,3313,16533,1,188
189,-9.819410456692296,-2.783494805097318,3314,16533,1,189
190,-7.084393689762633,-6.43017384634531,3315,16533,1,190
191,1.6404459114334102,-2.315286743212111,3316,16533,1,191
192,8.870326967997425,0.0764436141031676,3317,16533,1,192
193,-2.1976195963551053,8.95538164078009,3318,16533,1,193
194,6.023051918749534,1.6735085395153355,3319,16533,1,194
195,-8.180960543055447,4.653039748465735,3320,16533,1,195
196,6.206770666078029,-3.1218059663065496,3321,16533,1,196
197,-1.1195935556803622,2.7034018948282856,3322,16533,1,197
198,7.396908960121543,-1.076509018660092,3323,16533,1,198
199,-7.795011359618327,5.054207245568772,3324,16533,1,199
200,9.33136197781274,-5.860769452863915,3325,16533,1,200
201,4.57298257186881,-3.5408344707690205,3326,16533,1,201
202,-5.354913530568524,8.595554941421359,3327,16533,1,202
203,-9.361100041232946,-7.084640793594126,3328,16533,1,203
204,-6.245375121740979,3.913806318410156,3329,16533,1,204
205,-2.2203062211213087,2.603930607537407,3330,16533,1,205
206,-6.793070475965304,5.514161077619804,3331,16533,1,206
207,3.5367009236126776,5.685590393998117,3332,16533,1,207
208,8.544993396579361,8.823734344673984,3333,16533,1,208
209,-4.143035789844243,2.4663726736052816,3334,16533,1,209
210,-6.090645309271084,8.31850699759024,3335,16533,1,210
211,4.418657012728108,-9.717425529488631,3336,16533,1,211
212,-0.6749991472736294,6.170018512471245,3337,16533,1,212
213,1.6520873090091095,4.590225117125069,3338,16533,1,213
214,-1.93950885446365,5.609791266165512,3339,16533,1,214
215,-0.5166707760277855,-4.151766038141407,3340,16533,1,215
216,-4.77281924477764,-5.350241610351518,3341,16533,1,216
217,3.055160532425633,-0.895458496527155,3342,16533,1,217
218,-1.9334084608635784,3.639733455926814,3343,16533,1,218
219,-5.799388578823699,-3.202991713691146,3344,16533,1,219
220,-9.19700533883756,7.093865728902713,3345,16533,1,220
221,-1.856899123792001,2.452320748205468,3346,16533,1,221
222,2.1758874662182865,-0.971793754099231,3347,16533,1,222
223,-2.1374828044472576,-1.8419779178975144,3348,16533,1,223
224,-1.7801915649296711,0.0964287325947843,3349,16533,1,224
225,1.7985017296544503,5.565598506261454,3350,16533,1,225
226,2.7362398161440904,-0.7447559903452898,3351,16533,1,226
227,7.86561236257706,5.366390195901175,3352,16533,1,227
228,1.011586292402395,8.30135461897352,3353,16533,1,228
229,-3.239361457708738,8.756696210198488,3354,16533,1,229
230,7.035244510939819,-5.373023121797964,3355,16533,1,230
231,-5.006990145353325,-5.047871023800628,3356,16533,1,231
232,-8.947515806118485,-4.303632035691392,3357,16533,1,232
233,7.705277448654655,-9.94857683447374,3358,16533,1,233
234,-2.3640080447153844,-6.15673757815816,3359,16533,1,234
235,9.75376679584918,-4.211704514785433,3360,16533,1,235
236,1.1000488447707806,1.7419997994968064,3361,16533,1,236
237,-5.459476943309238,0.7748859579210166,3362,16533,1,237
238,1.4504961451890337,-3.42642942976378,3363,16533,1,238
239,4.081899179655446,-8.773488639877007,3364,16533,1,239
240,-9.404165939417446,-6.597619584722936,3365,16533,1,240
241,-5.981968309993211,-4.616741517796001,3366,16533,1,241
242,1.3594283877091513,-1.2318037438101967,3367,16533,1,242
243,-5.078035838551265,3.958183645534387,3368,16533,1,243
244,5.81563455864204,-4.99634101409745,3369,16533,1,244
245,8.369819911943758,4.641852821761489,3370,16533,1,245
246,1.0146196929902516,-6.113956426248317,3371,16533,1,246
247,2.6726255958148077,-2.50880967936183,3372,16533,1,247
248,-1.0644184580327387,4.151302268995359,3373,16533,1,248
249,2.9339910330988754,-3.83340041049042,3374,16533,1,249
250,-9.460588072364695,9.90843212799685,3375,16533,1,250
251,3.954936924132678,-8.303557537061357,3376,16533,1,251
252,-4.561076376267752,5.334199418296684,3377,16533,1,252
253,-5.800764499412743,-9.056125940972295,3378,16533,1,253
254,3.918815013455241,2.1131061196329317,3379,16533,1,254
255,-8.10635696780222,0.7080095385916216,3380,16533,1,255
256,9.195876999348592,-4.628210334153737,3381,16533,1,256
257,7.193581813124904,-7.782893001267537,3382,16533,1,257
258,5.944672874325271,5.0157026870279005,3383,16533,1,258
259,1.3612633116676631,8.659090507919856,3384,16533,1,259
260,9.607542217004353,8.16563127512606,3385,16533,1,260
261,0.8939686790499515,-6.962966883491228,3386,16533,1,261
262,-5.997802462385735,-8.55611610429727,3387,16533,1,262
263,-8.829350173624032,0.5475750312078702,3388,16533,1,263
264,-3.943297216481378,-1.8807658400933391,3389,16533,1,264
265,5.111246210654644,-0.8299141344403616,3390,16533,1,265
266,8.204026236353432,-3.4333705749456094,3391,16533,1,266
267,4.690568244761408,-7.573961366852946,3392,16533,1,267
268,-3.1255632227740904,6.9146220977828605,3393,16533,1,268
269,-2.204907596779078,4.173937092670199,3394,16533,1,269
270,8.4729829212278,-3.4151676616577014,3395,16533,1,270
271,2.036676787551608,1.8155017718547448,3396,16533,1,271
272,-0.373701140580911,9.401214135957566,3397,16533,1,272
273,9.833092993387162,1.6062239437480643,3398,16533,1,273
274,4.654836586691243,3.5671807975712646,3399,16533,1,274
275,1.39325046303769,6.001093718782101,3400,16533,1,275
276,-4.530452737240706,-0.6742637148341313,3401,16533,1,276
277,0.0011530151831973,3.3268421588371417,3402,16533,0,277
278,-7.737690985589289,-1.0696926827706843,3403,16533,1,278
279,4.173876461625914,-5.522574245112432,3404,16533,1,279
280,-3.939019416995249,7.241102419632142,3405,16533,1,280
281,-8.498846337397637,-1.8291915159071357,3406,16533,1,281
282,3.291281547037378,-0.3564514601153394,3407,16533,1,282
283,4.027054577384387,3.229440414176686,3408,16533,1,283
284,2.1697113785072,7.74426772815389,3409,16533,1,284
285,-8.999904304053253,-4.986419407040719,3410,16533,1,285
286,9.652758597112877,-8.666742481743416,3411,16533,1,286
287,-2.154760450515396,3.416370091406801,3412,16533,1,287
288,6.811711089386282,6.760328068348787,3413,16533,1,288
289,-3.751786610747104,-1.680589676403656,3414,16533,1,289
290,0.5353809006770209,0.4433589486296867,3415,16533,1,290
291,8.842333858720242,1.9074343122128496,3416,16533,1,291
292,4.569481798293145,-0.7066502071483391,3417,16533,1,292
293,-1.044011041109263,0.434969239897109,3418,16533,1,293
294,-2.65384335219387,-5.90737468807353,3419,16533,1,294
295,-1.612355980835794,-6.220508992601048,3420,16533,1,295
296,-4.360045437705214,-1.20292973107542,3421,16533,1,296
297,5.970492210438467,8.053725686385206,3422,16533,1,297
298,-8.558710759722114,-3.763130354499575,3423,16533,1,298
299,-2.9297814963335167,-9.25151916878589,3424,16533,1,299
300,-0.6055965780422152,-9.523690546615835,3425,16533,1,300
301,2.451303185921517,-9.026665869377045,3426,16533,1,301
302,5.128653313430938,-7.301754485050989,3427,16533,1,302
303,5.476231414682042,-3.784441005026258,3428,16533,1,303
304,-7.534138032202239,-0.5379906057370825,3429,16533,1,304
305,2.070609953561757,4.449665519751878,3430,16533,1,305
306,0.1020041542148959,9.930508388654935,3431,16533,0,306
307,-3.642417809752746,-6.142978334133882,3432,16533,1,307
308,1.527882734489765,-8.042916755040647,3433,16533,1,308
309,4.290516967645985,0.7852213896479086,3434,16533,1,309
310,-4.807567349664524,6.849481174018084,3435,16533,1,310
311,-6.1266230616154616,-9.02540248502724,3436,16533,1,311
312,-4.025249390915815,-2.1501587179672965,3437,16533,1,312
313,-5.54390745661733,-3.038824459702858,3438,16533,1,313
314,9.312782426901272,-1.0985296963609503,3439,16533,1,314
315,-9.841178331714,3.916324209892668,3440,16533,1,315
316,8.976237715051823,6.919020233974752,3441,16533,1,316
317,6.738431649391735,5.832393296297834,3442,16533,1,317
318,2.031909022764109,-2.319063278342033,3443,16533,1,318
319,1.2620805933138346,0.4811428795186607,3444,16533,1,319
320,-5.054024117516185,-1.945493253508113,3445,16533,1,320
321,-0.2684746122301611,7.962881020940806,3446,16533,1,321
322,1.1820467154860577,4.731896663965731,3447,16533,1,322
323,2.166232914386825,-1.9240722111376467,3448,16533,1,323
324,-6.797502638162955,-0.3548798685579086,3449,16533,1,324
325,-1.7214380235984947,-6.444701789448279,3450,16533,1,325
326,0.7308568749344211,-4.4592152689482445,3451,16533,1,326
327,6.5636731454933255,-1.0390081774825646,3452,16533,1,327
328,-7.677403072217444,7.0151379946989145,3453,16533,1,328
329,-6.631544343234122,-2.677593642772371,3454,16533,1,329
330,4.704989030737988,-2.849617421835693,3455,16533,1,330
331,4.085759179589219,-0.6035464730659044,3456,16533,1,331
332,-6.440219943237735,3.06323940592954,3457,16533,1,332
333,5.37246533754576,0.6610832920001286,3458,16533,1,333
334,4.775747884381957,8.870559466168125,3459,16533,1,334
335,-3.821402084135004,0.6024006007791787,3460,16533,1,335
336,-2.834792834417696,-8.965051974081481,3461,16533,1,336
337,9.805490961841418,-0.7871676452219827,3462,16533,1,337
338,-3.862147408404129,-3.756632081743378,3463,16533,1,338
339,-2.2204617200397863,-5.450135241283352,3464,16533,1,339
340,5.928755583294137,3.8054375018155735,3465,16533,1,340
341,6.753223705141991,4.6149547590016375,3466,16533,1,341
342,-8.757758687639953,-1.262567898547598,3467,16533,1,342
343,2.8823451209185524,9.374498363551051,3468,16533,1,343
344,-1.2192890842591453,6.167676544310638,3469,16533,1,344
345,-2.5685994422047376,-0.3975803342537993,3470,16533,1,345
346,7.252787837886096,4.904580160645601,3471,16533,1,346
347,-6.990607174365479,-4.967060971169063,3472,16533,1,347
348,-1.1087719547941255,-1.8393317660827984,3473,16533,1,348
349,3.399847413934168,-4.7665263942208576,3474,16533,1,349
350,-2.3080807106379497,5.893075395254321,3475,16533,1,350
351,-4.087294370822785,-9.13030673719664,3476,16533,1,351
352,1.4076135159950915,-9.165323285508036,3477,16533,1,352
353,-0.7835079081304723,6.936437331205987,3478,16533,1,353
354,-0.229466737956228,0.9690939982628084,3479,16533,1,354
355,-8.619655185102427,-6.232765038010357,3480,16533,1,355
356,9.211734478264365,9.529138822212651,3481,16533,1,356
357,-6.723809596461166,-1.591091478594901,3482,16533,1,357
358,-3.047963527593904,6.770461407941259,3483,16533,1,358
359,-8.93428423389544,8.421995564149466,3484,16533,1,359
360,6.3725398427399575,-1.1993717186870256,3485,16533,1,360
361,-5.471163360139039,2.949132077940685,3486,16533,1,361
362,-8.043474100436113,-5.3588630900574135,3487,16533,1,362
363,3.0533908193916304,1.7628196616733316,3488,16533,1,363
364,-7.935482378705698,6.859598053666012,3489,16533,1,364
365,-8.507899617525304,8.84584227779812,3490,16533,1,365
366,-1.9024012897141065,4.240177880289993,3491,16533,1,366
367,2.4731919820355444,8.554968084822839,3492,16533,1,367
368,-2.0085815275667063,1.622706563722469,3493,16533,1,368
369,9.790935573686305,3.201614878834354,3494,16533,1,369
370,-8.185740903808592,0.2990486426387413,3495,16533,1,370
371,-1.2536319448480384,1.8210014332040387,3496,16533,1,371
372,4.624377085522767,-0.8213522054586502,3497,16533,1,372
373,-8.051268152039924,-5.775145205204073,3498,16533,1,373
374,9.982466476008696,-8.754801660539794,3499,16533,1,374
375,-1.71401344661337,3.761722301561738,3500,16533,1,375
376,7.007492405575725,7.297432726655227,3501,16533,1,376
377,4.650642249586745,-3.722975444338039,3502,16533,1,377
378,-1.167153129895777,-4.774246707175016,3503,16533,1,378
379,-1.1807384567429224,-0.7153405743486587,3504,16533,1,379
380,6.636328739172626,-0.683454010377929,3505,16533,1,380
381,3.507132946998308,-3.501277009418784,3506,16533,1,381
382,9.094886234544033,6.860379282575845,3507,16533,1,382
383,9.862387452511124,4.310720274900227,3508,16533,1,383
384,0.833464608629896,7.293993621876524,3509,16533,1,384
385,4.821730557391115,-8.141796054171891,3510,16533,1,385
386,-2.622461361560875,6.310237417021881,3511,16533,1,386
387,3.7039005446361823,0.0233927590901856,3512,16533,1,387
388,-4.857718737467813,4.416363367204523,3513,16533,1,388
389,7.493768663494752,8.359441035752837,3514,16533,1,389
390,2.174873385880975,0.5425030101013704,3515,16533,1,390
391,-5.688693599309262,5.772447403274201,3516,16533,1,391
392,3.1119673463473774,1.821298497409124,3517,16533,1,392
393,9.31538156279355,4.619849583491995,3518,16533,1,393
394,4.814615714885576,-8.50294604857794,3519,16533,1,394
395,-7.583911185705057,-0.2664491543003393,3520,16533,1,395
396,-8.449137257905656,1.401796951192896,3521,16533,1,396
397,5.553100604302447,-9.258075283597012,3522,16533,1,397
398,9.290126565444933,3.5328942738750904,3523,16533,1,398
399,2.9784054999539915,6.88595509449657,3524,16533,1,399
400,7.949046019804019,0.95933306251961,3525,16533,1,400
401,-8.054024313083342,-9.246179463448131,3526,16533,1,401
402,9.394252307385742,2.715694257399422,3527,16533,1,402
403,-1.3679543692378289,3.781384044223593,3528,16533,1,403
404,6.003175788107036,-0.442933116533176,3529,16533,1,404
405,-3.5178291645218174,6.707921318308038,3530,16533,1,405
406,7.56670143087533,-5.795952431558642,3531,16533,1,406
407,-0.8899758713215729,-9.4773082175682,3532,16533,1,407
408,2.649137144529508,8.702249545610265,3533,16533,1,408
409,8.025521710804714,0.654216141026291,3534,16533,1,409
410,-3.671295180037326,7.815360998347902,3535,16533,1,410
411,-8.583226210179355,-3.165257827404222,3536,16533,1,411
412,7.788300458065521,-4.015433728890447,3537,16533,1,412
413,0.7680561937606445,0.4151454814733704,3538,16533,1,413
414,-7.285311423285929,8.956843761612639,3539,16533,1,414
415,4.879173624294404,-9.2542910209635,3540,16533,1,415
416,-5.310147775921119,-6.417515569942727,3541,16533,1,416
417,3.629479600234181,1.9298371084543149,3542,16533,1,417
418,0.5193022115182977,6.962662609818178,3543,16533,1,418
419,6.380532551543322,-1.2684782236527408,3544,16533,1,419
420,-8.446463046077632,-9.643279191988034,3545,16533,1,420
421,-2.8862448523611395,1.069546437718035,3546,16533,1,421
422,9.201143229031889,2.303063996770117,3547,16533,1,422
423,9.068380766868902,-5.288688126543837,3548,16533,1,423
424,-3.882897306862379,8.144251857672199,3549,16533,1,424
425,6.531334020518337,-4.617149543293384,3550,16533,1,425
426,-7.304766064631922,-5.662111341272647,3551,16533,1,426
427,6.4274281698009865,3.6478334707858,3552,16533,1,427
428,-6.350436019949006,-9.87479198129984,3553,16533,1,428
429,6.040304014274632,-7.886067816387554,3554,16533,1,429
430,5.247275420847657,9.568175174212431,3555,16533,1,430
431,0.5187813243194022,1.5411277303958926,3556,16533,1,431
432,3.272046108495436,3.5533051419763595,3557,16533,1,432
433,3.887206037750431,-0.2822372873935901,3558,16533,1,433
434,-8.60200960520566,-8.067502266811085,3559,16533,1,434
435,-9.887011283346798,0.2247745847246012,3560,16533,1,435
436,-5.916833591375803,4.284062509026196,3561,16533,1,436
437,5.429458151928813,-7.6216795680695455,3562,16533,1,437
438,-5.6491352370150905,0.5936288823788427,3563,16533,1,438
439,-6.385180828867078,0.5098784958410736,3564,16533,1,439
440,-8.06881705282841,-9.507548319432347,3565,16533,1,440
441,-3.817606753748864,-3.255253739433208,3566,16533,1,441
442,9.38411432667931,-5.833693108287799,3567,16533,1,442
443,-9.585697627822857,8.295428585695962,3568,16533,1,443
444,3.875451516739128,-3.723516136603431,3569,16533,1,444
445,5.412367035002498,4.122382479006364,3570,16533,1,445
446,4.101852182362208,1.1545132480842497,3571,16533,1,446
447,-1.374996890021766,3.8891903216968906,3572,16533,1,447
448,-9.442118689354214,-8.944337315273923,3573,16533,1,448
449,2.299235986790197,7.9772732775831585,3574,16533,1,449
450,6.741422488439998,4.06653728230272,3575,16533,1,450
451,-1.959995766210964,-7.083922092870187,3576,16533,1,451
452,5.658124460870571,-2.821008528615112,3577,16533,1,452
453,-9.850308790076298,-3.0209700892801905,3578,16533,1,453
454,0.4207050728331687,1.460610402590918,3579,16533,1,454
455,-0.108830972666043,-6.196588584208989,3580,16533,0,455
456,-8.060741301251754,0.0943176508001837,3581,16533,1,456
457,-5.170646711980318,4.329290752569241,3582,16533,1,457
458,8.640851388203114,7.338027926137247,3583,16533,1,458
459,-1.1585279070412362,5.750253755610794,3584,16533,1,459
460,5.596254676226224,0.2527938487087429,3585,16533,1,460
461,-3.785490453130331,3.5376825427183967,3586,16533,1,461
462,-8.918835120295874,7.471125197142776,3587,16533,1,462
463,6.765494808636767,3.4422793738217834,3588,16533,1,463
464,9.6112384911381,4.438982629994346,3589,16533,1,464
465,7.203995061642488,-3.4507652871222128,3590,16533,1,465
466,9.471232203039849,-4.545230133664317,3591,16533,1,466
467,2.0193030267423038,-1.265679774962221,3592,16533,1,467
468,3.9225344513784144,9.605286408353416,3593,16533,1,468
469,-4.461712718905919,-2.5672504366162947,3594,16533,1,469
470,4.1869072129982285,1.0200267002760768,3595,16533,1,470
471,-4.7365202317314825,-6.375776860774609,3596,16533,1,471
472,-4.792254376590495,5.123804997611593,3597,16533,1,472
473,7.845342559172082,6.047686320567454,3598,16533,1,473
474,3.2628116485079204,-4.892602816970215,3599,16533,1,474
475,-7.045817475436474,8.455168947213153,3600,16533,1,475
476,-1.7931675488221863,-6.132660405153132,3601,16533,1,476
477,8.161917073553486,-3.78114633996324,3602,16533,1,477
478,4.487130623493577,2.982341224479356,3603,16533,1,478
479,-4.41185484176621,7.828676062703323,3604,16533,1,479
480,-9.864701317792337,-3.1386465271274915,3605,16533,1,480
481,-5.345337957835248,-5.668535528963885,3606,16533,1,481
482,-4.00823718531824,-1.569335739431736,3607,16533,1,482
483,2.083346630330423,-6.542774249535821,3608,16533,1,483
484,3.749706365352868,-1.5006996313482528,3609,16533,1,484
485,-0.9264208730806408,6.05272804568553,3610,16533,1,485
486,7.11799949868341,-2.627721041752502,3611,16533,1,486
487,-4.121791822864274,-7.752366422568397,3612,16533,1,487
488,2.772944734993013,-3.9990671185917455,3613,16533,1,488
489,-3.278737774922691,-7.178384161983511,3614,16533,1,489
490,-8.571248061146129,2.090166797893719,3615,16533,1,490
491,1.3731492395943228,-8.5958218170701,3616,16533,1,491
492,2.184692179395748,5.213535488345055,3617,16533,1,492
493,6.950679902510487,0.2462824652570781,3618,16533,1,493
494,1.2776778406519291,7.793565447111934,3619,16533,1,494
495,7.330707740691437,7.464337506514667,3620,16533,1,495
496,6.530586500403508,4.126046696339591,3621,16533,1,496
497,-0.0969140303404518,-0.6234157476295277,3622,16533,0,497
498,-5.9654819679779125,-5.198233653295219,3623,16533,1,498
499,2.210138905363223,-1.9447774338564356,3624,16533,1,499
500,9.904449077420136,-1.7353383989824265,3625,16533,1,500
501,-7.332595254502299,-1.5193330113042336,3626,16533,1,501
502,8.859189780337847,4.575126378415391,3627,16533,1,502
503,-8.510761921735561,-4.992094020230537,3628,16533,1,503
504,-3.9370960658001657,6.372066217315751,3629,16533,1,504
505,-3.7773726547143305,-0.6558454605034427,3630,16533,1,505
506,7.036299361406151,5.92684749074559,3631,16533,1,506
507,8.486042817243458,-3.883751449963624,3632,16533,1,507
508,-4.92277026545453,-7.381448434956841,3633,16533,1,508
509,0.4635357589444133,-9.29471138102361,3634,16533,1,509
510,9.412875427208633,6.5757760815074455,3635,16533,1,510
511,5.896111789825786,2.0400626533558235,3636,16533,1,511
512,-1.43031434357831,4.85897437964522,3637,16533,1,512
513,5.322221017738178,-9.916235994369432,3638,16533,1,513
514,0.3783385444943121,-6.07352852554264,3639,16533,1,514
515,9.755408396529743,8.700586205891362,3640,16533,1,515
516,-9.653466327521304,0.910137396376726,3641,16533,1,516
517,-3.301656194073188,-9.260956473495114,3642,16533,1,517
518,-6.358194735296776,-9.533271417892166,3643,16533,1,518
519,5.799968247816432,7.423525052458643,3644,16533,1,519
520,-9.89250711445415,-2.995949679489076,3645,16533,1,520
521,-4.928842980304509,-1.4827389153172543,3646,16533,1,521
522,-3.6823250612844287,1.400962461222102,3647,16533,1,522
523,-2.058473872020397,0.9658951178852532,3648,16533,1,523
524,-5.90052520327114,-0.0013681347538749,3649,16533,1,524
525,-8.578325224969085,0.1601904868352637,3650,16533,1,525
526,-1.607840824118373,-1.3959935821524248,3651,16533,1,526
527,-9.804623679721526,-2.4944004432861755,3652,16533,1,527
528,-4.4085950869800605,6.202599952082302,3653,16533,1,528
529,-9.308214427533958,0.8626085683200095,3654,16533,1,529
530,6.627368423770548,-2.216647316860736,3655,16533,1,530
531,0.6018669601003594,0.3282799727772172,3656,16533,1,531
532,-0.7321200038111968,-8.483531981005425,3657,16533,1,532
533,-2.515342858829797,0.9508904333529262,3658,16533,1,533
534,-1.606709492834879,8.809251603561801,3659,16533,1,534
535,-4.416769710466535,6.161721119898321,3660,16533,1,535
536,-7.501635646675455,8.929928362080876,3661,16533,1,536
537,4.909019595227003,4.706348136196578,3662,16533,1,537
538,5.398305814556888,-9.899402283326618,3663,16533,1,538
539,7.10214866343938,2.9389935786895105,3664,16533,1,539
540,-0.5566371167578783,-4.002964048365167,3665,16533,1,540
541,-7.457474544063563,2.2589827348562146,3666,16533,1,541
542,4.629251473728592,-4.534047923919903,3667,16533,1,542
543,8.575621257263187,-5.406376394040304,3668,16533,1,543
544,-4.561111759732484,6.761554330955555,3669,16533,1,544
545,4.727950368069347,1.9080650110136297,3670,16533,1,545
546,-9.09173616821027,6.210519232311633,3671,16533,1,546
547,-4.9746114009068965,-6.189422561976043,3672,16533,1,547
548,4.759422549790241,-2.8725603640409547,3673,16533,1,548
549,2.9486532902825395,6.57843951100363,3674,16533,1,549
550,-4.9292890547515045,-2.7543259845508983,3675,16533,1,550
551,-1.030844743922685,6.680033750021405,3676,16533,1,551
552,-6.208394335479966,-2.7183106465279323,3677,16533,1,552
553,8.861794591282678,-7.569689906089991,3678,16533,1,553
554,-8.262862583731083,5.557260931794939,3679,16533,1,554
555,1.6760353255770395,-7.326909940558457,3680,16533,1,555
556,-9.233185021443129,-8.385494073235808,3681,16533,1,556
557,1.0565918443642437,-1.389348106905647,3682,16533,1,557
558,-4.028531640746131,-6.638287786806929,3683,16533,1,558
559,9.480058456990786,1.3701044515772836,3684,16533,1,559
560,-3.030608811531565,9.404127717950036,3685,16533,1,560
561,-5.318688346649447,-1.883952079939192,3686,16533,1,561
562,-8.7085522534071,4.7811405797795725,3687,16533,1,562
563,-9.223406063643896,1.2136823861656223,3688,16533,1,563
564,2.66656861521599,-2.425294890902996,3689,16533,1,564
565,-1.1281146303409957,-3.976713195866375,3690,16533,1,565
566,-5.46001700601467,9.922411552825768,3691,16533,1,566
567,-9.26914640668608,5.2957585812095775,3692,16533,1,567
568,8.00301037884627,3.07382554299849,3693,16533,1,568
569,-0.6063015743772109,-1.4180743388477275,3694,16533,1,569
570,-8.538590671022352,1.66264364156617,3695,16533,1,570
571,-0.6361856050015451,-0.1899756733870727,3696,16533,1,571
572,-4.13543710645051,-7.661668552176282,3697,16533,1,572
573,2.4218344002710346,-6.098831566406702,3698,16533,1,573
574,7.040761056806566,7.727786718944657,3699,16533,1,574
575,5.282114565429444,-8.995507191892338,3700,16533,1,575
576,1.225682148788101,8.530276911460096,3701,16533,1,576
577,9.332245265644794,-5.124699269219954,3702,16533,1,577
578,-5.736089956434512,-1.1620425312815374,3703,16533,1,578
579,-4.968515008227559,-1.678770303332236,3704,16533,1,579
580,7.289334786448226,-2.850961314452631,3705,16533,1,580
581,8.471760264788998,-7.820104832324453,3706,16533,1,581
582,-4.51050755377175,-9.10735148189579,3707,16533,1,582
583,3.868793227675532,-6.9882530721877085,3708,16533,1,583
584,5.637512448257178,-6.212266558860127,3709,16533,1,584
585,0.8683518432920412,-7.215976772917148,3710,16533,1,585
586,8.224282711017551,1.3350419279879606,3711,16533,1,586
587,0.8784154932144599,-9.49625871722128,3712,16533,1,587
588,-0.8304453872763133,7.73562478773594,3713,16533,1,588
589,-9.190930614139308,9.312265041852536,3714,16533,1,589
590,3.0153863678357613,2.245464535946507,3715,16533,1,590
591,-2.231569746393629,4.162419220526774,3716,16533,1,591
592,-7.744649359076035,6.268182257342069,3717,16533,1,592
593,-9.434705100724898,2.734328287565752,3718,16533,1,593
594,-8.627438263474245,-0.1205377735363928,3719,16533,1,594
595,8.278860337141161,1.076367833614542,3720,16533,1,595
596,-9.702701863114102,-4.461098493734223,3721,16533,1,596
597,7.935640847044041,-5.11461028090431,3722,16533,1,597
598,-5.726087640249522,-9.09983862890165,3723,16533,1,598
599,6.713157843802296,4.422195325893449,3724,16533,1,599
600,2.995928925804021,0.8805653738637922,3725,16533,1,600
601,-8.725725893946638,5.210920092773051,3726,16533,1,601
602,-3.7217517490585017,6.771881298465299,3727,16533,1,602
603,9.193964950496357,1.2105779059567627,3728,16533,1,603
604,-0.2840693553060838,9.83065832773239,3729,16533,1,604
605,0.833879935159576,-5.109250746546953,3730,16533,1,605
606,-1.1723104673462537,-7.271816411444987,3731,16533,1,606
607,-6.463167243939831,-9.574698680096956,3732,16533,1,607
608,-6.5321342887555245,-4.719630094656548,3733,16533,1,608
609,-5.159648791770735,-4.546997509034263,3734,16533,1,609
610,-8.892213222201477,4.905212960722064,3735,16533,1,610
611,-1.0789995218825954,5.350090365096168,3736,16533,1,611
612,-3.4802844456169213,4.699788948131509,3737,16533,1,612
613,-6.020906217006987,-5.338199574834359,3738,16533,1,613
614,-0.7402008374644105,8.45287160826134,3739,16533,1,614
615,-3.3939893268893755,8.887855504000807,3740,16533,1,615
616,5.784888383472479,-1.296766442087165,3741,16533,1,616
617,-6.446582421273021,-9.983137620453212,3742,16533,1,617
618,6.366293168599931,4.205167561063384,3743,16533,1,618
619,9.511970323485794,1.60333023283356,3744,16533,1,619
620,-6.909797305782419,8.786096051983524,3745,16533,1,620
621,1.8624558018303572,-6.5347797695778365,3746,16533,1,621
622,-2.823549129306504,9.240804620463926,3747,16533,1,622
623,1.273023084072717,-0.2856558284552619,3748,16533,1,623
624,5.819564650174534,6.369377906176382,3749,16533,1,624
0,-7.111071509909519,6.984151073529194,3750,16494,1,0
1,-6.691927199752046,-2.8362384677871777,3751,16494,1,1
2,-1.019519097601167,9.31777196328953,3752,16494,1,2
3,5.2019774870653706,8.608183358143538,3753,16494,1,3
4,5.047386231180743,-6.321863741173351,3754,16494,1,4
5,-8.845886732006011,6.508368681884647,3755,16494,1,5
6,-7.121969974128685,-5.166272667908379,3756,16494,1,6
7,-7.16354062485637,-6.464960586775739,3757,16494,1,7
8,5.262489414526785,9.34032622439484,3758,16494,1,8
9,5.182338863934062,-9.597456544076612,3759,16494,1,9
10,7.714649293708181,-1.1464052732859091,3760,16494,1,10
11,-2.3779558201660755,6.126562816124284,3761,16494,1,11
12,-5.294579005341713,-2.916623288007328,3762,16494,1,12
13,-7.178673421680952,0.0880729262986683,3763,16494,1,13
14,7.367195415184842,-0.6437098407473822,3764,16494,1,14
15,-8.29930472043438,4.638502444871991,3765,16494,1,15
16,4.720689410833474,5.047926513693133,3766,16494,1,16
17,-0.4307935901731756,5.253417875990527,3767,16494,1,17
18,3.369497370561838,-2.778832447521322,3768,16494,1,18
19,8.599841441936501,-3.851309397257081,3769,16494,1,19
20,-0.7103790048968968,-2.163716258433248,3770,16494,1,20
21,-7.506045954098344,-5.962634159794251,3771,16494,1,21
22,8.801281055979896,-7.7625097308611934,3772,16494,1,22
23,7.211056926013263,4.344826717491507,3773,16494,1,23
24,-5.172841351038258,2.722101152693705,3774,16494,1,24
25,3.773367057300643,-3.875608026706927,3775,16494,1,25
26,-1.9325135112765128,-3.0362051871766,3776,16494,1,26
27,-1.8721351408021287,-6.821060412874593,3777,16494,1,27
28,0.0777945673031865,-4.010117058414648,3778,16494,0,28
29,6.036818020250582,4.31599877302002,3779,16494,1,29
30,3.3621001034034865,-6.984542630285406,3780,16494,1,30
31,2.008770880594895,0.3183229641749214,3781,16494,1,31
32,1.0566720594499923,3.716151443687908,3782,16494,1,32
33,-4.960910949428065,5.368801257511695,3783,16494,1,33
34,6.887944159119094,-5.601075732895469,3784,16494,1,34
35,-8.570067440887549,-8.68765598818177,3785,16494,1,35
36,5.859091891293655,6.848707296588636,3786,16494,1,36
37,7.512120281177417,-5.148991131723568,3787,16494,1,37
38,5.240373554781844,0.2040724691777349,3788,16494,1,38
39,1.980124447421776,3.8603841178729255,3789,16494,1,39
40,9.064761927033535,5.07514278334294,3790,16494,1,40
41,-7.883579524072748,7.105051720531716,3791,16494,1,41
42,-9.942991131212809,-6.151822564812994,3792,16494,1,42
43,5.539956146488665,-3.807591143099347,3793,16494,1,43
44,9.60173966169291,-2.3269406152970245,3794,16494,1,44
45,1.5616464747866026,-5.601562959539423,3795,16494,1,45
46,-6.824370908951787,6.837266993615327,3796,16494,1,46
47,8.271673701284161,-1.823405308602652,3797,16494,1,47
48,-7.397834114316046,7.301592253007737,3798,16494,1,48
49,-2.485004877038934,-1.9092138245208223,3799,16494,1,49
50,-4.526897922801718,3.0238821760903445,3800,16494,1,50
51,4.2748174850034495,-1.93925994506526,3801,16494,1,51
52,6.637076447902974,6.541492214401842,3802,16494,1,52
53,1.1136886788806084,9.479259447907737,3803,16494,1,53
54,-0.4744919875511684,-2.777312361559443,3804,16494,1,54
55,2.2334604001509675,-6.37974833028127,3805,16494,1,55
56,-8.382491497676003,0.7817391984052886,3806,16494,1,56
57,-6.579214866971417,5.799243384419929,3807,16494,1,57
58,-7.839764934863791,-2.591630786923876,3808,16494,1,58
59,-7.001607445197459,-9.35473749618663,3809,16494,1,59
60,-4.2531958939643495,6.8217555219092,3810,16494,1,60
61,-5.726581679029139,-8.752532421653296,3811,16494,1,61
62,-2.590552795790904,5.843248360886651,3812,16494,1,62
63,-3.5652759702860592,5.110570881449894,3813,16494,1,63
64,5.942730329697989,4.791285261832293,3814,16494,1,64
65,4.084058414658646,6.401542276889479,3815,16494,1,65
66,-7.625116246421242,-2.625002403469667,3816,16494,1,66
67,6.347278611314756,-2.4015085093861988,3817,16494,1,67
68,5.273930731198547,-1.9405560076686277,3818,16494,1,68
69,-0.8255785186696212,-7.434609707200705,3819,16494,1,69
70,4.028969909064962,-9.652181399036577,3820,16494,1,70
71,7.329871199225849,-3.695476930039776,3821,16494,1,71
72,8.434272450204162,6.334699571487079,3822,16494,1,72
73,-4.585845280549091,2.517407975257948,3823,16494,1,73
74,1.6287909003002363,-3.807482262916509,3824,16494,1,74
75,-0.3489358388548584,-9.413316213161442,3825,16494,1,75
76,-0.9201115082137096,-6.648980045850181,3826,16494,1,76
77,-5.222335894142653,-5.55078297993435,3827,16494,1,77
78,-6.106802703400296,-1.483829641811628,3828,16494,1,78
79,6.4233197631268695,-2.719970157462201,3829,16494,1,79
80,3.712253319761565,-8.35895837654055,3830,16494,1,80
81,-8.136592918589455,9.581530148324408,3831,16494,1,81
82,0.788327051301172,0.3513259554028369,3832,16494,1,82
83,-4.015465295844436,3.714035277764333,3833,16494,1,83
84,0.0793831346034164,6.629609904696544,3834,16494,0,84
85,-5.021296365474328,3.979367782166507,3835,16494,1,85
86,-9.020524127180549,7.900606736278423,3836,16494,1,86
87,0.5824528284492203,-0.4486843692217803,3837,16494,1,87
88,1.2746898729413907,-9.537327921084076,3838,16494,1,88
89,8.989315567045871,5.006820327398522,3839,16494,1,89
90,7.06508969196469,-7.913291151186197,3840,16494,1,90
91,-4.13523501021559,0.6254332859623464,3841,16494,1,91
92,0.0235579265994623,7.721315056979428,3842,16494,0,92
93,-0.5194455762465804,0.9967027006415244,3843,16494,1,93
94,7.686707537287155,5.495481771649418,3844,16494,1,94
95,2.460121940851881,-0.7399662832901317,3845,16494,1,95
96,-4.981011053860116,-9.078134812583,3846,16494,1,96
97,8.98639602313375,6.794495337232952,3847,16494,1,97
98,9.711013117681876,9.20315699773155,3848,16494,1,98
99,-6.762957773112936,2.172152376184167,3849,16494,1,99
100,8.648196616762093,-5.822833863932839,3850,16494,1,100
101,6.431737721289231,0.820881495797714,3851,16494,1,101
102,0.6602362081138207,1.445855625080256,3852,16494,1,102
103,0.2834020367396839,0.0165167414502587,3853,16494,1,103
104,0.4513394368894925,5.650358468233474,3854,16494,1,104
105,-2.276004762926222,-7.531148609451563,3855,16494,1,105
106,-1.9839311563929505,-4.728580785352259,3856,16494,1,106
107,-5.987189443827587,-9.542439654654917,3857,16494,1,107
108,-0.6123358877669176,5.031836588565053,3858,16494,1,108
109,-1.9454500493857625,-9.626775906945364,3859,16494,1,109
110,-5.176309600142909,-1.194971727809012,3860,16494,1,110
111,-9.096735152820354,-7.715128571886134,3861,16494,1,111
112,9.158782088908795,2.9511134691823067,3862,16494,1,112
113,7.1299555113593485,-3.613261977511901,3863,16494,1,113
114,-5.5035293431097365,2.19178123329694,3864,16494,1,114
115,0.2568473821302479,-6.913690923761351,3865,16494,1,115
116,-2.586547681253002,-7.250570376527142,3866,16494,1,116
117,1.2837346069832645,0.6294629322912364,3867,16494,1,117
118,5.803922835328585,-8.375753105114379,3868,16494,1,118
119,-5.058666865970638,1.658375438029026,3869,16494,1,119
120,1.5920270567297052,1.1577514914120286,3870,16494,1,120
121,6.538474973559165,2.1815854956641,3871,16494,1,121
122,1.6025917782971728,2.7924495919985723,3872,16494,1,122
123,2.2502800585627707,2.179114523608096,3873,16494,1,123
124,7.560280018546276,-5.930498759189369,3874,16494,1,124
125,3.002703650773652,-0.2625612446368919,3875,16494,1,125
126,-4.872433867639003,2.991967554313044,3876,16494,1,126
127,-6.000546672003693,-1.2074134062362525,3877,16494,1,127
128,-7.316771848563803,-9.37122771972416,3878,16494,1,128
129,5.673290936753993,4.784343055125479,3879,16494,1,129
130,-0.1583573513204683,1.9890602898413297,3880,16494,0,130
131,-8.794236400831663,-6.74329095774665,3881,16494,1,131
132,2.7294514206026026,2.283002679349336,3882,16494,1,132
133,-3.402519146739456,-1.756481816386291,3883,16494,1,133
134,0.0495808824338368,-4.06094834732444,3884,16494,0,134
135,1.0708962512928295,7.63801170575293,3885,16494,1,135
136,-4.134090459937958,2.837756202896633,3886,16494,1,136
137,-5.61894491670397,2.842989627687418,3887,16494,1,137
138,6.5711088919874605,-8.554878619577355,3888,16494,1,138
139,1.8602290067284384,4.620116785944862,3889,16494,1,139
140,5.985405476650932,3.790479319052928,3890,16494,1,140
141,7.445918979749319,8.740049731978068,3891,16494,1,141
142,-2.8667907204652714,-2.5950296302288383,3892,16494,1,142
143,7.124299442791095,-2.442349070991609,3893,16494,1,143
144,7.145975957239109,6.941008605109246,3894,16494,1,144
145,-3.923786505531133,-5.253338179980878,3895,16494,1,145
146,-8.82535564040751,3.5861824333169032,3896,16494,1,146
147,-4.074025975649276,-5.5592149223373895,3897,16494,1,147
148,-3.792339839589836,4.162048971355453,3898,16494,1,148
149,-2.142260920971788,5.998535312266981,3899,16494,1,149
150,8.760631997495882,5.343678243603435,3900,16494,1,150
151,-5.5504498706672445,-9.904127847219556,3901,16494,1,151
152,-5.697634352712992,7.297636518788707,3902,16494,1,152
153,-0.1402666926435518,-7.795303168477821,3903,16494,0,153
154,3.37307091232184,-0.1660849681860003,3904,16494,1,154
155,8.175770112544036,5.595480909455915,3905,16494,1,155
156,4.910180292044188,-7.343151176175278,3906,16494,1,156
157,-6.278164746435735,2.7619345658047862,3907,16494,1,157
158,-9.344670859064848,5.712583718595496,3908,16494,1,158
159,-1.5416175299410444,-7.241391822401373,3909,16494,1,159
160,-2.5157120190518256,-1.9059626860831909,3910,16494,1,160
161,-3.592186354604583,0.4236920784638958,3911,16494,1,161
162,-6.537235421262915,-8.535128289532386,3912,16494,1,162
163,-4.4789249273727005,-3.969827047593285,3913,16494,1,163
164,7.581919063285799,-4.01528718721506,3914,16494,1,164
165,3.037334548442544,6.177448614526991,3915,16494,1,165
166,-6.00155292341539,2.062295978732731,3916,16494,1,166
167,1.3697032584695457,9.75641188754446,3917,16494,1,167
168,-6.676086697154116,-5.660399938989372,3918,16494,1,168
169,4.382575814024722,7.904823396477482,3919,16494,1,169
170,1.8172098735439484,7.501060552126852,3920,16494,1,170
171,-0.7065881165385619,7.72857802640911,3921,16494,1,171
172,0.7112972229197467,-1.518191795895305,3922,16494,1,172
173,5.223512268854044,5.673038040684252,3923,16494,1,173
174,-0.9309090835704374,4.450649279506882,3924,16494,1,174
175,8.976162085315671,-5.755479588210505,3925,16494,1,175
176,7.097223948958021,-9.573246032331175,3926,16494,1,176
177,8.879979668797084,7.117862970720086,3927,16494,1,177
178,4.576308264859563,2.9680184219380656,3928,16494,1,178
179,-8.519482446883512,0.1832212816875529,3929,16494,1,179
180,4.3686890070415,9.305747047784912,3930,16494,1,180
181,7.954397991764178,0.8447728534459849,3931,16494,1,181
182,-0.9128328422311504,2.517013292112312,3932,16494,1,182
183,-3.958738746486508,4.115996749076532,3933,16494,1,183
184,-3.628099021267152,9.796812129345373,3934,16494,1,184
185,3.2137031098278754,2.3111701896860737,3935,16494,1,185
186,-5.587667623543178,4.890216841071149,3936,16494,1,186
187,5.485347339127989,-3.064093714829814,3937,16494,1,187
188,-1.9080137128742043,-7.10664726796852,3938,16494,1,188
189,-9.819410456692296,-2.783494805097318,3939,16494,1,189
190,-7.084393689762633,-6.43017384634531,3940,16494,1,190
191,1.6404459114334102,-2.315286743212111,3941,16494,1,191
192,8.870326967997425,0.0764436141031676,3942,16494,1,192
193,-2.1976195963551053,8.95538164078009,3943,16494,1,193
194,6.023051918749534,1.6735085395153355,3944,16494,1,194
195,-8.180960543055447,4.653039748465735,3945,16494,1,195
196,6.206770666078029,-3.1218059663065496,3946,16494,1,196
197,-1.1195935556803622,2.7034018948282856,3947,16494,1,197
198,7.396908960121543,-1.076509018660092,3948,16494,1,198
199,-7.795011359618327,5.054207245568772,3949,16494,1,199
200,9.33136197781274,-5.860769452863915,3950,16494,1,200
201,4.57298257186881,-3.5408344707690205,3951,16494,1,201
202,-5.354913530568524,8.595554941421359,3952,16494,1,202
203,-9.361100041232946,-7.084640793594126,3953,16494,1,203
204,-6.245375121740979,3.913806318410156,3954,16494,1,204
205,-2.2203062211213087,2.603930607537407,3955,16494,1,205
206,-6.793070475965304,5.514161077619804,3956,16494,1,206
207,3.5367009236126776,5.685590393998117,3957,16494,1,207
208,8.544993396579361,8.823734344673984,3958,16494,1,208
209,-4.143035789844243,2.4663726736052816,3959,16494,1,209
210,-6.090645309271084,8.31850699759024,3960,16494,1,210
211,4.418657012728108,-9.717425529488631,3961,16494,1,211
212,-0.6749991472736294,6.170018512471245,3962,16494,1,212
213,1.6520873090091095,4.590225117125069,3963,16494,1,213
214,-1.93950885446365,5.609791266165512,3964,16494,1,214
215,-0.5166707760277855,-4.151766038141407,3965,16494,1,215
216,-4.77281924477764,-5.350241610351518,3966,16494,1,216
217,3.055160532425633,-0.895458496527155,3967,16494,1,217
218,-1.9334084608635784,3.639733455926814,3968,16494,1,218
219,-5.799388578823699,-3.202991713691146,3969,16494,1,219
220,-9.19700533883756,7.093865728902713,3970,16494,1,220
221,-1.856899123792001,2.452320748205468,3971,16494,1,221
222,2.1758874662182865,-0.971793754099231,3972,16494,1,222
223,-2.1374828044472576,-1.8419779178975144,3973,16494,1,223
224,-1.7801915649296711,0.0964287325947843,3974,16494,1,224
225,1.7985017296544503,5.565598506261454,3975,16494,1,225
226,2.7362398161440904,-0.7447559903452898,3976,16494,1,226
227,7.86561236257706,5.366390195901175,3977,16494,1,227
228,1.011586292402395,8.30135461897352,3978,16494,1,228
229,-3.239361457708738,8.756696210198488,3979,16494,1,229
230,7.035244510939819,-5.373023121797964,3980,16494,1,230
231,-5.006990145353325,-5.047871023800628,3981,16494,1,231
232,-8.947515806118485,-4.303632035691392,3982,16494,1,232
233,7.705277448654655,-9.94857683447374,3983,16494,1,233
234,-2.3640080447153844,-6.15673757815816,3984,16494,1,234
235,9.75376679584918,-4.211704514785433,3985,16494,1,235
236,1.1000488447707806,1.7419997994968064,3986,16494,1,236
237,-5.459476943309238,0.7748859579210166,3987,16494,1,237
238,1.4504961451890337,-3.42642942976378,3988,16494,1,238
239,4.081899179655446,-8.773488639877007,3989,16494,1,239
240,-9.404165939417446,-6.597619584722936,3990,16494,1,240
241,-5.981968309993211,-4.616741517796001,3991,16494,1,241
242,1.3594283877091513,-1.2318037438101967,3992,16494,1,242
243,-5.078035838551265,3.958183645534387,3993,16494,1,243
244,5.81563455864204,-4.99634101409745,3994,16494,1,244
245,8.369819911943758,4.641852821761489,3995,16494,1,245
246,1.0146196929902516,-6.113956426248317,3996,16494,1,246
247,2.6726255958148077,-2.50880967936183,3997,16494,1,247
248,-1.0644184580327387,4.151302268995359,3998,16494,1,248
249,2.9339910330988754,-3.83340041049042,3999,16494,1,249
250,-9.460588072364695,9.90843212799685,4000,16494,1,250
251,3.954936924132678,-8.303557537061357,4001,16494,1,251
252,-4.561076376267752,5.334199418296684,4002,16494,1,252
253,-5.800764499412743,-9.056125940972295,4003,16494,1,253
254,3.918815013455241,2.1131061196329317,4004,16494,1,254
255,-8.10635696780222,0.7080095385916216,4005,16494,1,255
256,9.195876999348592,-4.628210334153737,4006,16494,1,256
257,7.193581813124904,-7.782893001267537,4007,16494,1,257
258,5.944672874325271,5.0157026870279005,4008,16494,1,258
259,1.3612633116676631,8.659090507919856,4009,16494,1,259
260,9.607542217004353,8.16563127512606,4010,16494,1,260
261,0.8939686790499515,-6.962966883491228,4011,16494,1,261
262,-5.997802462385735,-8.55611610429727,4012,16494,1,262
263,-8.829350173624032,0.5475750312078702,4013,16494,1,263
264,-3.943297216481378,-1.8807658400933391,4014,16494,1,264
265,5.111246210654644,-0.8299141344403616,4015,16494,1,265
266,8.204026236353432,-3.4333705749456094,4016,16494,1,266
267,4.690568244761408,-7.573961366852946,4017,16494,1,267
268,-3.1255632227740904,6.9146220977828605,4018,16494,1,268
269,-2.204907596779078,4.173937092670199,4019,16494,1,269
270,8.4729829212278,-3.4151676616577014,4020,16494,1,270
271,2.036676787551608,1.8155017718547448,4021,16494,1,271
272,-0.373701140580911,9.401214135957566,4022,16494,1,272
273,9.833092993387162,1.6062239437480643,4023,16494,1,273
274,4.654836586691243,3.5671807975712646,4024,16494,1,274
275,1.39325046303769,6.001093718782101,4025,16494,1,275
276,-4.530452737240706,-0.6742637148341313,4026,16494,1,276
277,0.0011530151831973,3.3268421588371417,4027,16494,0,277
278,-7.737690985589289,-1.0696926827706843,4028,16494,1,278
279,4.173876461625914,-5.522574245112432,4029,16494,1,279
280,-3.939019416995249,7.241102419632142,4030,16494,1,280
281,-8.498846337397637,-1.8291915159071357,4031,16494,1,281
282,3.291281547037378,-0.3564514601153394,4032,16494,1,282
283,4.027054577384387,3.229440414176686,4033,16494,1,283
284,2.1697113785072,7.74426772815389,4034,16494,1,284
285,-8.999904304053253,-4.986419407040719,4035,16494,1,285
286,9.652758597112877,-8.666742481743416,4036,16494,1,286
287,-2.154760450515396,3.416370091406801,4037,16494,1,287
288,6.811711089386282,6.760328068348787,4038,16494,1,288
289,-3.751786610747104,-1.680589676403656,4039,16494,1,289
290,0.5353809006770209,0.4433589486296867,4040,16494,1,290
291,8.842333858720242,1.9074343122128496,4041,16494,1,291
292,4.569481798293145,-0.7066502071483391,4042,16494,1,292
293,-1.044011041109263,0.434969239897109,4043,16494,1,293
294,-2.65384335219387,-5.90737468807353,4044,16494,1,294
295,-1.612355980835794,-6.220508992601048,4045,16494,1,295
296,-4.360045437705214,-1.20292973107542,4046,16494,1,296
297,5.970492210438467,8.053725686385206,4047,16494,1,297
298,-8.558710759722114,-3.763130354499575,4048,16494,1,298
299,-2.9297814963335167,-9.25151916878589,4049,16494,1,299
300,-0.6055965780422152,-9.523690546615835,4050,16494,1,300
301,2.451303185921517,-9.026665869377045,4051,16494,1,301
302,5.128653313430938,-7.301754485050989,4052,16494,1,302
303,5.476231414682042,-3.784441005026258,4053,16494,1,303
304,-7.534138032202239,-0.5379906057370825,4054,16494,1,304
305,2.070609953561757,4.449665519751878,4055,16494,1,305
306,0.1020041542148959,9.930508388654935,4056,16494,0,306
307,-3.642417809752746,-6.142978334133882,4057,16494,1,307
308,1.527882734489765,-8.042916755040647,4058,16494,1,308
309,4.290516967645985,0.7852213896479086,4059,16494,1,309
310,-4.807567349664524,6.849481174018084,4060,16494,1,310
311,-6.1266230616154616,-9.02540248502724,4061,16494,1,311
312,-4.025249390915815,-2.1501587179672965,4062,16494,1,312
313,-5.54390745661733,-3.038824459702858,4063,16494,1,313
314,9.312782426901272,-1.0985296963609503,4064,16494,1,314
315,-9.841178331714,3.916324209892668,4065,16494,1,315
316,8.976237715051823,6.919020233974752,4066,16494,1,316
317,6.738431649391735,5.832393296297834,4067,16494,1,317
318,2.031909022764109,-2.319063278342033,4068,16494,1,318
319,1.2620805933138346,0.4811428795186607,4069,16494,1,319
320,-5.054024117516185,-1.945493253508113,4070,16494,1,320
321,-0.2684746122301611,7.962881020940806,4071,16494,1,321
322,1.1820467154860577,4.731896663965731,4072,16494,1,322
323,2.166232914386825,-1.9240722111376467,4073,16494,1,323
324,-6.797502638162955,-0.3548798685579086,4074,16494,1,324
325,-1.7214380235984947,-6.444701789448279,4075,16494,1,325
326,0.7308568749344211,-4.4592152689482445,4076,16494,1,326
327,6.5636731454933255,-1.0390081774825646,4077,16494,1,327
328,-7.677403072217444,7.0151379946989145,4078,16494,1,328
329,-6.631544343234122,-2.677593642772371,4079,16494,1,329
330,4.704989030737988,-2.849617421835693,4080,16494,1,330
331,4.085759179589219,-0.6035464730659044,4081,16494,1,331
332,-6.440219943237735,3.06323940592954,4082,16494,1,332
333,5.37246533754576,0.6610832920001286,4083,16494,1,333
334,4.775747884381957,8.870559466168125,4084,16494,1,334
335,-3.821402084135004,0.6024006007791787,4085,16494,1,335
336,-2.834792834417696,-8.965051974081481,4086,16494,1,336
337,9.805490961841418,-0.7871676452219827,4087,16494,1,337
338,-3.862147408404129,-3.756632081743378,4088,16494,1,338
339,-2.2204617200397863,-5.450135241283352,4089,16494,1,339
340,5.928755583294137,3.8054375018155735,4090,16494,1,340
341,6.753223705141991,4.6149547590016375,4091,16494,1,341
342,-8.757758687639953,-1.262567898547598,4092,16494,1,342
343,2.8823451209185524,9.374498363551051,4093,16494,1,343
344,-1.2192890842591453,6.167676544310638,4094,16494,1,344
345,-2.5685994422047376,-0.3975803342537993,4095,16494,1,345
346,7.252787837886096,4.904580160645601,4096,16494,1,346
347,-6.990607174365479,-4.967060971169063,4097,16494,1,347
348,-1.1087719547941255,-1.8393317660827984,4098,16494,1,348
349,3.399847413934168,-4.7665263942208576,4099,16494,1,349
350,-2.3080807106379497,5.893075395254321,4100,16494,1,350
351,-4.087294370822785,-9.13030673719664,4101,16494,1,351
352,1.4076135159950915,-9.165323285508036,4102,16494,1,352
353,-0.7835079081304723,6.936437331205987,4103,16494,1,353
354,-0.229466737956228,0.9690939982628084,4104,16494,1,354
355,-8.619655185102427,-6.232765038010357,4105,16494,1,355
356,9.211734478264365,9.529138822212651,4106,16494,1,356
357,-6.723809596461166,-1.591091478594901,4107,16494,1,357
358,-3.047963527593904,6.770461407941259,4108,16494,1,358
359,-8.93428423389544,8.421995564149466,4109,16494,1,359
360,6.3725398427399575,-1.1993717186870256,4110,16494,1,360
361,-5.471163360139039,2.949132077940685,4111,16494,1,361
362,-8.043474100436113,-5.3588630900574135,4112,16494,1,362
363,3.0533908193916304,1.7628196616733316,4113,16494,1,363
364,-7.935482378705698,6.859598053666012,4114,16494,1,364
365,-8.507899617525304,8.84584227779812,4115,16494,1,365
366,-1.9024012897141065,4.240177880289993,4116,16494,1,366
367,2.4731919820355444,8.554968084822839,4117,16494,1,367
368,-2.0085815275667063,1.622706563722469,4118,16494,1,368
369,9.790935573686305,3.201614878834354,4119,16494,1,369
370,-8.185740903808592,0.2990486426387413,4120,16494,1,370
371,-1.2536319448480384,1.8210014332040387,4121,16494,1,371
372,4.624377085522767,-0.8213522054586502,4122,16494,1,372
373,-8.051268152039924,-5.775145205204073,4123,16494,1,373
374,9.982466476008696,-8.754801660539794,4124,16494,1,374
375,-1.71401344661337,3.761722301561738,4125,16494,1,375
376,7.007492405575725,7.297432726655227,4126,16494,1,376
377,4.650642249586745,-3.722975444338039,4127,16494,1,377
378,-1.167153129895777,-4.774246707175016,4128,16494,1,378
379,-1.1807384567429224,-0.7153405743486587,4129,16494,1,379
380,6.636328739172626,-0.683454010377929,4130,16494,1,380
381,3.507132946998308,-3.501277009418784,4131,16494,1,381
382,9.094886234544033,6.860379282575845,4132,16494,1,382
383,9.862387452511124,4.310720274900227,4133,16494,1,383
384,0.833464608629896,7.293993621876524,4134,16494,1,384
385,4.821730557391115,-8.141796054171891,4135,16494,1,385
386,-2.622461361560875,6.310237417021881,4136,16494,1,386
387,3.7039005446361823,0.0233927590901856,4137,16494,1,387
388,-4.857718737467813,4.416363367204523,4138,16494,1,388
389,7.493768663494752,8.359441035752837,4139,16494,1,389
390,2.174873385880975,0.5425030101013704,4140,16494,1,390
391,-5.688693599309262,5.772447403274201,4141,16494,1,391
392,3.1119673463473774,1.821298497409124,4142,16494,1,392
393,9.31538156279355,4.619849583491995,4143,16494,1,393
394,4.814615714885576,-8.50294604857794,4144,16494,1,394
395,-7.583911185705057,-0.2664491543003393,4145,16494,1,395
396,-8.449137257905656,1.401796951192896,4146,16494,1,396
397,5.553100604302447,-9.258075283597012,4147,16494,1,397
398,9.290126565444933,3.5328942738750904,4148,16494,1,398
399,2.9784054999539915,6.88595509449657,4149,16494,1,399
400,7.949046019804019,0.95933306251961,4150,16494,1,400
401,-8.054024313083342,-9.246179463448131,4151,16494,1,401
402,9.394252307385742,2.715694257399422,4152,16494,1,402
403,-1.3679543692378289,3.781384044223593,4153,16494,1,403
404,6.003175788107036,-0.442933116533176,4154,16494,1,404
405,-3.5178291645218174,6.707921318308038,4155,16494,1,405
406,7.56670143087533,-5.795952431558642,4156,16494,1,406
407,-0.8899758713215729,-9.4773082175682,4157,16494,1,407
408,2.649137144529508,8.702249545610265,4158,16494,1,408
409,8.025521710804714,0.654216141026291,4159,16494,1,409
410,-3.671295180037326,7.815360998347902,4160,16494,1,410
411,-8.583226210179355,-3.165257827404222,4161,16494,1,411
412,7.788300458065521,-4.015433728890447,4162,16494,1,412
413,0.7680561937606445,0.4151454814733704,4163,16494,1,413
414,-7.285311423285929,8.956843761612639,4164,16494,1,414
415,4.879173624294404,-9.2542910209635,4165,16494,1,415
416,-5.310147775921119,-6.417515569942727,4166,16494,1,416
417,3.629479600234181,1.9298371084543149,4167,16494,1,417
418,0.5193022115182977,6.962662609818178,4168,16494,1,418
419,6.380532551543322,-1.2684782236527408,4169,16494,1,419
420,-8.446463046077632,-9.643279191988034,4170,16494,1,420
421,-2.8862448523611395,1.069546437718035,4171,16494,1,421
422,9.201143229031889,2.303063996770117,4172,16494,1,422
423,9.068380766868902,-5.288688126543837,4173,16494,1,423
424,-3.882897306862379,8.144251857672199,4174,16494,1,424
425,6.531334020518337,-4.617149543293384,4175,16494,1,425
426,-7.304766064631922,-5.662111341272647,4176,16494,1,426
427,6.4274281698009865,3.6478334707858,4177,16494,1,427
428,-6.350436019949006,-9.87479198129984,4178,16494,1,428
429,6.040304014274632,-7.886067816387554,4179,16494,1,429
430,5.247275420847657,9.568175174212431,4180,16494,1,430
431,0.5187813243194022,1.5411277303958926,4181,16494,1,431
432,3.272046108495436,3.5533051419763595,4182,16494,1,432
433,3.887206037750431,-0.2822372873935901,4183,16494,1,433
434,-8.60200960520566,-8.067502266811085,4184,16494,1,434
435,-9.887011283346798,0.2247745847246012,4185,16494,1,435
436,-5.916833591375803,4.284062509026196,4186,16494,1,436
437,5.429458151928813,-7.6216795680695455,4187,16494,1,437
438,-5.6491352370150905,0.5936288823788427,4188,16494,1,438
439,-6.385180828867078,0.5098784958410736,4189,16494,1,439
440,-8.06881705282841,-9.507548319432347,4190,16494,1,440
441,-3.817606753748864,-3.255253739433208,4191,16494,1,441
442,9.38411432667931,-5.833693108287799,4192,16494,1,442
443,-9.585697627822857,8.295428585695962,4193,16494,1,443
444,3.875451516739128,-3.723516136603431,4194,16494,1,444
445,5.412367035002498,4.122382479006364,4195,16494,1,445
446,4.101852182362208,1.1545132480842497,4196,16494,1,446
447,-1.374996890021766,3.8891903216968906,4197,16494,1,447
448,-9.442118689354214,-8.944337315273923,4198,16494,1,448
449,2.299235986790197,7.9772732775831585,4199,16494,1,449
450,6.741422488439998,4.06653728230272,4200,16494,1,450
451,-1.959995766210964,-7.083922092870187,4201,16494,1,451
452,5.658124460870571,-2.821008528615112,4202,16494,1,452
453,-9.850308790076298,-3.0209700892801905,4203,16494,1,453
454,0.4207050728331687,1.460610402590918,4204,16494,1,454
455,-0.108830972666043,-6.196588584208989,4205,16494,0,455
456,-8.060741301251754,0.0943176508001837,4206,16494,1,456
457,-5.170646711980318,4.329290752569241,4207,16494,1,457
458,8.640851388203114,7.338027926137247,4208,16494,1,458
459,-1.1585279070412362,5.750253755610794,4209,16494,1,459
460,5.596254676226224,0.2527938487087429,4210,16494,1,460
461,-3.785490453130331,3.5376825427183967,4211,16494,1,461
462,-8.918835120295874,7.471125197142776,4212,16494,1,462
463,6.765494808636767,3.4422793738217834,4213,16494,1,463
464,9.6112384911381,4.438982629994346,4214,16494,1,464
465,7.203995061642488,-3.4507652871222128,4215,16494,1,465
466,9.471232203039849,-4.545230133664317,4216,16494,1,466
467,2.0193030267423038,-1.265679774962221,4217,16494,1,467
468,3.9225344513784144,9.605286408353416,4218,16494,1,468
469,-4.461712718905919,-2.5672504366162947,4219,16494,1,469
470,4.1869072129982285,1.0200267002760768,4220,16494,1,470
471,-4.7365202317314825,-6.375776860774609,4221,16494,1,471
472,-4.792254376590495,5.123804997611593,4222,16494,1,472
473,7.845342559172082,6.047686320567454,4223,16494,1,473
474,3.2628116485079204,-4.892602816970215,4224,16494,1,474
475,-7.045817475436474,8.455168947213153,4225,16494,1,475
476,-1.7931675488221863,-6.132660405153132,4226,16494,1,476
477,8.161917073553486,-3.78114633996324,4227,16494,1,477
478,4.487130623493577,2.982341224479356,4228,16494,1,478
479,-4.41185484176621,7.828676062703323,4229,16494,1,479
480,-9.864701317792337,-3.1386465271274915,4230,16494,1,480
481,-5.345337957835248,-5.668535528963885,4231,16494,1,481
482,-4.00823718531824,-1.569335739431736,4232,16494,1,482
483,2.083346630330423,-6.542774249535821,4233,16494,1,483
484,3.749706365352868,-1.5006996313482528,4234,16494,1,484
485,-0.9264208730806408,6.05272804568553,4235,16494,1,485
486,7.11799949868341,-2.627721041752502,4236,16494,1,486
487,-4.121791822864274,-7.752366422568397,4237,16494,1,487
488,2.772944734993013,-3.9990671185917455,4238,16494,1,488
489,-3.278737774922691,-7.178384161983511,4239,16494,1,489
490,-8.571248061146129,2.090166797893719,4240,16494,1,490
491,1.3731492395943228,-8.5958218170701,4241,16494,1,491
492,2.184692179395748,5.213535488345055,4242,16494,1,492
493,6.950679902510487,0.2462824652570781,4243,16494,1,493
494,1.2776778406519291,7.793565447111934,4244,16494,1,494
495,7.330707740691437,7.464337506514667,4245,16494,1,495
496,6.530586500403508,4.126046696339591,4246,16494,1,496
497,-0.0969140303404518,-0.6234157476295277,4247,16494,0,497
498,-5.9654819679779125,-5.198233653295219,4248,16494,1,498
499,2.210138905363223,-1.9447774338564356,4249,16494,1,499
500,9.904449077420136,-1.7353383989824265,4250,16494,1,500
501,-7.332595254502299,-1.5193330113042336,4251,16494,1,501
502,8.859189780337847,4.575126378415391,4252,16494,1,502
503,-8.510761921735561,-4.992094020230537,4253,16494,1,503
504,-3.9370960658001657,6.372066217315751,4254,16494,1,504
505,-3.7773726547143305,-0.6558454605034427,4255,16494,1,505
506,7.036299361406151,5.92684749074559,4256,16494,1,506
507,8.486042817243458,-3.883751449963624,4257,16494,1,507
508,-4.92277026545453,-7.381448434956841,4258,16494,1,508
509,0.4635357589444133,-9.29471138102361,4259,16494,1,509
510,9.412875427208633,6.5757760815074455,4260,16494,1,510
511,5.896111789825786,2.0400626533558235,4261,16494,1,511
512,-1.43031434357831,4.85897437964522,4262,16494,1,512
513,5.322221017738178,-9.916235994369432,4263,16494,1,513
514,0.3783385444943121,-6.07352852554264,4264,16494,1,514
515,9.755408396529743,8.700586205891362,4265,16494,1,515
516,-9.653466327521304,0.910137396376726,4266,16494,1,516
517,-3.301656194073188,-9.260956473495114,4267,16494,1,517
518,-6.358194735296776,-9.533271417892166,4268,16494,1,518
519,5.799968247816432,7.423525052458643,4269,16494,1,519
520,-9.89250711445415,-2.995949679489076,4270,16494,1,520
521,-4.928842980304509,-1.4827389153172543,4271,16494,1,521
522,-3.6823250612844287,1.400962461222102,4272,16494,1,522
523,-2.058473872020397,0.9658951178852532,4273,16494,1,523
524,-5.90052520327114,-0.0013681347538749,4274,16494,1,524
525,-8.578325224969085,0.1601904868352637,4275,16494,1,525
526,-1.607840824118373,-1.3959935821524248,4276,16494,1,526
527,-9.804623679721526,-2.4944004432861755,4277,16494,1,527
528,-4.4085950869800605,6.202599952082302,4278,16494,1,528
529,-9.308214427533958,0.8626085683200095,4279,16494,1,529
530,6.627368423770548,-2.216647316860736,4280,16494,1,530
531,0.6018669601003594,0.3282799727772172,4281,16494,1,531
532,-0.7321200038111968,-8.483531981005425,4282,16494,1,532
533,-2.515342858829797,0.9508904333529262,4283,16494,1,533
534,-1.606709492834879,8.809251603561801,4284,16494,1,534
535,-4.416769710466535,6.161721119898321,4285,16494,1,535
536,-7.501635646675455,8.929928362080876,4286,16494,1,536
537,4.909019595227003,4.706348136196578,4287,16494,1,537
538,5.398305814556888,-9.899402283326618,4288,16494,1,538
539,7.10214866343938,2.9389935786895105,4289,16494,1,539
540,-0.5566371167578783,-4.002964048365167,4290,16494,1,540
541,-7.457474544063563,2.2589827348562146,4291,16494,1,541
542,4.629251473728592,-4.534047923919903,4292,16494,1,542
543,8.575621257263187,-5.406376394040304,4293,16494,1,543
544,-4.561111759732484,6.761554330955555,4294,16494,1,544
545,4.727950368069347,1.9080650110136297,4295,16494,1,545
546,-9.09173616821027,6.210519232311633,4296,16494,1,546
547,-4.9746114009068965,-6.189422561976043,4297,16494,1,547
548,4.759422549790241,-2.8725603640409547,4298,16494,1,548
549,2.9486532902825395,6.57843951100363,4299,16494,1,549
550,-4.9292890547515045,-2.7543259845508983,4300,16494,1,550
551,-1.030844743922685,6.680033750021405,4301,16494,1,551
552,-6.208394335479966,-2.7183106465279323,4302,16494,1,552
553,8.861794591282678,-7.569689906089991,4303,16494,1,553
554,-8.262862583731083,5.557260931794939,4304,16494,1,554
555,1.6760353255770395,-7.326909940558457,4305,16494,1,555
556,-9.233185021443129,-8.385494073235808,4306,16494,1,556
557,1.0565918443642437,-1.389348106905647,4307,16494,1,557
558,-4.028531640746131,-6.638287786806929,4308,16494,1,558
559,9.480058456990786,1.3701044515772836,4309,16494,1,559
560,-3.030608811531565,9.404127717950036,4310,16494,1,560
561,-5.318688346649447,-1.883952079939192,4311,16494,1,561
562,-8.7085522534071,4.7811405797795725,4312,16494,1,562
563,-9.223406063643896,1.2136823861656223,4313,16494,1,563
564,2.66656861521599,-2.425294890902996,4314,16494,1,564
565,-1.1281146303409957,-3.976713195866375,4315,16494,1,565
566,-5.46001700601467,9.922411552825768,4316,16494,1,566
567,-9.26914640668608,5.2957585812095775,4317,16494,1,567
568,8.00301037884627,3.07382554299849,4318,16494,1,568
569,-0.6063015743772109,-1.4180743388477275,4319,16494,1,569
570,-8.538590671022352,1.66264364156617,4320,16494,1,570
571,-0.6361856050015451,-0.1899756733870727,4321,16494,1,571
572,-4.13543710645051,-7.661668552176282,4322,16494,1,572
573,2.4218344002710346,-6.098831566406702,4323,16494,1,573
574,7.040761056806566,7.727786718944657,4324,16494,1,574
575,5.282114565429444,-8.995507191892338,4325,16494,1,575
576,1.225682148788101,8.530276911460096,4326,16494,1,576
577,9.332245265644794,-5.124699269219954,4327,16494,1,577
578,-5.736089956434512,-1.1620425312815374,4328,16494,1,578
579,-4.968515008227559,-1.678770303332236,4329,16494,1,579
580,7.289334786448226,-2.850961314452631,4330,16494,1,580
581,8.471760264788998,-7.820104832324453,4331,16494,1,581
582,-4.51050755377175,-9.10735148189579,4332,16494,1,582
583,3.868793227675532,-6.9882530721877085,4333,16494,1,583
584,5.637512448257178,-6.212266558860127,4334,16494,1,584
585,0.8683518432920412,-7.215976772917148,4335,16494,1,585
586,8.224282711017551,1.3350419279879606,4336,16494,1,586
587,0.8784154932144599,-9.49625871722128,4337,16494,1,587
588,-0.8304453872763133,7.73562478773594,4338,16494,1,588
589,-9.190930614139308,9.312265041852536,4339,16494,1,589
590,3.0153863678357613,2.245464535946507,4340,16494,1,590
591,-2.231569746393629,4.162419220526774,4341,16494,1,591
592,-7.744649359076035,6.268182257342069,4342,16494,1,592
593,-9.434705100724898,2.734328287565752,4343,16494,1,593
594,-8.627438263474245,-0.1205377735363928,4344,16494,1,594
595,8.278860337141161,1.076367833614542,4345,16494,1,595
596,-9.702701863114102,-4.461098493734223,4346,16494,1,596
597,7.935640847044041,-5.11461028090431,4347,16494,1,597
598,-5.726087640249522,-9.09983862890165,4348,16494,1,598
599,6.713157843802296,4.422195325893449,4349,16494,1,599
600,2.995928925804021,0.8805653738637922,4350,16494,1,600
601,-8.725725893946638,5.210920092773051,4351,16494,1,601
602,-3.7217517490585017,6.771881298465299,4352,16494,1,602
603,9.193964950496357,1.2105779059567627,4353,16494,1,603
604,-0.2840693553060838,9.83065832773239,4354,16494,1,604
605,0.833879935159576,-5.109250746546953,4355,16494,1,605
606,-1.1723104673462537,-7.271816411444987,4356,16494,1,606
607,-6.463167243939831,-9.574698680096956,4357,16494,1,607
608,-6.5321342887555245,-4.719630094656548,4358,16494,1,608
609,-5.159648791770735,-4.546997509034263,4359,16494,1,609
610,-8.892213222201477,4.905212960722064,4360,16494,1,610
611,-1.0789995218825954,5.350090365096168,4361,16494,1,611
612,-3.4802844456169213,4.699788948131509,4362,16494,1,612
613,-6.020906217006987,-5.338199574834359,4363,16494,1,613
614,-0.7402008374644105,8.45287160826134,4364,16494,1,614
615,-3.3939893268893755,8.887855504000807,4365,16494,1,615
616,5.784888383472479,-1.296766442087165,4366,16494,1,616
617,-6.446582421273021,-9.983137620453212,4367,16494,1,617
618,6.366293168599931,4.205167561063384,4368,16494,1,618
619,9.511970323485794,1.60333023283356,4369,16494,1,619
620,-6.909797305782419,8.786096051983524,4370,16494,1,620
621,1.8624558018303572,-6.5347797695778365,4371,16494,1,621
622,-2.823549129306504,9.240804620463926,4372,16494,1,622
623,1.273023084072717,-0.2856558284552619,4373,16494,1,623
624,5.819564650174534,6.369377906176382,4374,16494,1,624
0,-7.111071509909519,6.984151073529194,4375,16495,1,0
1,-6.691927199752046,-2.8362384677871777,4376,16495,1,1
2,-1.019519097601167,9.31777196328953,4377,16495,1,2
3,5.2019774870653706,8.608183358143538,4378,16495,1,3
4,5.047386231180743,-6.321863741173351,4379,16495,1,4
5,-8.845886732006011,6.508368681884647,4380,16495,1,5
6,-7.121969974128685,-5.166272667908379,4381,16495,1,6
7,-7.16354062485637,-6.464960586775739,4382,16495,1,7
8,5.262489414526785,9.34032622439484,4383,16495,1,8
9,5.182338863934062,-9.597456544076612,4384,16495,1,9
10,7.714649293708181,-1.1464052732859091,4385,16495,1,10
11,-2.3779558201660755,6.126562816124284,4386,16495,1,11
12,-5.294579005341713,-2.916623288007328,4387,16495,1,12
13,-7.178673421680952,0.0880729262986683,4388,16495,1,13
14,7.367195415184842,-0.6437098407473822,4389,16495,1,14
15,-8.29930472043438,4.638502444871991,4390,16495,1,15
16,4.720689410833474,5.047926513693133,4391,16495,1,16
17,-0.4307935901731756,5.253417875990527,4392,16495,1,17
18,3.369497370561838,-2.778832447521322,4393,16495,1,18
19,8.599841441936501,-3.851309397257081,4394,16495,1,19
20,-0.7103790048968968,-2.163716258433248,4395,16495,1,20
21,-7.506045954098344,-5.962634159794251,4396,16495,1,21
22,8.801281055979896,-7.7625097308611934,4397,16495,1,22
23,7.211056926013263,4.344826717491507,4398,16495,1,23
24,-5.172841351038258,2.722101152693705,4399,16495,1,24
25,3.773367057300643,-3.875608026706927,4400,16495,1,25
26,-1.9325135112765128,-3.0362051871766,4401,16495,1,26
27,-1.8721351408021287,-6.821060412874593,4402,16495,1,27
28,0.0777945673031865,-4.010117058414648,4403,16495,0,28
29,6.036818020250582,4.31599877302002,4404,16495,1,29
30,3.3621001034034865,-6.984542630285406,4405,16495,1,30
31,2.008770880594895,0.3183229641749214,4406,16495,1,31
32,1.0566720594499923,3.716151443687908,4407,16495,1,32
33,-4.960910949428065,5.368801257511695,4408,16495,1,33
34,6.887944159119094,-5.601075732895469,4409,16495,1,34
35,-8.570067440887549,-8.68765598818177,4410,16495,1,35
36,5.859091891293655,6.848707296588636,4411,16495,1,36
37,7.512120281177417,-5.148991131723568,4412,16495,1,37
38,5.240373554781844,0.2040724691777349,4413,16495,1,38
39,1.980124447421776,3.8603841178729255,4414,16495,1,39
40,9.064761927033535,5.07514278334294,4415,16495,1,40
41,-7.883579524072748,7.105051720531716,4416,16495,1,41
42,-9.942991131212809,-6.151822564812994,4417,16495,1,42
43,5.539956146488665,-3.807591143099347,4418,16495,1,43
44,9.60173966169291,-2.3269406152970245,4419,16495,1,44
45,1.5616464747866026,-5.601562959539423,4420,16495,1,45
46,-6.824370908951787,6.837266993615327,4421,16495,1,46
47,8.271673701284161,-1.823405308602652,4422,16495,1,47
48,-7.397834114316046,7.301592253007737,4423,16495,1,48
49,-2.485004877038934,-1.9092138245208223,4424,16495,1,49
50,-4.526897922801718,3.0238821760903445,4425,16495,1,50
51,4.2748174850034495,-1.93925994506526,4426,16495,1,51
52,6.637076447902974,6.541492214401842,4427,16495,1,52
53,1.1136886788806084,9.479259447907737,4428,16495,1,53
54,-0.4744919875511684,-2.777312361559443,4429,16495,1,54
55,2.2334604001509675,-6.37974833028127,4430,16495,1,55
56,-8.382491497676003,0.7817391984052886,4431,16495,1,56
57,-6.579214866971417,5.799243384419929,4432,16495,1,57
58,-7.839764934863791,-2.591630786923876,4433,16495,1,58
59,-7.001607445197459,-9.35473749618663,4434,16495,1,59
60,-4.2531958939643495,6.8217555219092,4435,16495,1,60
61,-5.726581679029139,-8.752532421653296,4436,16495,1,61
62,-2.590552795790904,5.843248360886651,4437,16495,1,62
63,-3.5652759702860592,5.110570881449894,4438,16495,1,63
64,5.942730329697989,4.791285261832293,4439,16495,1,64
65,4.084058414658646,6.401542276889479,4440,16495,1,65
66,-7.625116246421242,-2.625002403469667,4441,16495,1,66
67,6.347278611314756,-2.4015085093861988,4442,16495,1,67
68,5.273930731198547,-1.9405560076686277,4443,16495,1,68
69,-0.8255785186696212,-7.434609707200705,4444,16495,1,69
70,4.028969909064962,-9.652181399036577,4445,16495,1,70
71,7.329871199225849,-3.695476930039776,4446,16495,1,71
72,8.434272450204162,6.334699571487079,4447,16495,1,72
73,-4.585845280549091,2.517407975257948,4448,16495,1,73
74,1.6287909003002363,-3.807482262916509,4449,16495,1,74
75,-0.3489358388548584,-9.413316213161442,4450,16495,1,75
76,-0.9201115082137096,-6.648980045850181,4451,16495,1,76
77,-5.222335894142653,-5.55078297993435,4452,16495,1,77
78,-6.106802703400296,-1.483829641811628,4453,16495,1,78
79,6.4233197631268695,-2.719970157462201,4454,16495,1,79
80,3.712253319761565,-8.35895837654055,4455,16495,1,80
81,-8.136592918589455,9.581530148324408,4456,16495,1,81
82,0.788327051301172,0.3513259554028369,4457,16495,1,82
83,-4.015465295844436,3.714035277764333,4458,16495,1,83
84,0.0793831346034164,6.629609904696544,4459,16495,0,84
85,-5.021296365474328,3.979367782166507,4460,16495,1,85
86,-9.020524127180549,7.900606736278423,4461,16495,1,86
87,0.5824528284492203,-0.4486843692217803,4462,16495,1,87
88,1.2746898729413907,-9.537327921084076,4463,16495,1,88
89,8.989315567045871,5.006820327398522,4464,16495,1,89
90,7.06508969196469,-7.913291151186197,4465,16495,1,90
91,-4.13523501021559,0.6254332859623464,4466,16495,1,91
92,0.0235579265994623,7.721315056979428,4467,16495,0,92
93,-0.5194455762465804,0.9967027006415244,4468,16495,1,93
94,7.686707537287155,5.495481771649418,4469,16495,1,94
95,2.460121940851881,-0.7399662832901317,4470,16495,1,95
96,-4.981011053860116,-9.078134812583,4471,16495,1,96
97,8.98639602313375,6.794495337232952,4472,16495,1,97
98,9.711013117681876,9.20315699773155,4473,16495,1,98
99,-6.762957773112936,2.172152376184167,4474,16495,1,99
100,8.648196616762093,-5.822833863932839,4475,16495,1,100
101,6.431737721289231,0.820881495797714,4476,16495,1,101
102,0.6602362081138207,1.445855625080256,4477,16495,1,102
103,0.2834020367396839,0.0165167414502587,4478,16495,1,103
104,0.4513394368894925,5.650358468233474,4479,16495,1,104
105,-2.276004762926222,-7.531148609451563,4480,16495,1,105
106,-1.9839311563929505,-4.728580785352259,4481,16495,1,106
107,-5.987189443827587,-9.542439654654917,4482,16495,1,107
108,-0.6123358877669176,5.031836588565053,4483,16495,1,108
109,-1.9454500493857625,-9.626775906945364,4484,16495,1,109
110,-5.176309600142909,-1.194971727809012,4485,16495,1,110
111,-9.096735152820354,-7.715128571886134,4486,16495,1,111
112,9.158782088908795,2.9511134691823067,4487,16495,1,112
113,7.1299555113593485,-3.613261977511901,4488,16495,1,113
114,-5.5035293431097365,2.19178123329694,4489,16495,1,114
115,0.2568473821302479,-6.913690923761351,4490,16495,1,115
116,-2.586547681253002,-7.250570376527142,4491,16495,1,116
117,1.2837346069832645,0.6294629322912364,4492,16495,1,117
118,5.803922835328585,-8.375753105114379,4493,16495,1,118
119,-5.058666865970638,1.658375438029026,4494,16495,1,119
120,1.5920270567297052,1.1577514914120286,4495,16495,1,120
121,6.538474973559165,2.1815854956641,4496,16495,1,121
122,1.6025917782971728,2.7924495919985723,4497,16495,1,122
123,2.2502800585627707,2.179114523608096,4498,16495,1,123
124,7.560280018546276,-5.930498759189369,4499,16495,1,124
125,3.002703650773652,-0.2625612446368919,4500,16495,1,125
126,-4.872433867639003,2.991967554313044,4501,16495,1,126
127,-6.000546672003693,-1.2074134062362525,4502,16495,1,127
128,-7.316771848563803,-9.37122771972416,4503,16495,1,128
129,5.673290936753993,4.784343055125479,4504,16495,1,129
130,-0.1583573513204683,1.9890602898413297,4505,16495,0,130
131,-8.794236400831663,-6.74329095774665,4506,16495,1,131
132,2.7294514206026026,2.283002679349336,4507,16495,1,132
133,-3.402519146739456,-1.756481816386291,4508,16495,1,133
134,0.0495808824338368,-4.06094834732444,4509,16495,0,134
135,1.0708962512928295,7.63801170575293,4510,16495,1,135
136,-4.134090459937958,2.837756202896633,4511,16495,1,136
137,-5.61894491670397,2.842989627687418,4512,16495,1,137
138,6.5711088919874605,-8.554878619577355,4513,16495,1,138
139,1.8602290067284384,4.620116785944862,4514,16495,1,139
140,5.985405476650932,3.790479319052928,4515,16495,1,140
141,7.445918979749319,8.740049731978068,4516,16495,1,141
142,-2.8667907204652714,-2.5950296302288383,4517,16495,1,142
143,7.124299442791095,-2.442349070991609,4518,16495,1,143
144,7.145975957239109,6.941008605109246,4519,16495,1,144
145,-3.923786505531133,-5.253338179980878,4520,16495,1,145
146,-8.82535564040751,3.5861824333169032,4521,16495,1,146
147,-4.074025975649276,-5.5592149223373895,4522,16495,1,147
148,-3.792339839589836,4.162048971355453,4523,16495,1,148
149,-2.142260920971788,5.998535312266981,4524,16495,1,149
150,8.760631997495882,5.343678243603435,4525,16495,1,150
151,-5.5504498706672445,-9.904127847219556,4526,16495,1,151
152,-5.697634352712992,7.297636518788707,4527,16495,1,152
153,-0.1402666926435518,-7.795303168477821,4528,16495,0,153
154,3.37307091232184,-0.1660849681860003,4529,16495,1,154
155,8.175770112544036,5.595480909455915,4530,16495,1,155
156,4.910180292044188,-7.343151176175278,4531,16495,1,156
157,-6.278164746435735,2.7619345658047862,4532,16495,1,157
158,-9.344670859064848,5.712583718595496,4533,16495,1,158
159,-1.5416175299410444,-7.241391822401373,4534,16495,1,159
160,-2.5157120190518256,-1.9059626860831909,4535,16495,1,160
161,-3.592186354604583,0.4236920784638958,4536,16495,1,161
162,-6.537235421262915,-8.535128289532386,4537,16495,1,162
163,-4.4789249273727005,-3.969827047593285,4538,16495,1,163
164,7.581919063285799,-4.01528718721506,4539,16495,1,164
165,3.037334548442544,6.177448614526991,4540,16495,1,165
166,-6.00155292341539,2.062295978732731,4541,16495,1,166
167,1.3697032584695457,9.75641188754446,4542,16495,1,167
168,-6.676086697154116,-5.660399938989372,4543,16495,1,168
169,4.382575814024722,7.904823396477482,4544,16495,1,169
170,1.8172098735439484,7.501060552126852,4545,16495,1,170
171,-0.7065881165385619,7.72857802640911,4546,16495,1,171
172,0.7112972229197467,-1.518191795895305,4547,16495,1,172
173,5.223512268854044,5.673038040684252,4548,16495,1,173
174,-0.9309090835704374,4.450649279506882,4549,16495,1,174
175,8.976162085315671,-5.755479588210505,4550,16495,1,175
176,7.097223948958021,-9.573246032331175,4551,16495,1,176
177,8.879979668797084,7.117862970720086,4552,16495,1,177
178,4.576308264859563,2.9680184219380656,4553,16495,1,178
179,-8.519482446883512,0.1832212816875529,4554,16495,1,179
180,4.3686890070415,9.305747047784912,4555,16495,1,180
181,7.954397991764178,0.8447728534459849,4556,16495,1,181
182,-0.9128328422311504,2.517013292112312,4557,16495,1,182
183,-3.958738746486508,4.115996749076532,4558,16495,1,183
184,-3.628099021267152,9.796812129345373,4559,16495,1,184
185,3.2137031098278754,2.3111701896860737,4560,16495,1,185
186,-5.587667623543178,4.890216841071149,4561,16495,1,186
187,5.485347339127989,-3.064093714829814,4562,16495,1,187
188,-1.9080137128742043,-7.10664726796852,4563,16495,1,188
189,-9.819410456692296,-2.783494805097318,4564,16495,1,189
190,-7.084393689762633,-6.43017384634531,4565,16495,1,190
191,1.6404459114334102,-2.315286743212111,4566,16495,1,191
192,8.870326967997425,0.0764436141031676,4567,16495,1,192
193,-2.1976195963551053,8.95538164078009,4568,16495,1,193
194,6.023051918749534,1.6735085395153355,4569,16495,1,194
195,-8.180960543055447,4.653039748465735,4570,16495,1,195
196,6.206770666078029,-3.1218059663065496,4571,16495,1,196
197,-1.1195935556803622,2.7034018948282856,4572,16495,1,197
198,7.396908960121543,-1.076509018660092,4573,16495,1,198
199,-7.795011359618327,5.054207245568772,4574,16495,1,199
200,9.33136197781274,-5.860769452863915,4575,16495,1,200
201,4.57298257186881,-3.5408344707690205,4576,16495,1,201
202,-5.354913530568524,8.595554941421359,4577,16495,1,202
203,-9.361100041232946,-7.084640793594126,4578,16495,1,203
204,-6.245375121740979,3.913806318410156,4579,16495,1,204
205,-2.2203062211213087,2.603930607537407,4580,16495,1,205
206,-6.793070475965304,5.514161077619804,4581,16495,1,206
207,3.5367009236126776,5.685590393998117,4582,16495,1,207
208,8.544993396579361,8.823734344673984,4583,16495,1,208
209,-4.143035789844243,2.4663726736052816,4584,16495,1,209
210,-6.090645309271084,8.31850699759024,4585,16495,1,210
211,4.418657012728108,-9.717425529488631,4586,16495,1,211
212,-0.6749991472736294,6.170018512471245,4587,16495,1,212
213,1.6520873090091095,4.590225117125069,4588,16495,1,213
214,-1.93950885446365,5.609791266165512,4589,16495,1,214
215,-0.5166707760277855,-4.151766038141407,4590,16495,1,215
216,-4.77281924477764,-5.350241610351518,4591,16495,1,216
217,3.055160532425633,-0.895458496527155,4592,16495,1,217
218,-1.9334084608635784,3.639733455926814,4593,16495,1,218
219,-5.799388578823699,-3.202991713691146,4594,16495,1,219
220,-9.19700533883756,7.093865728902713,4595,16495,1,220
221,-1.856899123792001,2.452320748205468,4596,16495,1,221
222,2.1758874662182865,-0.971793754099231,4597,16495,1,222
223,-2.1374828044472576,-1.8419779178975144,4598,16495,1,223
224,-1.7801915649296711,0.0964287325947843,4599,16495,1,224
225,1.7985017296544503,5.565598506261454,4600,16495,1,225
226,2.7362398161440904,-0.7447559903452898,4601,16495,1,226
227,7.86561236257706,5.366390195901175,4602,16495,1,227
228,1.011586292402395,8.30135461897352,4603,16495,1,228
229,-3.239361457708738,8.756696210198488,4604,16495,1,229
230,7.035244510939819,-5.373023121797964,4605,16495,1,230
231,-5.006990145353325,-5.047871023800628,4606,16495,1,231
232,-8.947515806118485,-4.303632035691392,4607,16495,1,232
233,7.705277448654655,-9.94857683447374,4608,16495,1,233
234,-2.3640080447153844,-6.15673757815816,4609,16495,1,234
235,9.75376679584918,-4.211704514785433,4610,16495,1,235
236,1.1000488447707806,1.7419997994968064,4611,16495,1,236
237,-5.459476943309238,0.7748859579210166,4612,16495,1,237
238,1.4504961451890337,-3.42642942976378,4613,16495,1,238
239,4.081899179655446,-8.773488639877007,4614,16495,1,239
240,-9.404165939417446,-6.597619584722936,4615,16495,1,240
241,-5.981968309993211,-4.616741517796001,4616,16495,1,241
242,1.3594283877091513,-1.2318037438101967,4617,16495,1,242
243,-5.078035838551265,3.958183645534387,4618,16495,1,243
244,5.81563455864204,-4.99634101409745,4619,16495,1,244
245,8.369819911943758,4.641852821761489,4620,16495,1,245
246,1.0146196929902516,-6.113956426248317,4621,16495,1,246
247,2.6726255958148077,-2.50880967936183,4622,16495,1,247
248,-1.0644184580327387,4.151302268995359,4623,16495,1,248
249,2.9339910330988754,-3.83340041049042,4624,16495,1,249
250,-9.460588072364695,9.90843212799685,4625,16495,1,250
251,3.954936924132678,-8.303557537061357,4626,16495,1,251
252,-4.561076376267752,5.334199418296684,4627,16495,1,252
253,-5.800764499412743,-9.056125940972295,4628,16495,1,253
254,3.918815013455241,2.1131061196329317,4629,16495,1,254
255,-8.10635696780222,0.7080095385916216,4630,16495,1,255
256,9.195876999348592,-4.628210334153737,4631,16495,1,256
257,7.193581813124904,-7.782893001267537,4632,16495,1,257
258,5.944672874325271,5.0157026870279005,4633,16495,1,258
259,1.3612633116676631,8.659090507919856,4634,16495,1,259
260,9.607542217004353,8.16563127512606,4635,16495,1,260
261,0.8939686790499515,-6.962966883491228,4636,16495,1,261
262,-5.997802462385735,-8.55611610429727,4637,16495,1,262
263,-8.829350173624032,0.5475750312078702,4638,16495,1,263
264,-3.943297216481378,-1.8807658400933391,4639,16495,1,264
265,5.111246210654644,-0.8299141344403616,4640,16495,1,265
266,8.204026236353432,-3.4333705749456094,4641,16495,1,266
267,4.690568244761408,-7.573961366852946,4642,16495,1,267
268,-3.1255632227740904,6.9146220977828605,4643,16495,1,268
269,-2.204907596779078,4.173937092670199,4644,16495,1,269
270,8.4729829212278,-3.4151676616577014,4645,16495,1,270
271,2.036676787551608,1.8155017718547448,4646,16495,1,271
272,-0.373701140580911,9.401214135957566,4647,16495,1,272
273,9.833092993387162,1.6062239437480643,4648,16495,1,273
274,4.654836586691243,3.5671807975712646,4649,16495,1,274
275,1.39325046303769,6.001093718782101,4650,16495,1,275
276,-4.530452737240706,-0.6742637148341313,4651,16495,1,276
277,0.0011530151831973,3.3268421588371417,4652,16495,0,277
278,-7.737690985589289,-1.0696926827706843,4653,16495,1,278
279,4.173876461625914,-5.522574245112432,4654,16495,1,279
280,-3.939019416995249,7.241102419632142,4655,16495,1,280
281,-8.498846337397637,-1.8291915159071357,4656,16495,1,281
282,3.291281547037378,-0.3564514601153394,4657,16495,1,282
283,4.027054577384387,3.229440414176686,4658,16495,1,283
284,2.1697113785072,7.74426772815389,4659,16495,1,284
285,-8.999904304053253,-4.986419407040719,4660,16495,1,285
286,9.652758597112877,-8.666742481743416,4661,16495,1,286
287,-2.154760450515396,3.416370091406801,4662,16495,1,287
288,6.811711089386282,6.760328068348787,4663,16495,1,288
289,-3.751786610747104,-1.680589676403656,4664,16495,1,289
290,0.5353809006770209,0.4433589486296867,4665,16495,1,290
291,8.842333858720242,1.9074343122128496,4666,16495,1,291
292,4.569481798293145,-0.7066502071483391,4667,16495,1,292
293,-1.044011041109263,0.434969239897109,4668,16495,1,293
294,-2.65384335219387,-5.90737468807353,4669,16495,1,294
295,-1.612355980835794,-6.220508992601048,4670,16495,1,295
296,-4.360045437705214,-1.20292973107542,4671,16495,1,296
297,5.970492210438467,8.053725686385206,4672,16495,1,297
298,-8.558710759722114,-3.763130354499575,4673,16495,1,298
299,-2.9297814963335167,-9.25151916878589,4674,16495,1,299
300,-0.6055965780422152,-9.523690546615835,4675,16495,1,300
301,2.451303185921517,-9.026665869377045,4676,16495,1,301
302,5.128653313430938,-7.301754485050989,4677,16495,1,302
303,5.476231414682042,-3.784441005026258,4678,16495,1,303
304,-7.534138032202239,-0.5379906057370825,4679,16495,1,304
305,2.070609953561757,4.449665519751878,4680,16495,1,305
306,0.1020041542148959,9.930508388654935,4681,16495,0,306
307,-3.642417809752746,-6.142978334133882,4682,16495,1,307
308,1.527882734489765,-8.042916755040647,4683,16495,1,308
309,4.290516967645985,0.7852213896479086,4684,16495,1,309
310,-4.807567349664524,6.849481174018084,4685,16495,1,310
311,-6.1266230616154616,-9.02540248502724,4686,16495,1,311
312,-4.025249390915815,-2.1501587179672965,4687,16495,1,312
313,-5.54390745661733,-3.038824459702858,4688,16495,1,313
314,9.312782426901272,-1.0985296963609503,4689,16495,1,314
315,-9.841178331714,3.916324209892668,4690,16495,1,315
316,8.976237715051823,6.919020233974752,4691,16495,1,316
317,6.738431649391735,5.832393296297834,4692,16495,1,317
318,2.031909022764109,-2.319063278342033,4693,16495,1,318
319,1.2620805933138346,0.4811428795186607,4694,16495,1,319
320,-5.054024117516185,-1.945493253508113,4695,16495,1,320
321,-0.2684746122301611,7.962881020940806,4696,16495,1,321
322,1.1820467154860577,4.731896663965731,4697,16495,1,322
323,2.166232914386825,-1.9240722111376467,4698,16495,1,323
324,-6.797502638162955,-0.3548798685579086,4699,16495,1,324
325,-1.7214380235984947,-6.444701789448279,4700,16495,1,325
326,0.7308568749344211,-4.4592152689482445,4701,16495,1,326
327,6.5636731454933255,-1.0390081774825646,4702,16495,1,327
328,-7.677403072217444,7.0151379946989145,4703,16495,1,328
329,-6.631544343234122,-2.677593642772371,4704,16495,1,329
330,4.704989030737988,-2.849617421835693,4705,16495,1,330
331,4.085759179589219,-0.6035464730659044,4706,16495,1,331
332,-6.440219943237735,3.06323940592954,4707,16495,1,332
333,5.37246533754576,0.6610832920001286,4708,16495,1,333
334,4.775747884381957,8.870559466168125,4709,16495,1,334
335,-3.821402084135004,0.6024006007791787,4710,16495,1,335
336,-2.834792834417696,-8.965051974081481,4711,16495,1,336
337,9.805490961841418,-0.7871676452219827,4712,16495,1,337
338,-3.862147408404129,-3.756632081743378,4713,16495,1,338
339,-2.2204617200397863,-5.450135241283352,4714,16495,1,339
340,5.928755583294137,3.8054375018155735,4715,16495,1,340
341,6.753223705141991,4.6149547590016375,4716,16495,1,341
342,-8.757758687639953,-1.262567898547598,4717,16495,1,342
343,2.8823451209185524,9.374498363551051,4718,16495,1,343
344,-1.2192890842591453,6.167676544310638,4719,16495,1,344
345,-2.5685994422047376,-0.3975803342537993,4720,16495,1,345
346,7.252787837886096,4.904580160645601,4721,16495,1,346
347,-6.990607174365479,-4.967060971169063,4722,16495,1,347
348,-1.1087719547941255,-1.8393317660827984,4723,16495,1,348
349,3.399847413934168,-4.7665263942208576,4724,16495,1,349
350,-2.3080807106379497,5.893075395254321,4725,16495,1,350
351,-4.087294370822785,-9.13030673719664,4726,16495,1,351
352,1.4076135159950915,-9.165323285508036,4727,16495,1,352
353,-0.7835079081304723,6.936437331205987,4728,16495,1,353
354,-0.229466737956228,0.9690939982628084,4729,16495,1,354
355,-8.619655185102427,-6.232765038010357,4730,16495,1,355
356,9.211734478264365,9.529138822212651,4731,16495,1,356
357,-6.723809596461166,-1.591091478594901,4732,16495,1,357
358,-3.047963527593904,6.770461407941259,4733,16495,1,358
359,-8.93428423389544,8.421995564149466,4734,16495,1,359
360,6.3725398427399575,-1.1993717186870256,4735,16495,1,360
361,-5.471163360139039,2.949132077940685,4736,16495,1,361
362,-8.043474100436113,-5.3588630900574135,4737,16495,1,362
363,3.0533908193916304,1.7628196616733316,4738,16495,1,363
364,-7.935482378705698,6.859598053666012,4739,16495,1,364
365,-8.507899617525304,8.84584227779812,4740,16495,1,365
366,-1.9024012897141065,4.240177880289993,4741,16495,1,366
367,2.4731919820355444,8.554968084822839,4742,16495,1,367
368,-2.0085815275667063,1.622706563722469,4743,16495,1,368
369,9.790935573686305,3.201614878834354,4744,16495,1,369
370,-8.185740903808592,0.2990486426387413,4745,16495,1,370
371,-1.2536319448480384,1.8210014332040387,4746,16495,1,371
372,4.624377085522767,-0.8213522054586502,4747,16495,1,372
373,-8.051268152039924,-5.775145205204073,4748,16495,1,373
374,9.982466476008696,-8.754801660539794,4749,16495,1,374
375,-1.71401344661337,3.761722301561738,4750,16495,1,375
376,7.007492405575725,7.297432726655227,4751,16495,1,376
377,4.650642249586745,-3.722975444338039,4752,16495,1,377
378,-1.167153129895777,-4.774246707175016,4753,16495,1,378
379,-1.1807384567429224,-0.7153405743486587,4754,16495,1,379
380,6.636328739172626,-0.683454010377929,4755,16495,1,380
381,3.507132946998308,-3.501277009418784,4756,16495,1,381
382,9.094886234544033,6.860379282575845,4757,16495,1,382
383,9.862387452511124,4.310720274900227,4758,16495,1,383
384,0.833464608629896,7.293993621876524,4759,16495,1,384
385,4.821730557391115,-8.141796054171891,4760,16495,1,385
386,-2.622461361560875,6.310237417021881,4761,16495,1,386
387,3.7039005446361823,0.0233927590901856,4762,16495,1,387
388,-4.857718737467813,4.416363367204523,4763,16495,1,388
389,7.493768663494752,8.359441035752837,4764,16495,1,389
390,2.174873385880975,0.5425030101013704,4765,16495,1,390
391,-5.688693599309262,5.772447403274201,4766,16495,1,391
392,3.1119673463473774,1.821298497409124,4767,16495,1,392
393,9.31538156279355,4.619849583491995,4768,16495,1,393
394,4.814615714885576,-8.50294604857794,4769,16495,1,394
395,-7.583911185705057,-0.2664491543003393,4770,16495,1,395
396,-8.449137257905656,1.401796951192896,4771,16495,1,396
397,5.553100604302447,-9.258075283597012,4772,16495,1,397
398,9.290126565444933,3.5328942738750904,4773,16495,1,398
399,2.9784054999539915,6.88595509449657,4774,16495,1,399
400,7.949046019804019,0.95933306251961,4775,16495,1,400
401,-8.054024313083342,-9.246179463448131,4776,16495,1,401
402,9.394252307385742,2.715694257399422,4777,16495,1,402
403,-1.3679543692378289,3.781384044223593,4778,16495,1,403
404,6.003175788107036,-0.442933116533176,4779,16495,1,404
405,-3.5178291645218174,6.707921318308038,4780,16495,1,405
406,7.56670143087533,-5.795952431558642,4781,16495,1,406
407,-0.8899758713215729,-9.4773082175682,4782,16495,1,407
408,2.649137144529508,8.702249545610265,4783,16495,1,408
409,8.025521710804714,0.654216141026291,4784,16495,1,409
410,-3.671295180037326,7.815360998347902,4785,16495,1,410
411,-8.583226210179355,-3.165257827404222,4786,16495,1,411
412,7.788300458065521,-4.015433728890447,4787,16495,1,412
413,0.7680561937606445,0.4151454814733704,4788,16495,1,413
414,-7.285311423285929,8.956843761612639,4789,16495,1,414
415,4.879173624294404,-9.2542910209635,4790,16495,1,415
416,-5.310147775921119,-6.417515569942727,4791,16495,1,416
417,3.629479600234181,1.9298371084543149,4792,16495,1,417
418,0.5193022115182977,6.962662609818178,4793,16495,1,418
419,6.380532551543322,-1.2684782236527408,4794,16495,1,419
420,-8.446463046077632,-9.643279191988034,4795,16495,1,420
421,-2.8862448523611395,1.069546437718035,4796,16495,1,421
422,9.201143229031889,2.303063996770117,4797,16495,1,422
423,9.068380766868902,-5.288688126543837,4798,16495,1,423
424,-3.882897306862379,8.144251857672199,4799,16495,1,424
425,6.531334020518337,-4.617149543293384,4800,16495,1,425
426,-7.304766064631922,-5.662111341272647,4801,16495,1,426
427,6.4274281698009865,3.6478334707858,4802,16495,1,427
428,-6.350436019949006,-9.87479198129984,4803,16495,1,428
429,6.040304014274632,-7.886067816387554,4804,16495,1,429
430,5.247275420847657,9.568175174212431,4805,16495,1,430
431,0.5187813243194022,1.5411277303958926,4806,16495,1,431
432,3.272046108495436,3.5533051419763595,4807,16495,1,432
433,3.887206037750431,-0.2822372873935901,4808,16495,1,433
434,-8.60200960520566,-8.067502266811085,4809,16495,1,434
435,-9.887011283346798,0.2247745847246012,4810,16495,1,435
436,-5.916833591375803,4.284062509026196,4811,16495,1,436
437,5.429458151928813,-7.6216795680695455,4812,16495,1,437
438,-5.6491352370150905,0.5936288823788427,4813,16495,1,438
439,-6.385180828867078,0.5098784958410736,4814,16495,1,439
440,-8.06881705282841,-9.507548319432347,4815,16495,1,440
441,-3.817606753748864,-3.255253739433208,4816,16495,1,441
442,9.38411432667931,-5.833693108287799,4817,16495,1,442
443,-9.585697627822857,8.295428585695962,4818,16495,1,443
444,3.875451516739128,-3.723516136603431,4819,16495,1,444
445,5.412367035002498,4.122382479006364,4820,16495,1,445
446,4.101852182362208,1.1545132480842497,4821,16495,1,446
447,-1.374996890021766,3.8891903216968906,4822,16495,1,447
448,-9.442118689354214,-8.944337315273923,4823,16495,1,448
449,2.299235986790197,7.9772732775831585,4824,16495,1,449
450,6.741422488439998,4.06653728230272,4825,16495,1,450
451,-1.959995766210964,-7.083922092870187,4826,16495,1,451
452,5.658124460870571,-2.821008528615112,4827,16495,1,452
453,-9.850308790076298,-3.0209700892801905,4828,16495,1,453
454,0.4207050728331687,1.460610402590918,4829,16495,1,454
455,-0.108830972666043,-6.196588584208989,4830,16495,0,455
456,-8.060741301251754,0.0943176508001837,4831,16495,1,456
457,-5.170646711980318,4.329290752569241,4832,16495,1,457
458,8.640851388203114,7.338027926137247,4833,16495,1,458
459,-1.1585279070412362,5.750253755610794,4834,16495,1,459
460,5.596254676226224,0.2527938487087429,4835,16495,1,460
461,-3.785490453130331,3.5376825427183967,4836,16495,1,461
462,-8.918835120295874,7.471125197142776,4837,16495,1,462
463,6.765494808636767,3.4422793738217834,4838,16495,1,463
464,9.6112384911381,4.438982629994346,4839,16495,1,464
465,7.203995061642488,-3.4507652871222128,4840,16495,1,465
466,9.471232203039849,-4.545230133664317,4841,16495,1,466
467,2.0193030267423038,-1.265679774962221,4842,16495,1,467
468,3.9225344513784144,9.605286408353416,4843,16495,1,468
469,-4.461712718905919,-2.5672504366162947,4844,16495,1,469
470,4.1869072129982285,1.0200267002760768,4845,16495,1,470
471,-4.7365202317314825,-6.375776860774609,4846,16495,1,471
472,-4.792254376590495,5.123804997611593,4847,16495,1,472
473,7.845342559172082,6.047686320567454,4848,16495,1,473
474,3.2628116485079204,-4.892602816970215,4849,16495,1,474
475,-7.045817475436474,8.455168947213153,4850,16495,1,475
476,-1.7931675488221863,-6.132660405153132,4851,16495,1,476
477,8.161917073553486,-3.78114633996324,4852,16495,1,477
478,4.487130623493577,2.982341224479356,4853,16495,1,478
479,-4.41185484176621,7.828676062703323,4854,16495,1,479
480,-9.864701317792337,-3.1386465271274915,4855,16495,1,480
481,-5.345337957835248,-5.668535528963885,4856,16495,1,481
482,-4.00823718531824,-1.569335739431736,4857,16495,1,482
483,2.083346630330423,-6.542774249535821,4858,16495,1,483
484,3.749706365352868,-1.5006996313482528,4859,16495,1,484
485,-0.9264208730806408,6.05272804568553,4860,16495,1,485
486,7.11799949868341,-2.627721041752502,4861,16495,1,486
487,-4.121791822864274,-7.752366422568397,4862,16495,1,487
488,2.772944734993013,-3.9990671185917455,4863,16495,1,488
489,-3.278737774922691,-7.178384161983511,4864,16495,1,489
490,-8.571248061146129,2.090166797893719,4865,16495,1,490
491,1.3731492395943228,-8.5958218170701,4866,16495,1,491
492,2.184692179395748,5.213535488345055,4867,16495,1,492
493,6.950679902510487,0.2462824652570781,4868,16495,1,493
494,1.2776778406519291,7.793565447111934,4869,16495,1,494
495,7.330707740691437,7.464337506514667,4870,16495,1,495
496,6.530586500403508,4.126046696339591,4871,16495,1,496
497,-0.0969140303404518,-0.6234157476295277,4872,16495,0,497
498,-5.9654819679779125,-5.198233653295219,4873,16495,1,498
499,2.210138905363223,-1.9447774338564356,4874,16495,1,499
500,9.904449077420136,-1.7353383989824265,4875,16495,1,500
501,-7.332595254502299,-1.5193330113042336,4876,16495,1,501
502,8.859189780337847,4.575126378415391,4877,16495,1,502
503,-8.510761921735561,-4.992094020230537,4878,16495,1,503
504,-3.9370960658001657,6.372066217315751,4879,16495,1,504
505,-3.7773726547143305,-0.6558454605034427,4880,16495,1,505
506,7.036299361406151,5.92684749074559,4881,16495,1,506
507,8.486042817243458,-3.883751449963624,4882,16495,1,507
508,-4.92277026545453,-7.381448434956841,4883,16495,1,508
509,0.4635357589444133,-9.29471138102361,4884,16495,1,509
510,9.412875427208633,6.5757760815074455,4885,16495,1,510
511,5.896111789825786,2.0400626533558235,4886,16495,1,511
512,-1.43031434357831,4.85897437964522,4887,16495,1,512
513,5.322221017738178,-9.916235994369432,4888,16495,1,513
514,0.3783385444943121,-6.07352852554264,4889,16495,1,514
515,9.755408396529743,8.700586205891362,4890,16495,1,515
516,-9.653466327521304,0.910137396376726,4891,16495,1,516
517,-3.301656194073188,-9.260956473495114,4892,16495,1,517
518,-6.358194735296776,-9.533271417892166,4893,16495,1,518
519,5.799968247816432,7.423525052458643,4894,16495,1,519
520,-9.89250711445415,-2.995949679489076,4895,16495,1,520
521,-4.928842980304509,-1.4827389153172543,4896,16495,1,521
522,-3.6823250612844287,1.400962461222102,4897,16495,1,522
523,-2.058473872020397,0.9658951178852532,4898,16495,1,523
524,-5.90052520327114,-0.0013681347538749,4899,16495,1,524
525,-8.578325224969085,0.1601904868352637,4900,16495,1,525
526,-1.607840824118373,-1.3959935821524248,4901,16495,1,526
527,-9.804623679721526,-2.4944004432861755,4902,16495,1,527
528,-4.4085950869800605,6.202599952082302,4903,16495,1,528
529,-9.308214427533958,0.8626085683200095,4904,16495,1,529
530,6.627368423770548,-2.216647316860736,4905,16495,1,530
531,0.6018669601003594,0.3282799727772172,4906,16495,1,531
532,-0.7321200038111968,-8.483531981005425,4907,16495,1,532
533,-2.515342858829797,0.9508904333529262,4908,16495,1,533
534,-1.606709492834879,8.809251603561801,4909,16495,1,534
535,-4.416769710466535,6.161721119898321,4910,16495,1,535
536,-7.501635646675455,8.929928362080876,4911,16495,1,536
537,4.909019595227003,4.706348136196578,4912,16495,1,537
538,5.398305814556888,-9.899402283326618,4913,16495,1,538
539,7.10214866343938,2.9389935786895105,4914,16495,1,539
540,-0.5566371167578783,-4.002964048365167,4915,16495,1,540
541,-7.457474544063563,2.2589827348562146,4916,16495,1,541
542,4.629251473728592,-4.534047923919903,4917,16495,1,542
543,8.575621257263187,-5.406376394040304,4918,16495,1,543
544,-4.561111759732484,6.761554330955555,4919,16495,1,544
545,4.727950368069347,1.9080650110136297,4920,16495,1,545
546,-9.09173616821027,6.210519232311633,4921,16495,1,546
547,-4.9746114009068965,-6.189422561976043,4922,16495,1,547
548,4.759422549790241,-2.8725603640409547,4923,16495,1,548
549,2.9486532902825395,6.57843951100363,4924,16495,1,549
550,-4.9292890547515045,-2.7543259845508983,4925,16495,1,550
551,-1.030844743922685,6.680033750021405,4926,16495,1,551
552,-6.208394335479966,-2.7183106465279323,4927,16495,1,552
553,8.861794591282678,-7.569689906089991,4928,16495,1,553
554,-8.262862583731083,5.557260931794939,4929,16495,1,554
555,1.6760353255770395,-7.326909940558457,4930,16495,1,555
556,-9.233185021443129,-8.385494073235808,4931,16495,1,556
557,1.0565918443642437,-1.389348106905647,4932,16495,1,557
558,-4.028531640746131,-6.638287786806929,4933,16495,1,558
559,9.480058456990786,1.3701044515772836,4934,16495,1,559
560,-3.030608811531565,9.404127717950036,4935,16495,1,560
561,-5.318688346649447,-1.883952079939192,4936,16495,1,561
562,-8.7085522534071,4.7811405797795725,4937,16495,1,562
563,-9.223406063643896,1.2136823861656223,4938,16495,1,563
564,2.66656861521599,-2.425294890902996,4939,16495,1,564
565,-1.1281146303409957,-3.976713195866375,4940,16495,1,565
566,-5.46001700601467,9.922411552825768,4941,16495,1,566
567,-9.26914640668608,5.2957585812095775,4942,16495,1,567
568,8.00301037884627,3.07382554299849,4943,16495,1,568
569,-0.6063015743772109,-1.4180743388477275,4944,16495,1,569
570,-8.538590671022352,1.66264364156617,4945,16495,1,570
571,-0.6361856050015451,-0.1899756733870727,4946,16495,1,571
572,-4.13543710645051,-7.661668552176282,4947,16495,1,572
573,2.4218344002710346,-6.098831566406702,4948,16495,1,573
574,7.040761056806566,7.727786718944657,4949,16495,1,574
575,5.282114565429444,-8.995507191892338,4950,16495,1,575
576,1.225682148788101,8.530276911460096,4951,16495,1,576
577,9.332245265644794,-5.124699269219954,4952,16495,1,577
578,-5.736089956434512,-1.1620425312815374,4953,16495,1,578
579,-4.968515008227559,-1.678770303332236,4954,16495,1,579
580,7.289334786448226,-2.850961314452631,4955,16495,1,580
581,8.471760264788998,-7.820104832324453,4956,16495,1,581
582,-4.51050755377175,-9.10735148189579,4957,16495,1,582
583,3.868793227675532,-6.9882530721877085,4958,16495,1,583
584,5.637512448257178,-6.212266558860127,4959,16495,1,584
585,0.8683518432920412,-7.215976772917148,4960,16495,1,585
586,8.224282711017551,1.3350419279879606,4961,16495,1,586
587,0.8784154932144599,-9.49625871722128,4962,16495,1,587
588,-0.8304453872763133,7.73562478773594,4963,16495,1,588
589,-9.190930614139308,9.312265041852536,4964,16495,1,589
590,3.0153863678357613,2.245464535946507,4965,16495,1,590
591,-2.231569746393629,4.162419220526774,4966,16495,1,591
592,-7.744649359076035,6.268182257342069,4967,16495,1,592
593,-9.434705100724898,2.734328287565752,4968,16495,1,593
594,-8.627438263474245,-0.1205377735363928,4969,16495,1,594
595,8.278860337141161,1.076367833614542,4970,16495,1,595
596,-9.702701863114102,-4.461098493734223,4971,16495,1,596
597,7.935640847044041,-5.11461028090431,4972,16495,1,597
598,-5.726087640249522,-9.09983862890165,4973,16495,1,598
599,6.713157843802296,4.422195325893449,4974,16495,1,599
600,2.995928925804021,0.8805653738637922,4975,16495,1,600
601,-8.725725893946638,5.210920092773051,4976,16495,1,601
602,-3.7217517490585017,6.771881298465299,4977,16495,1,602
603,9.193964950496357,1.2105779059567627,4978,16495,1,603
604,-0.2840693553060838,9.83065832773239,4979,16495,1,604
605,0.833879935159576,-5.109250746546953,4980,16495,1,605
606,-1.1723104673462537,-7.271816411444987,4981,16495,1,606
607,-6.463167243939831,-9.574698680096956,4982,16495,1,607
608,-6.5321342887555245,-4.719630094656548,4983,16495,1,608
609,-5.159648791770735,-4.546997509034263,4984,16495,1,609
610,-8.892213222201477,4.905212960722064,4985,16495,1,610
611,-1.0789995218825954,5.350090365096168,4986,16495,1,611
612,-3.4802844456169213,4.699788948131509,4987,16495,1,612
613,-6.020906217006987,-5.338199574834359,4988,16495,1,613
614,-0.7402008374644105,8.45287160826134,4989,16495,1,614
615,-3.3939893268893755,8.887855504000807,4990,16495,1,615
616,5.784888383472479,-1.296766442087165,4991,16495,1,616
617,-6.446582421273021,-9.983137620453212,4992,16495,1,617
618,6.366293168599931,4.205167561063384,4993,16495,1,618
619,9.511970323485794,1.60333023283356,4994,16495,1,619
620,-6.909797305782419,8.786096051983524,4995,16495,1,620
621,1.8624558018303572,-6.5347797695778365,4996,16495,1,621
622,-2.823549129306504,9.240804620463926,4997,16495,1,622
623,1.273023084072717,-0.2856558284552619,4998,16495,1,623
624,5.819564650174534,6.369377906176382,4999,16495,1,624
0,-7.111071509909519,6.984151073529194,5000,16567,1,0
1,-6.691927199752046,-2.8362384677871777,5001,16567,1,1
2,-1.019519097601167,9.31777196328953,5002,16567,1,2
3,5.2019774870653706,8.608183358143538,5003,16567,1,3
4,5.047386231180743,-6.321863741173351,5004,16567,1,4
5,-8.845886732006011,6.508368681884647,5005,16567,1,5
6,-7.121969974128685,-5.166272667908379,5006,16567,1,6
7,-7.16354062485637,-6.464960586775739,5007,16567,1,7
8,5.262489414526785,9.34032622439484,5008,16567,1,8
9,5.182338863934062,-9.597456544076612,5009,16567,1,9
10,7.714649293708181,-1.1464052732859091,5010,16567,1,10
11,-2.3779558201660755,6.126562816124284,5011,16567,1,11
12,-5.294579005341713,-2.916623288007328,5012,16567,1,12
13,-7.178673421680952,0.0880729262986683,5013,16567,1,13
14,7.367195415184842,-0.6437098407473822,5014,16567,1,14
15,-8.29930472043438,4.638502444871991,5015,16567,1,15
16,4.720689410833474,5.047926513693133,5016,16567,1,16
17,-0.4307935901731756,5.253417875990527,5017,16567,1,17
18,3.369497370561838,-2.778832447521322,5018,16567,1,18
19,8.599841441936501,-3.851309397257081,5019,16567,1,19
20,-0.7103790048968968,-2.163716258433248,5020,16567,1,20
21,-7.506045954098344,-5.962634159794251,5021,16567,1,21
22,8.801281055979896,-7.7625097308611934,5022,16567,1,22
23,7.211056926013263,4.344826717491507,5023,16567,1,23
24,-5.172841351038258,2.722101152693705,5024,16567,1,24
25,3.773367057300643,-3.875608026706927,5025,16567,1,25
26,-1.9325135112765128,-3.0362051871766,5026,16567,1,26
27,-1.8721351408021287,-6.821060412874593,5027,16567,1,27
28,0.0777945673031865,-4.010117058414648,5028,16567,0,28
29,6.036818020250582,4.31599877302002,5029,16567,1,29
30,3.3621001034034865,-6.984542630285406,5030,16567,1,30
31,2.008770880594895,0.3183229641749214,5031,16567,1,31
32,1.0566720594499923,3.716151443687908,5032,16567,1,32
33,-4.960910949428065,5.368801257511695,5033,16567,1,33
34,6.887944159119094,-5.601075732895469,5034,16567,1,34
35,-8.570067440887549,-8.68765598818177,5035,16567,1,35
36,5.859091891293655,6.848707296588636,5036,16567,1,36
37,7.512120281177417,-5.148991131723568,5037,16567,1,37
38,5.240373554781844,0.2040724691777349,5038,16567,1,38
39,1.980124447421776,3.8603841178729255,5039,16567,1,39
40,9.064761927033535,5.07514278334294,5040,16567,1,40
41,-7.883579524072748,7.105051720531716,5041,16567,1,41
42,-9.942991131212809,-6.151822564812994,5042,16567,1,42
43,5.539956146488665,-3.807591143099347,5043,16567,1,43
44,9.60173966169291,-2.3269406152970245,5044,16567,1,44
45,1.5616464747866026,-5.601562959539423,5045,16567,1,45
46,-6.824370908951787,6.837266993615327,5046,16567,1,46
47,8.271673701284161,-1.823405308602652,5047,16567,1,47
48,-7.397834114316046,7.301592253007737,5048,16567,1,48
49,-2.485004877038934,-1.9092138245208223,5049,16567,1,49
50,-4.526897922801718,3.0238821760903445,5050,16567,1,50
51,4.2748174850034495,-1.93925994506526,5051,16567,1,51
52,6.637076447902974,6.541492214401842,5052,16567,1,52
53,1.1136886788806084,9.479259447907737,5053,16567,1,53
54,-0.4744919875511684,-2.777312361559443,5054,16567,1,54
55,2.2334604001509675,-6.37974833028127,5055,16567,1,55
56,-8.382491497676003,0.7817391984052886,5056,16567,1,56
57,-6.579214866971417,5.799243384419929,5057,16567,1,57
58,-7.839764934863791,-2.591630786923876,5058,16567,1,58
59,-7.001607445197459,-9.35473749618663,5059,16567,1,59
60,-4.2531958939643495,6.8217555219092,5060,16567,1,60
61,-5.726581679029139,-8.752532421653296,5061,16567,1,61
62,-2.590552795790904,5.843248360886651,5062,16567,1,62
63,-3.5652759702860592,5.110570881449894,5063,16567,1,63
64,5.942730329697989,4.791285261832293,5064,16567,1,64
65,4.084058414658646,6.401542276889479,5065,16567,1,65
66,-7.625116246421242,-2.625002403469667,5066,16567,1,66
67,6.347278611314756,-2.4015085093861988,5067,16567,1,67
68,5.273930731198547,-1.9405560076686277,5068,16567,1,68
69,-0.8255785186696212,-7.434609707200705,5069,16567,1,69
70,4.028969909064962,-9.652181399036577,5070,16567,1,70
71,7.329871199225849,-3.695476930039776,5071,16567,1,71
72,8.434272450204162,6.334699571487079,5072,16567,1,72
73,-4.585845280549091,2.517407975257948,5073,16567,1,73
74,1.6287909003002363,-3.807482262916509,5074,16567,1,74
75,-0.3489358388548584,-9.413316213161442,5075,16567,1,75
76,-0.9201115082137096,-6.648980045850181,5076,16567,1,76
77,-5.222335894142653,-5.55078297993435,5077,16567,1,77
78,-6.106802703400296,-1.483829641811628,5078,16567,1,78
79,6.4233197631268695,-2.719970157462201,5079,16567,1,79
80,3.712253319761565,-8.35895837654055,5080,16567,1,80
81,-8.136592918589455,9.581530148324408,5081,16567,1,81
82,0.788327051301172,0.3513259554028369,5082,16567,1,82
83,-4.015465295844436,3.714035277764333,5083,16567,1,83
84,0.0793831346034164,6.629609904696544,5084,16567,0,84
85,-5.021296365474328,3.979367782166507,5085,16567,1,85
86,-9.020524127180549,7.900606736278423,5086,16567,1,86
87,0.5824528284492203,-0.4486843692217803,5087,16567,1,87
88,1.2746898729413907,-9.537327921084076,5088,16567,1,88
89,8.989315567045871,5.006820327398522,5089,16567,1,89
90,7.06508969196469,-7.913291151186197,5090,16567,1,90
91,-4.13523501021559,0.6254332859623464,5091,16567,1,91
92,0.0235579265994623,7.721315056979428,5092,16567,0,92
93,-0.5194455762465804,0.9967027006415244,5093,16567,1,93
94,7.686707537287155,5.495481771649418,5094,16567,1,94
95,2.460121940851881,-0.7399662832901317,5095,16567,1,95
96,-4.981011053860116,-9.078134812583,5096,16567,1,96
97,8.98639602313375,6.794495337232952,5097,16567,1,97
98,9.711013117681876,9.20315699773155,5098,16567,1,98
99,-6.762957773112936,2.172152376184167,5099,16567,1,99
100,8.648196616762093,-5.822833863932839,5100,16567,1,100
101,6.431737721289231,0.820881495797714,5101,16567,1,101
102,0.6602362081138207,1.445855625080256,5102,16567,1,102
103,0.2834020367396839,0.0165167414502587,5103,16567,1,103
104,0.4513394368894925,5.650358468233474,5104,16567,1,104
105,-2.276004762926222,-7.531148609451563,5105,16567,1,105
106,-1.9839311563929505,-4.728580785352259,5106,16567,1,106
107,-5.987189443827587,-9.542439654654917,5107,16567,1,107
108,-0.6123358877669176,5.031836588565053,5108,16567,1,108
109,-1.9454500493857625,-9.626775906945364,5109,16567,1,109
110,-5.176309600142909,-1.194971727809012,5110,16567,1,110
111,-9.096735152820354,-7.715128571886134,5111,16567,1,111
112,9.158782088908795,2.9511134691823067,5112,16567,1,112
113,7.1299555113593485,-3.613261977511901,5113,16567,1,113
114,-5.5035293431097365,2.19178123329694,5114,16567,1,114
115,0.2568473821302479,-6.913690923761351,5115,16567,1,115
116,-2.586547681253002,-7.250570376527142,5116,16567,1,116
117,1.2837346069832645,0.6294629322912364,5117,16567,1,117
118,5.803922835328585,-8.375753105114379,5118,16567,1,118
119,-5.058666865970638,1.658375438029026,5119,16567,1,119
120,1.5920270567297052,1.1577514914120286,5120,16567,1,120
121,6.538474973559165,2.1815854956641,5121,16567,1,121
122,1.6025917782971728,2.7924495919985723,5122,16567,1,122
123,2.2502800585627707,2.179114523608096,5123,16567,1,123
124,7.560280018546276,-5.930498759189369,5124,16567,1,124
125,3.002703650773652,-0.2625612446368919,5125,16567,1,125
126,-4.872433867639003,2.991967554313044,5126,16567,1,126
127,-6.000546672003693,-1.2074134062362525,5127,16567,1,127
128,-7.316771848563803,-9.37122771972416,5128,16567,1,128
129,5.673290936753993,4.784343055125479,5129,16567,1,129
130,-0.1583573513204683,1.9890602898413297,5130,16567,0,130
131,-8.794236400831663,-6.74329095774665,5131,16567,1,131
132,2.7294514206026026,2.283002679349336,5132,16567,1,132
133,-3.402519146739456,-1.756481816386291,5133,16567,1,133
134,0.0495808824338368,-4.06094834732444,5134,16567,0,134
135,1.0708962512928295,7.63801170575293,5135,16567,1,135
136,-4.134090459937958,2.837756202896633,5136,16567,1,136
137,-5.61894491670397,2.842989627687418,5137,16567,1,137
138,6.5711088919874605,-8.554878619577355,5138,16567,1,138
139,1.8602290067284384,4.620116785944862,5139,16567,1,139
140,5.985405476650932,3.790479319052928,5140,16567,1,140
141,7.445918979749319,8.740049731978068,5141,16567,1,141
142,-2.8667907204652714,-2.5950296302288383,5142,16567,1,142
143,7.124299442791095,-2.442349070991609,5143,16567,1,143
144,7.145975957239109,6.941008605109246,5144,16567,1,144
145,-3.923786505531133,-5.253338179980878,5145,16567,1,145
146,-8.82535564040751,3.5861824333169032,5146,16567,1,146
147,-4.074025975649276,-5.5592149223373895,5147,16567,1,147
148,-3.792339839589836,4.162048971355453,5148,16567,1,148
149,-2.142260920971788,5.998535312266981,5149,16567,1,149
150,8.760631997495882,5.343678243603435,5150,16567,1,150
151,-5.5504498706672445,-9.904127847219556,5151,16567,1,151
152,-5.697634352712992,7.297636518788707,5152,16567,1,152
153,-0.1402666926435518,-7.795303168477821,5153,16567,0,153
154,3.37307091232184,-0.1660849681860003,5154,16567,1,154
155,8.175770112544036,5.595480909455915,5155,16567,1,155
156,4.910180292044188,-7.343151176175278,5156,16567,1,156
157,-6.278164746435735,2.7619345658047862,5157,16567,1,157
158,-9.344670859064848,5.712583718595496,5158,16567,1,158
159,-1.5416175299410444,-7.241391822401373,5159,16567,1,159
160,-2.5157120190518256,-1.9059626860831909,5160,16567,1,160
161,-3.592186354604583,0.4236920784638958,5161,16567,1,161
162,-6.537235421262915,-8.535128289532386,5162,16567,1,162
163,-4.4789249273727005,-3.969827047593285,5163,16567,1,163
164,7.581919063285799,-4.01528718721506,5164,16567,1,164
165,3.037334548442544,6.177448614526991,5165,16567,1,165
166,-6.00155292341539,2.062295978732731,5166,16567,1,166
167,1.3697032584695457,9.75641188754446,5167,16567,1,167
168,-6.676086697154116,-5.660399938989372,5168,16567,1,168
169,4.382575814024722,7.904823396477482,5169,16567,1,169
170,1.8172098735439484,7.501060552126852,5170,16567,1,170
171,-0.7065881165385619,7.72857802640911,5171,16567,1,171
172,0.7112972229197467,-1.518191795895305,5172,16567,1,172
173,5.223512268854044,5.673038040684252,5173,16567,1,173
174,-0.9309090835704374,4.450649279506882,5174,16567,1,174
175,8.976162085315671,-5.755479588210505,5175,16567,1,175
176,7.097223948958021,-9.573246032331175,5176,16567,1,176
177,8.879979668797084,7.117862970720086,5177,16567,1,177
178,4.576308264859563,2.9680184219380656,5178,16567,1,178
179,-8.519482446883512,0.1832212816875529,5179,16567,1,179
180,4.3686890070415,9.305747047784912,5180,16567,1,180
181,7.954397991764178,0.8447728534459849,5181,16567,1,181
182,-0.9128328422311504,2.517013292112312,5182,16567,1,182
183,-3.958738746486508,4.115996749076532,5183,16567,1,183
184,-3.628099021267152,9.796812129345373,5184,16567,1,184
185,3.2137031098278754,2.3111701896860737,5185,16567,1,185
186,-5.587667623543178,4.890216841071149,5186,16567,1,186
187,5.485347339127989,-3.064093714829814,5187,16567,1,187
188,-1.9080137128742043,-7.10664726796852,5188,16567,1,188
189,-9.819410456692296,-2.783494805097318,5189,16567,1,189
190,-7.084393689762633,-6.43017384634531,5190,16567,1,190
191,1.6404459114334102,-2.315286743212111,5191,16567,1,191
192,8.870326967997425,0.0764436141031676,5192,16567,1,192
193,-2.1976195963551053,8.95538164078009,5193,16567,1,193
194,6.023051918749534,1.6735085395153355,5194,16567,1,194
195,-8.180960543055447,4.653039748465735,5195,16567,1,195
196,6.206770666078029,-3.1218059663065496,5196,16567,1,196
197,-1.1195935556803622,2.7034018948282856,5197,16567,1,197
198,7.396908960121543,-1.076509018660092,5198,16567,1,198
199,-7.795011359618327,5.054207245568772,5199,16567,1,199
200,9.33136197781274,-5.860769452863915,5200,16567,1,200
201,4.57298257186881,-3.5408344707690205,5201,16567,1,201
202,-5.354913530568524,8.595554941421359,5202,16567,1,202
203,-9.361100041232946,-7.084640793594126,5203,16567,1,203
204,-6.245375121740979,3.913806318410156,5204,16567,1,204
205,-2.2203062211213087,2.603930607537407,5205,16567,1,205
206,-6.793070475965304,5.514161077619804,5206,16567,1,206
207,3.5367009236126776,5.685590393998117,5207,16567,1,207
208,8.544993396579361,8.823734344673984,5208,16567,1,208
209,-4.143035789844243,2.4663726736052816,5209,16567,1,209
210,-6.090645309271084,8.31850699759024,5210,16567,1,210
211,4.418657012728108,-9.717425529488631,5211,16567,1,211
212,-0.6749991472736294,6.170018512471245,5212,16567,1,212
213,1.6520873090091095,4.590225117125069,5213,16567,1,213
214,-1.93950885446365,5.609791266165512,5214,16567,1,214
215,-0.5166707760277855,-4.151766038141407,5215,16567,1,215
216,-4.77281924477764,-5.350241610351518,5216,16567,1,216
217,3.055160532425633,-0.895458496527155,5217,16567,1,217
218,-1.9334084608635784,3.639733455926814,5218,16567,1,218
219,-5.799388578823699,-3.202991713691146,5219,16567,1,219
220,-9.19700533883756,7.093865728902713,5220,16567,1,220
221,-1.856899123792001,2.452320748205468,5221,16567,1,221
222,2.1758874662182865,-0.971793754099231,5222,16567,1,222
223,-2.1374828044472576,-1.8419779178975144,5223,16567,1,223
224,-1.7801915649296711,0.0964287325947843,5224,16567,1,224
225,1.7985017296544503,5.565598506261454,5225,16567,1,225
226,2.7362398161440904,-0.7447559903452898,5226,16567,1,226
227,7.86561236257706,5.366390195901175,5227,16567,1,227
228,1.011586292402395,8.30135461897352,5228,16567,1,228
229,-3.239361457708738,8.756696210198488,5229,16567,1,229
230,7.035244510939819,-5.373023121797964,5230,16567,1,230
231,-5.006990145353325,-5.047871023800628,5231,16567,1,231
232,-8.947515806118485,-4.303632035691392,5232,16567,1,232
233,7.705277448654655,-9.94857683447374,5233,16567,1,233
234,-2.3640080447153844,-6.15673757815816,5234,16567,1,234
235,9.75376679584918,-4.211704514785433,5235,16567,1,235
236,1.1000488447707806,1.7419997994968064,5236,16567,1,236
237,-5.459476943309238,0.7748859579210166,5237,16567,1,237
238,1.4504961451890337,-3.42642942976378,5238,16567,1,238
239,4.081899179655446,-8.773488639877007,5239,16567,1,239
240,-9.404165939417446,-6.597619584722936,5240,16567,1,240
241,-5.981968309993211,-4.616741517796001,5241,16567,1,241
242,1.3594283877091513,-1.2318037438101967,5242,16567,1,242
243,-5.078035838551265,3.958183645534387,5243,16567,1,243
244,5.81563455864204,-4.99634101409745,5244,16567,1,244
245,8.369819911943758,4.641852821761489,5245,16567,1,245
246,1.0146196929902516,-6.113956426248317,5246,16567,1,246
247,2.6726255958148077,-2.50880967936183,5247,16567,1,247
248,-1.0644184580327387,4.151302268995359,5248,16567,1,248
249,2.9339910330988754,-3.83340041049042,5249,16567,1,249
250,-9.460588072364695,9.90843212799685,5250,16567,1,250
251,3.954936924132678,-8.303557537061357,5251,16567,1,251
252,-4.561076376267752,5.334199418296684,5252,16567,1,252
253,-5.800764499412743,-9.056125940972295,5253,16567,1,253
254,3.918815013455241,2.1131061196329317,5254,16567,1,254
255,-8.10635696780222,0.7080095385916216,5255,16567,1,255
256,9.195876999348592,-4.628210334153737,5256,16567,1,256
257,7.193581813124904,-7.782893001267537,5257,16567,1,257
258,5.944672874325271,5.0157026870279005,5258,16567,1,258
259,1.3612633116676631,8.659090507919856,5259,16567,1,259
260,9.607542217004353,8.16563127512606,5260,16567,1,260
261,0.8939686790499515,-6.962966883491228,5261,16567,1,261
262,-5.997802462385735,-8.55611610429727,5262,16567,1,262
263,-8.829350173624032,0.5475750312078702,5263,16567,1,263
264,-3.943297216481378,-1.8807658400933391,5264,16567,1,264
265,5.111246210654644,-0.8299141344403616,5265,16567,1,265
266,8.204026236353432,-3.4333705749456094,5266,16567,1,266
267,4.690568244761408,-7.573961366852946,5267,16567,1,267
268,-3.1255632227740904,6.9146220977828605,5268,16567,1,268
269,-2.204907596779078,4.173937092670199,5269,16567,1,269
270,8.4729829212278,-3.4151676616577014,5270,16567,1,270
271,2.036676787551608,1.8155017718547448,5271,16567,1,271
272,-0.373701140580911,9.401214135957566,5272,16567,1,272
273,9.833092993387162,1.6062239437480643,5273,16567,1,273
274,4.654836586691243,3.5671807975712646,5274,16567,1,274
275,1.39325046303769,6.001093718782101,5275,16567,1,275
276,-4.530452737240706,-0.6742637148341313,5276,16567,1,276
277,0.0011530151831973,3.3268421588371417,5277,16567,0,277
278,-7.737690985589289,-1.0696926827706843,5278,16567,1,278
279,4.173876461625914,-5.522574245112432,5279,16567,1,279
280,-3.939019416995249,7.241102419632142,5280,16567,1,280
281,-8.498846337397637,-1.8291915159071357,5281,16567,1,281
282,3.291281547037378,-0.3564514601153394,5282,16567,1,282
283,4.027054577384387,3.229440414176686,5283,16567,1,283
284,2.1697113785072,7.74426772815389,5284,16567,1,284
285,-8.999904304053253,-4.986419407040719,5285,16567,1,285
286,9.652758597112877,-8.666742481743416,5286,16567,1,286
287,-2.154760450515396,3.416370091406801,5287,16567,1,287
288,6.811711089386282,6.760328068348787,5288,16567,1,288
289,-3.751786610747104,-1.680589676403656,5289,16567,1,289
290,0.5353809006770209,0.4433589486296867,5290,16567,1,290
291,8.842333858720242,1.9074343122128496,5291,16567,1,291
292,4.569481798293145,-0.7066502071483391,5292,16567,1,292
293,-1.044011041109263,0.434969239897109,5293,16567,1,293
294,-2.65384335219387,-5.90737468807353,5294,16567,1,294
295,-1.612355980835794,-6.220508992601048,5295,16567,1,295
296,-4.360045437705214,-1.20292973107542,5296,16567,1,296
297,5.970492210438467,8.053725686385206,5297,16567,1,297
298,-8.558710759722114,-3.763130354499575,5298,16567,1,298
299,-2.9297814963335167,-9.25151916878589,5299,16567,1,299
300,-0.6055965780422152,-9.523690546615835,5300,16567,1,300
301,2.451303185921517,-9.026665869377045,5301,16567,1,301
302,5.128653313430938,-7.301754485050989,5302,16567,1,302
303,5.476231414682042,-3.784441005026258,5303,16567,1,303
304,-7.534138032202239,-0.5379906057370825,5304,16567,1,304
305,2.070609953561757,4.449665519751878,5305,16567,1,305
306,0.1020041542148959,9.930508388654935,5306,16567,0,306
307,-3.642417809752746,-6.142978334133882,5307,16567,1,307
308,1.527882734489765,-8.042916755040647,5308,16567,1,308
309,4.290516967645985,0.7852213896479086,5309,16567,1,309
310,-4.807567349664524,6.849481174018084,5310,16567,1,310
311,-6.1266230616154616,-9.02540248502724,5311,16567,1,311
312,-4.025249390915815,-2.1501587179672965,5312,16567,1,312
313,-5.54390745661733,-3.038824459702858,5313,16567,1,313
314,9.312782426901272,-1.0985296963609503,5314,16567,1,314
315,-9.841178331714,3.916324209892668,5315,16567,1,315
316,8.976237715051823,6.919020233974752,5316,16567,1,316
317,6.738431649391735,5.832393296297834,5317,16567,1,317
318,2.031909022764109,-2.319063278342033,5318,16567,1,318
319,1.2620805933138346,0.4811428795186607,5319,16567,1,319
320,-5.054024117516185,-1.945493253508113,5320,16567,1,320
321,-0.2684746122301611,7.962881020940806,5321,16567,1,321
322,1.1820467154860577,4.731896663965731,5322,16567,1,322
323,2.166232914386825,-1.9240722111376467,5323,16567,1,323
324,-6.797502638162955,-0.3548798685579086,5324,16567,1,324
325,-1.7214380235984947,-6.444701789448279,5325,16567,1,325
326,0.7308568749344211,-4.4592152689482445,5326,16567,1,326
327,6.5636731454933255,-1.0390081774825646,5327,16567,1,327
328,-7.677403072217444,7.0151379946989145,5328,16567,1,328
329,-6.631544343234122,-2.677593642772371,5329,16567,1,329
330,4.704989030737988,-2.849617421835693,5330,16567,1,330
331,4.085759179589219,-0.6035464730659044,5331,16567,1,331
332,-6.440219943237735,3.06323940592954,5332,16567,1,332
333,5.37246533754576,0.6610832920001286,5333,16567,1,333
334,4.775747884381957,8.870559466168125,5334,16567,1,334
335,-3.821402084135004,0.6024006007791787,5335,16567,1,335
336,-2.834792834417696,-8.965051974081481,5336,16567,1,336
337,9.805490961841418,-0.7871676452219827,5337,16567,1,337
338,-3.862147408404129,-3.756632081743378,5338,16567,1,338
339,-2.2204617200397863,-5.450135241283352,5339,16567,1,339
340,5.928755583294137,3.8054375018155735,5340,16567,1,340
341,6.753223705141991,4.6149547590016375,5341,16567,1,341
342,-8.757758687639953,-1.262567898547598,5342,16567,1,342
343,2.8823451209185524,9.374498363551051,5343,16567,1,343
344,-1.2192890842591453,6.167676544310638,5344,16567,1,344
345,-2.5685994422047376,-0.3975803342537993,5345,16567,1,345
346,7.252787837886096,4.904580160645601,5346,16567,1,346
347,-6.990607174365479,-4.967060971169063,5347,16567,1,347
348,-1.1087719547941255,-1.8393317660827984,5348,16567,1,348
349,3.399847413934168,-4.7665263942208576,5349,16567,1,349
350,-2.3080807106379497,5.893075395254321,5350,16567,1,350
351,-4.087294370822785,-9.13030673719664,5351,16567,1,351
352,1.4076135159950915,-9.165323285508036,5352,16567,1,352
353,-0.7835079081304723,6.936437331205987,5353,16567,1,353
354,-0.229466737956228,0.9690939982628084,5354,16567,1,354
355,-8.619655185102427,-6.232765038010357,5355,16567,1,355
356,9.211734478264365,9.529138822212651,5356,16567,1,356
357,-6.723809596461166,-1.591091478594901,5357,16567,1,357
358,-3.047963527593904,6.770461407941259,5358,16567,1,358
359,-8.93428423389544,8.421995564149466,5359,16567,1,359
360,6.3725398427399575,-1.1993717186870256,5360,16567,1,360
361,-5.471163360139039,2.949132077940685,5361,16567,1,361
362,-8.043474100436113,-5.3588630900574135,5362,16567,1,362
363,3.0533908193916304,1.7628196616733316,5363,16567,1,363
364,-7.935482378705698,6.859598053666012,5364,16567,1,364
365,-8.507899617525304,8.84584227779812,5365,16567,1,365
366,-1.9024012897141065,4.240177880289993,5366,16567,1,366
367,2.4731919820355444,8.554968084822839,5367,16567,1,367
368,-2.0085815275667063,1.622706563722469,5368,16567,1,368
369,9.790935573686305,3.201614878834354,5369,16567,1,369
370,-8.185740903808592,0.2990486426387413,5370,16567,1,370
371,-1.2536319448480384,1.8210014332040387,5371,16567,1,371
372,4.624377085522767,-0.8213522054586502,5372,16567,1,372
373,-8.051268152039924,-5.775145205204073,5373,16567,1,373
374,9.982466476008696,-8.754801660539794,5374,16567,1,374
375,-1.71401344661337,3.761722301561738,5375,16567,1,375
376,7.007492405575725,7.297432726655227,5376,16567,1,376
377,4.650642249586745,-3.722975444338039,5377,16567,1,377
378,-1.167153129895777,-4.774246707175016,5378,16567,1,378
379,-1.1807384567429224,-0.7153405743486587,5379,16567,1,379
380,6.636328739172626,-0.683454010377929,5380,16567,1,380
381,3.507132946998308,-3.501277009418784,5381,16567,1,381
382,9.094886234544033,6.860379282575845,5382,16567,1,382
383,9.862387452511124,4.310720274900227,5383,16567,1,383
384,0.833464608629896,7.293993621876524,5384,16567,1,384
385,4.821730557391115,-8.141796054171891,5385,16567,1,385
386,-2.622461361560875,6.310237417021881,5386,16567,1,386
387,3.7039005446361823,0.0233927590901856,5387,16567,1,387
388,-4.857718737467813,4.416363367204523,5388,16567,1,388
389,7.493768663494752,8.359441035752837,5389,16567,1,389
390,2.174873385880975,0.5425030101013704,5390,16567,1,390
391,-5.688693599309262,5.772447403274201,5391,16567,1,391
392,3.1119673463473774,1.821298497409124,5392,16567,1,392
393,9.31538156279355,4.619849583491995,5393,16567,1,393
394,4.814615714885576,-8.50294604857794,5394,16567,1,394
395,-7.583911185705057,-0.2664491543003393,5395,16567,1,395
396,-8.449137257905656,1.401796951192896,5396,16567,1,396
397,5.553100604302447,-9.258075283597012,5397,16567,1,397
398,9.290126565444933,3.5328942738750904,5398,16567,1,398
399,2.9784054999539915,6.88595509449657,5399,16567,1,399
400,7.949046019804019,0.95933306251961,5400,16567,1,400
401,-8.054024313083342,-9.246179463448131,5401,16567,1,401
402,9.394252307385742,2.715694257399422,5402,16567,1,402
403,-1.3679543692378289,3.781384044223593,5403,16567,1,403
404,6.003175788107036,-0.442933116533176,5404,16567,1,404
405,-3.5178291645218174,6.707921318308038,5405,16567,1,405
406,7.56670143087533,-5.795952431558642,5406,16567,1,406
407,-0.8899758713215729,-9.4773082175682,5407,16567,1,407
408,2.649137144529508,8.702249545610265,5408,16567,1,408
409,8.025521710804714,0.654216141026291,5409,16567,1,409
410,-3.671295180037326,7.815360998347902,5410,16567,1,410
411,-8.583226210179355,-3.165257827404222,5411,16567,1,411
412,7.788300458065521,-4.015433728890447,5412,16567,1,412
413,0.7680561937606445,0.4151454814733704,5413,16567,1,413
414,-7.285311423285929,8.956843761612639,5414,16567,1,414
415,4.879173624294404,-9.2542910209635,5415,16567,1,415
416,-5.310147775921119,-6.417515569942727,5416,16567,1,416
417,3.629479600234181,1.9298371084543149,5417,16567,1,417
418,0.5193022115182977,6.962662609818178,5418,16567,1,418
419,6.380532551543322,-1.2684782236527408,5419,16567,1,419
420,-8.446463046077632,-9.643279191988034,5420,16567,1,420
421,-2.8862448523611395,1.069546437718035,5421,16567,1,421
422,9.201143229031889,2.303063996770117,5422,16567,1,422
423,9.068380766868902,-5.288688126543837,5423,16567,1,423
424,-3.882897306862379,8.144251857672199,5424,16567,1,424
425,6.531334020518337,-4.617149543293384,5425,16567,1,425
426,-7.304766064631922,-5.662111341272647,5426,16567,1,426
427,6.4274281698009865,3.6478334707858,5427,16567,1,427
428,-6.350436019949006,-9.87479198129984,5428,16567,1,428
429,6.040304014274632,-7.886067816387554,5429,16567,1,429
430,5.247275420847657,9.568175174212431,5430,16567,1,430
431,0.5187813243194022,1.5411277303958926,5431,16567,1,431
432,3.272046108495436,3.5533051419763595,5432,16567,1,432
433,3.887206037750431,-0.2822372873935901,5433,16567,1,433
434,-8.60200960520566,-8.067502266811085,5434,16567,1,434
435,-9.887011283346798,0.2247745847246012,5435,16567,1,435
436,-5.916833591375803,4.284062509026196,5436,16567,1,436
437,5.429458151928813,-7.6216795680695455,5437,16567,1,437
438,-5.6491352370150905,0.5936288823788427,5438,16567,1,438
439,-6.385180828867078,0.5098784958410736,5439,16567,1,439
440,-8.06881705282841,-9.507548319432347,5440,16567,1,440
441,-3.817606753748864,-3.255253739433208,5441,16567,1,441
442,9.38411432667931,-5.833693108287799,5442,16567,1,442
443,-9.585697627822857,8.295428585695962,5443,16567,1,443
444,3.875451516739128,-3.723516136603431,5444,16567,1,444
445,5.412367035002498,4.122382479006364,5445,16567,1,445
446,4.101852182362208,1.1545132480842497,5446,16567,1,446
447,-1.374996890021766,3.8891903216968906,5447,16567,1,447
448,-9.442118689354214,-8.944337315273923,5448,16567,1,448
449,2.299235986790197,7.9772732775831585,5449,16567,1,449
450,6.741422488439998,4.06653728230272,5450,16567,1,450
451,-1.959995766210964,-7.083922092870187,5451,16567,1,451
452,5.658124460870571,-2.821008528615112,5452,16567,1,452
453,-9.850308790076298,-3.0209700892801905,5453,16567,1,453
454,0.4207050728331687,1.460610402590918,5454,16567,1,454
455,-0.108830972666043,-6.196588584208989,5455,16567,0,455
456,-8.060741301251754,0.0943176508001837,5456,16567,1,456
457,-5.170646711980318,4.329290752569241,5457,16567,1,457
458,8.640851388203114,7.338027926137247,5458,16567,1,458
459,-1.1585279070412362,5.750253755610794,5459,16567,1,459
460,5.596254676226224,0.2527938487087429,5460,16567,1,460
461,-3.785490453130331,3.5376825427183967,5461,16567,1,461
462,-8.918835120295874,7.471125197142776,5462,16567,1,462
463,6.765494808636767,3.4422793738217834,5463,16567,1,463
464,9.6112384911381,4.438982629994346,5464,16567,1,464
465,7.203995061642488,-3.4507652871222128,5465,16567,1,465
466,9.471232203039849,-4.545230133664317,5466,16567,1,466
467,2.0193030267423038,-1.265679774962221,5467,16567,1,467
468,3.9225344513784144,9.605286408353416,5468,16567,1,468
469,-4.461712718905919,-2.5672504366162947,5469,16567,1,469
470,4.1869072129982285,1.0200267002760768,5470,16567,1,470
471,-4.7365202317314825,-6.375776860774609,5471,16567,1,471
472,-4.792254376590495,5.123804997611593,5472,16567,1,472
473,7.845342559172082,6.047686320567454,5473,16567,1,473
474,3.2628116485079204,-4.892602816970215,5474,16567,1,474
475,-7.045817475436474,8.455168947213153,5475,16567,1,475
476,-1.7931675488221863,-6.132660405153132,5476,16567,1,476
477,8.161917073553486,-3.78114633996324,5477,16567,1,477
478,4.487130623493577,2.982341224479356,5478,16567,1,478
479,-4.41185484176621,7.828676062703323,5479,16567,1,479
480,-9.864701317792337,-3.1386465271274915,5480,16567,1,480
481,-5.345337957835248,-5.668535528963885,5481,16567,1,481
482,-4.00823718531824,-1.569335739431736,5482,16567,1,482
483,2.083346630330423,-6.542774249535821,5483,16567,1,483
484,3.749706365352868,-1.5006996313482528,5484,16567,1,484
485,-0.9264208730806408,6.05272804568553,5485,16567,1,485
486,7.11799949868341,-2.627721041752502,5486,16567,1,486
487,-4.121791822864274,-7.752366422568397,5487,16567,1,487
488,2.772944734993013,-3.9990671185917455,5488,16567,1,488
489,-3.278737774922691,-7.178384161983511,5489,16567,1,489
490,-8.571248061146129,2.090166797893719,5490,16567,1,490
491,1.3731492395943228,-8.5958218170701,5491,16567,1,491
492,2.184692179395748,5.213535488345055,5492,16567,1,492
493,6.950679902510487,0.2462824652570781,5493,16567,1,493
494,1.2776778406519291,7.793565447111934,5494,16567,1,494
495,7.330707740691437,7.464337506514667,5495,16567,1,495
496,6.530586500403508,4.126046696339591,5496,16567,1,496
497,-0.0969140303404518,-0.6234157476295277,5497,16567,0,497
498,-5.9654819679779125,-5.198233653295219,5498,16567,1,498
499,2.210138905363223,-1.9447774338564356,5499,16567,1,499
500,9.904449077420136,-1.7353383989824265,5500,16567,1,500
501,-7.332595254502299,-1.5193330113042336,5501,16567,1,501
502,8.859189780337847,4.575126378415391,5502,16567,1,502
503,-8.510761921735561,-4.992094020230537,5503,16567,1,503
504,-3.9370960658001657,6.372066217315751,5504,16567,1,504
505,-3.7773726547143305,-0.6558454605034427,5505,16567,1,505
506,7.036299361406151,5.92684749074559,5506,16567,1,506
507,8.486042817243458,-3.883751449963624,5507,16567,1,507
508,-4.92277026545453,-7.381448434956841,5508,16567,1,508
509,0.4635357589444133,-9.29471138102361,5509,16567,1,509
510,9.412875427208633,6.5757760815074455,5510,16567,1,510
511,5.896111789825786,2.0400626533558235,5511,16567,1,511
512,-1.43031434357831,4.85897437964522,5512,16567,1,512
513,5.322221017738178,-9.916235994369432,5513,16567,1,513
514,0.3783385444943121,-6.07352852554264,5514,16567,1,514
515,9.755408396529743,8.700586205891362,5515,16567,1,515
516,-9.653466327521304,0.910137396376726,5516,16567,1,516
517,-3.301656194073188,-9.260956473495114,5517,16567,1,517
518,-6.358194735296776,-9.533271417892166,5518,16567,1,518
519,5.799968247816432,7.423525052458643,5519,16567,1,519
520,-9.89250711445415,-2.995949679489076,5520,16567,1,520
521,-4.928842980304509,-1.4827389153172543,5521,16567,1,521
522,-3.6823250612844287,1.400962461222102,5522,16567,1,522
523,-2.058473872020397,0.9658951178852532,5523,16567,1,523
524,-5.90052520327114,-0.0013681347538749,5524,16567,1,524
525,-8.578325224969085,0.1601904868352637,5525,16567,1,525
526,-1.607840824118373,-1.3959935821524248,5526,16567,1,526
527,-9.804623679721526,-2.4944004432861755,5527,16567,1,527
528,-4.4085950869800605,6.202599952082302,5528,16567,1,528
529,-9.308214427533958,0.8626085683200095,5529,16567,1,529
530,6.627368423770548,-2.216647316860736,5530,16567,1,530
531,0.6018669601003594,0.3282799727772172,5531,16567,1,531
532,-0.7321200038111968,-8.483531981005425,5532,16567,1,532
533,-2.515342858829797,0.9508904333529262,5533,16567,1,533
534,-1.606709492834879,8.809251603561801,5534,16567,1,534
535,-4.416769710466535,6.161721119898321,5535,16567,1,535
536,-7.501635646675455,8.929928362080876,5536,16567,1,536
537,4.909019595227003,4.706348136196578,5537,16567,1,537
538,5.398305814556888,-9.899402283326618,5538,16567,1,538
539,7.10214866343938,2.9389935786895105,5539,16567,1,539
540,-0.5566371167578783,-4.002964048365167,5540,16567,1,540
541,-7.457474544063563,2.2589827348562146,5541,16567,1,541
542,4.629251473728592,-4.534047923919903,5542,16567,1,542
543,8.575621257263187,-5.406376394040304,5543,16567,1,543
544,-4.561111759732484,6.761554330955555,5544,16567,1,544
545,4.727950368069347,1.9080650110136297,5545,16567,1,545
546,-9.09173616821027,6.210519232311633,5546,16567,1,546
547,-4.9746114009068965,-6.189422561976043,5547,16567,1,547
548,4.759422549790241,-2.8725603640409547,5548,16567,1,548
549,2.9486532902825395,6.57843951100363,5549,16567,1,549
550,-4.9292890547515045,-2.7543259845508983,5550,16567,1,550
551,-1.030844743922685,6.680033750021405,5551,16567,1,551
552,-6.208394335479966,-2.7183106465279323,5552,16567,1,552
553,8.861794591282678,-7.569689906089991,5553,16567,1,553
554,-8.262862583731083,5.557260931794939,5554,16567,1,554
555,1.6760353255770395,-7.326909940558457,5555,16567,1,555
556,-9.233185021443129,-8.385494073235808,5556,16567,1,556
557,1.0565918443642437,-1.389348106905647,5557,16567,1,557
558,-4.028531640746131,-6.638287786806929,5558,16567,1,558
559,9.480058456990786,1.3701044515772836,5559,16567,1,559
560,-3.030608811531565,9.404127717950036,5560,16567,1,560
561,-5.318688346649447,-1.883952079939192,5561,16567,1,561
562,-8.7085522534071,4.7811405797795725,5562,16567,1,562
563,-9.223406063643896,1.2136823861656223,5563,16567,1,563
564,2.66656861521599,-2.425294890902996,5564,16567,1,564
565,-1.1281146303409957,-3.976713195866375,5565,16567,1,565
566,-5.46001700601467,9.922411552825768,5566,16567,1,566
567,-9.26914640668608,5.2957585812095775,5567,16567,1,567
568,8.00301037884627,3.07382554299849,5568,16567,1,568
569,-0.6063015743772109,-1.4180743388477275,5569,16567,1,569
570,-8.538590671022352,1.66264364156617,5570,16567,1,570
571,-0.6361856050015451,-0.1899756733870727,5571,16567,1,571
572,-4.13543710645051,-7.661668552176282,5572,16567,1,572
573,2.4218344002710346,-6.098831566406702,5573,16567,1,573
574,7.040761056806566,7.727786718944657,5574,16567,1,574
575,5.282114565429444,-8.995507191892338,5575,16567,1,575
576,1.225682148788101,8.530276911460096,5576,16567,1,576
577,9.332245265644794,-5.124699269219954,5577,16567,1,577
578,-5.736089956434512,-1.1620425312815374,5578,16567,1,578
579,-4.968515008227559,-1.678770303332236,5579,16567,1,579
580,7.289334786448226,-2.850961314452631,5580,16567,1,580
581,8.471760264788998,-7.820104832324453,5581,16567,1,581
582,-4.51050755377175,-9.10735148189579,5582,16567,1,582
583,3.868793227675532,-6.9882530721877085,5583,16567,1,583
584,5.637512448257178,-6.212266558860127,5584,16567,1,584
585,0.8683518432920412,-7.215976772917148,5585,16567,1,585
586,8.224282711017551,1.3350419279879606,5586,16567,1,586
587,0.8784154932144599,-9.49625871722128,5587,16567,1,587
588,-0.8304453872763133,7.73562478773594,5588,16567,1,588
589,-9.190930614139308,9.312265041852536,5589,16567,1,589
590,3.0153863678357613,2.245464535946507,5590,16567,1,590
591,-2.231569746393629,4.162419220526774,5591,16567,1,591
592,-7.744649359076035,6.268182257342069,5592,16567,1,592
593,-9.434705100724898,2.734328287565752,5593,16567,1,593
594,-8.627438263474245,-0.1205377735363928,5594,16567,1,594
595,8.278860337141161,1.076367833614542,5595,16567,1,595
596,-9.702701863114102,-4.461098493734223,5596,16567,1,596
597,7.935640847044041,-5.11461028090431,5597,16567,1,597
598,-5.726087640249522,-9.09983862890165,5598,16567,1,598
599,6.713157843802296,4.422195325893449,5599,16567,1,599
600,2.995928925804021,0.8805653738637922,5600,16567,1,600
601,-8.725725893946638,5.210920092773051,5601,16567,1,601
602,-3.7217517490585017,6.771881298465299,5602,16567,1,602
603,9.193964950496357,1.2105779059567627,5603,16567,1,603
604,-0.2840693553060838,9.83065832773239,5604,16567,1,604
605,0.833879935159576,-5.109250746546953,5605,16567,1,605
606,-1.1723104673462537,-7.271816411444987,5606,16567,1,606
607,-6.463167243939831,-9.574698680096956,5607,16567,1,607
608,-6.5321342887555245,-4.719630094656548,5608,16567,1,608
609,-5.159648791770735,-4.546997509034263,5609,16567,1,609
610,-8.892213222201477,4.905212960722064,5610,16567,1,610
611,-1.0789995218825954,5.350090365096168,5611,16567,1,611
612,-3.4802844456169213,4.699788948131509,5612,16567,1,612
613,-6.020906217006987,-5.338199574834359,5613,16567,1,613
614,-0.7402008374644105,8.45287160826134,5614,16567,1,614
615,-3.3939893268893755,8.887855504000807,5615,16567,1,615
616,5.784888383472479,-1.296766442087165,5616,16567,1,616
617,-6.446582421273021,-9.983137620453212,5617,16567,1,617
618,6.366293168599931,4.205167561063384,5618,16567,1,618
619,9.511970323485794,1.60333023283356,5619,16567,1,619
620,-6.909797305782419,8.786096051983524,5620,16567,1,620
621,1.8624558018303572,-6.5347797695778365,5621,16567,1,621
622,-2.823549129306504,9.240804620463926,5622,16567,1,622
623,1.273023084072717,-0.2856558284552619,5623,16567,1,623
624,5.819564650174534,6.369377906176382,5624,16567,1,624
0,-7.111071509909519,6.984151073529194,5625,16491,1,0
1,-6.691927199752046,-2.8362384677871777,5626,16491,1,1
2,-1.019519097601167,9.31777196328953,5627,16491,1,2
3,5.2019774870653706,8.608183358143538,5628,16491,1,3
4,5.047386231180743,-6.321863741173351,5629,16491,1,4
5,-8.845886732006011,6.508368681884647,5630,16491,1,5
6,-7.121969974128685,-5.166272667908379,5631,16491,1,6
7,-7.16354062485637,-6.464960586775739,5632,16491,1,7
8,5.262489414526785,9.34032622439484,5633,16491,1,8
9,5.182338863934062,-9.597456544076612,5634,16491,1,9
10,7.714649293708181,-1.1464052732859091,5635,16491,1,10
11,-2.3779558201660755,6.126562816124284,5636,16491,1,11
12,-5.294579005341713,-2.916623288007328,5637,16491,1,12
13,-7.178673421680952,0.0880729262986683,5638,16491,1,13
14,7.367195415184842,-0.6437098407473822,5639,16491,1,14
15,-8.29930472043438,4.638502444871991,5640,16491,1,15
16,4.720689410833474,5.047926513693133,5641,16491,1,16
17,-0.4307935901731756,5.253417875990527,5642,16491,1,17
18,3.369497370561838,-2.778832447521322,5643,16491,1,18
19,8.599841441936501,-3.851309397257081,5644,16491,1,19
20,-0.7103790048968968,-2.163716258433248,5645,16491,1,20
21,-7.506045954098344,-5.962634159794251,5646,16491,1,21
22,8.801281055979896,-7.7625097308611934,5647,16491,1,22
23,7.211056926013263,4.344826717491507,5648,16491,1,23
24,-5.172841351038258,2.722101152693705,5649,16491,1,24
25,3.773367057300643,-3.875608026706927,5650,16491,1,25
26,-1.9325135112765128,-3.0362051871766,5651,16491,1,26
27,-1.8721351408021287,-6.821060412874593,5652,16491,1,27
28,0.0777945673031865,-4.010117058414648,5653,16491,0,28
29,6.036818020250582,4.31599877302002,5654,16491,1,29
30,3.3621001034034865,-6.984542630285406,5655,16491,1,30
31,2.008770880594895,0.3183229641749214,5656,16491,1,31
32,1.0566720594499923,3.716151443687908,5657,16491,1,32
33,-4.960910949428065,5.368801257511695,5658,16491,1,33
34,6.887944159119094,-5.601075732895469,5659,16491,1,34
35,-8.570067440887549,-8.68765598818177,5660,16491,1,35
36,5.859091891293655,6.848707296588636,5661,16491,1,36
37,7.512120281177417,-5.148991131723568,5662,16491,1,37
38,5.240373554781844,0.2040724691777349,5663,16491,1,38
39,1.980124447421776,3.8603841178729255,5664,16491,1,39
40,9.064761927033535,5.07514278334294,5665,16491,1,40
41,-7.883579524072748,7.105051720531716,5666,16491,1,41
42,-9.942991131212809,-6.151822564812994,5667,16491,1,42
43,5.539956146488665,-3.807591143099347,5668,16491,1,43
44,9.60173966169291,-2.3269406152970245,5669,16491,1,44
45,1.5616464747866026,-5.601562959539423,5670,16491,1,45
46,-6.824370908951787,6.837266993615327,5671,16491,1,46
47,8.271673701284161,-1.823405308602652,5672,16491,1,47
48,-7.397834114316046,7.301592253007737,5673,16491,1,48
49,-2.485004877038934,-1.9092138245208223,5674,16491,1,49
50,-4.526897922801718,3.0238821760903445,5675,16491,1,50
51,4.2748174850034495,-1.93925994506526,5676,16491,1,51
52,6.637076447902974,6.541492214401842,5677,16491,1,52
53,1.1136886788806084,9.479259447907737,5678,16491,1,53
54,-0.4744919875511684,-2.777312361559443,5679,16491,1,54
55,2.2334604001509675,-6.37974833028127,5680,16491,1,55
56,-8.382491497676003,0.7817391984052886,5681,16491,1,56
57,-6.579214866971417,5.799243384419929,5682,16491,1,57
58,-7.839764934863791,-2.591630786923876,5683,16491,1,58
59,-7.001607445197459,-9.35473749618663,5684,16491,1,59
60,-4.2531958939643495,6.8217555219092,5685,16491,1,60
61,-5.726581679029139,-8.752532421653296,5686,16491,1,61
62,-2.590552795790904,5.843248360886651,5687,16491,1,62
63,-3.5652759702860592,5.110570881449894,5688,16491,1,63
64,5.942730329697989,4.791285261832293,5689,16491,1,64
65,4.084058414658646,6.401542276889479,5690,16491,1,65
66,-7.625116246421242,-2.625002403469667,5691,16491,1,66
67,6.347278611314756,-2.4015085093861988,5692,16491,1,67
68,5.273930731198547,-1.9405560076686277,5693,16491,1,68
69,-0.8255785186696212,-7.434609707200705,5694,16491,1,69
70,4.028969909064962,-9.652181399036577,5695,16491,1,70
71,7.329871199225849,-3.695476930039776,5696,16491,1,71
72,8.434272450204162,6.334699571487079,5697,16491,1,72
73,-4.585845280549091,2.517407975257948,5698,16491,1,73
74,1.6287909003002363,-3.807482262916509,5699,16491,1,74
75,-0.3489358388548584,-9.413316213161442,5700,16491,1,75
76,-0.9201115082137096,-6.648980045850181,5701,16491,1,76
77,-5.222335894142653,-5.55078297993435,5702,16491,1,77
78,-6.106802703400296,-1.483829641811628,5703,16491,1,78
79,6.4233197631268695,-2.719970157462201,5704,16491,1,79
80,3.712253319761565,-8.35895837654055,5705,16491,1,80
81,-8.136592918589455,9.581530148324408,5706,16491,1,81
82,0.788327051301172,0.3513259554028369,5707,16491,1,82
83,-4.015465295844436,3.714035277764333,5708,16491,1,83
84,0.0793831346034164,6.629609904696544,5709,16491,0,84
85,-5.021296365474328,3.979367782166507,5710,16491,1,85
86,-9.020524127180549,7.900606736278423,5711,16491,1,86
87,0.5824528284492203,-0.4486843692217803,5712,16491,1,87
88,1.2746898729413907,-9.537327921084076,5713,16491,1,88
89,8.989315567045871,5.006820327398522,5714,16491,1,89
90,7.06508969196469,-7.913291151186197,5715,16491,1,90
91,-4.13523501021559,0.6254332859623464,5716,16491,1,91
92,0.0235579265994623,7.721315056979428,5717,16491,0,92
93,-0.5194455762465804,0.9967027006415244,5718,16491,1,93
94,7.686707537287155,5.495481771649418,5719,16491,1,94
95,2.460121940851881,-0.7399662832901317,5720,16491,1,95
96,-4.981011053860116,-9.078134812583,5721,16491,1,96
97,8.98639602313375,6.794495337232952,5722,16491,1,97
98,9.711013117681876,9.20315699773155,5723,16491,1,98
99,-6.762957773112936,2.172152376184167,5724,16491,1,99
100,8.648196616762093,-5.822833863932839,5725,16491,1,100
101,6.431737721289231,0.820881495797714,5726,16491,1,101
102,0.6602362081138207,1.445855625080256,5727,16491,1,102
103,0.2834020367396839,0.0165167414502587,5728,16491,1,103
104,0.4513394368894925,5.650358468233474,5729,16491,1,104
105,-2.276004762926222,-7.531148609451563,5730,16491,1,105
106,-1.9839311563929505,-4.728580785352259,5731,16491,1,106
107,-5.987189443827587,-9.542439654654917,5732,16491,1,107
108,-0.6123358877669176,5.031836588565053,5733,16491,1,108
109,-1.9454500493857625,-9.626775906945364,5734,16491,1,109
110,-5.176309600142909,-1.194971727809012,5735,16491,1,110
111,-9.096735152820354,-7.715128571886134,5736,16491,1,111
112,9.158782088908795,2.9511134691823067,5737,16491,1,112
113,7.1299555113593485,-3.613261977511901,5738,16491,1,113
114,-5.5035293431097365,2.19178123329694,5739,16491,1,114
115,0.2568473821302479,-6.913690923761351,5740,16491,1,115
116,-2.586547681253002,-7.250570376527142,5741,16491,1,116
117,1.2837346069832645,0.6294629322912364,5742,16491,1,117
118,5.803922835328585,-8.375753105114379,5743,16491,1,118
119,-5.058666865970638,1.658375438029026,5744,16491,1,119
120,1.5920270567297052,1.1577514914120286,5745,16491,1,120
121,6.538474973559165,2.1815854956641,5746,16491,1,121
122,1.6025917782971728,2.7924495919985723,5747,16491,1,122
123,2.2502800585627707,2.179114523608096,5748,16491,1,123
124,7.560280018546276,-5.930498759189369,5749,16491,1,124
125,3.002703650773652,-0.2625612446368919,5750,16491,1,125
126,-4.872433867639003,2.991967554313044,5751,16491,1,126
127,-6.000546672003693,-1.2074134062362525,5752,16491,1,127
128,-7.316771848563803,-9.37122771972416,5753,16491,1,128
129,5.673290936753993,4.784343055125479,5754,16491,1,129
130,-0.1583573513204683,1.9890602898413297,5755,16491,0,130
131,-8.794236400831663,-6.74329095774665,5756,16491,1,131
132,2.7294514206026026,2.283002679349336,5757,16491,1,132
133,-3.402519146739456,-1.756481816386291,5758,16491,1,133
134,0.0495808824338368,-4.06094834732444,5759,16491,0,134
135,1.0708962512928295,7.63801170575293,5760,16491,1,135
136,-4.134090459937958,2.837756202896633,5761,16491,1,136
137,-5.61894491670397,2.842989627687418,5762,16491,1,137
138,6.5711088919874605,-8.554878619577355,5763,16491,1,138
139,1.8602290067284384,4.620116785944862,5764,16491,1,139
140,5.985405476650932,3.790479319052928,5765,16491,1,140
141,7.445918979749319,8.740049731978068,5766,16491,1,141
142,-2.8667907204652714,-2.5950296302288383,5767,16491,1,142
143,7.124299442791095,-2.442349070991609,5768,16491,1,143
144,7.145975957239109,6.941008605109246,5769,16491,1,144
145,-3.923786505531133,-5.253338179980878,5770,16491,1,145
146,-8.82535564040751,3.5861824333169032,5771,16491,1,146
147,-4.074025975649276,-5.5592149223373895,5772,16491,1,147
148,-3.792339839589836,4.162048971355453,5773,16491,1,148
149,-2.142260920971788,5.998535312266981,5774,16491,1,149
150,8.760631997495882,5.343678243603435,5775,16491,1,150
151,-5.5504498706672445,-9.904127847219556,5776,16491,1,151
152,-5.697634352712992,7.297636518788707,5777,16491,1,152
153,-0.1402666926435518,-7.795303168477821,5778,16491,0,153
154,3.37307091232184,-0.1660849681860003,5779,16491,1,154
155,8.175770112544036,5.595480909455915,5780,16491,1,155
156,4.910180292044188,-7.343151176175278,5781,16491,1,156
157,-6.278164746435735,2.7619345658047862,5782,16491,1,157
158,-9.344670859064848,5.712583718595496,5783,16491,1,158
159,-1.5416175299410444,-7.241391822401373,5784,16491,1,159
160,-2.5157120190518256,-1.9059626860831909,5785,16491,1,160
161,-3.592186354604583,0.4236920784638958,5786,16491,1,161
162,-6.537235421262915,-8.535128289532386,5787,16491,1,162
163,-4.4789249273727005,-3.969827047593285,5788,16491,1,163
164,7.581919063285799,-4.01528718721506,5789,16491,1,164
165,3.037334548442544,6.177448614526991,5790,16491,1,165
166,-6.00155292341539,2.062295978732731,5791,16491,1,166
167,1.3697032584695457,9.75641188754446,5792,16491,1,167
168,-6.676086697154116,-5.660399938989372,5793,16491,1,168
169,4.382575814024722,7.904823396477482,5794,16491,1,169
170,1.8172098735439484,7.501060552126852,5795,16491,1,170
171,-0.7065881165385619,7.72857802640911,5796,16491,1,171
172,0.7112972229197467,-1.518191795895305,5797,16491,1,172
173,5.223512268854044,5.673038040684252,5798,16491,1,173
174,-0.9309090835704374,4.450649279506882,5799,16491,1,174
175,8.976162085315671,-5.755479588210505,5800,16491,1,175
176,7.097223948958021,-9.573246032331175,5801,16491,1,176
177,8.879979668797084,7.117862970720086,5802,16491,1,177
178,4.576308264859563,2.9680184219380656,5803,16491,1,178
179,-8.519482446883512,0.1832212816875529,5804,16491,1,179
180,4.3686890070415,9.305747047784912,5805,16491,1,180
181,7.954397991764178,0.8447728534459849,5806,16491,1,181
182,-0.9128328422311504,2.517013292112312,5807,16491,1,182
183,-3.958738746486508,4.115996749076532,5808,16491,1,183
184,-3.628099021267152,9.796812129345373,5809,16491,1,184
185,3.2137031098278754,2.3111701896860737,5810,16491,1,185
186,-5.587667623543178,4.890216841071149,5811,16491,1,186
187,5.485347339127989,-3.064093714829814,5812,16491,1,187
188,-1.9080137128742043,-7.10664726796852,5813,16491,1,188
189,-9.819410456692296,-2.783494805097318,5814,16491,1,189
190,-7.084393689762633,-6.43017384634531,5815,16491,1,190
191,1.6404459114334102,-2.315286743212111,5816,16491,1,191
192,8.870326967997425,0.0764436141031676,5817,16491,1,192
193,-2.1976195963551053,8.95538164078009,5818,16491,1,193
194,6.023051918749534,1.6735085395153355,5819,16491,1,194
195,-8.180960543055447,4.653039748465735,5820,16491,1,195
196,6.206770666078029,-3.1218059663065496,5821,16491,1,196
197,-1.1195935556803622,2.7034018948282856,5822,16491,1,197
198,7.396908960121543,-1.076509018660092,5823,16491,1,198
199,-7.795011359618327,5.054207245568772,5824,16491,1,199
200,9.33136197781274,-5.860769452863915,5825,16491,1,200
201,4.57298257186881,-3.5408344707690205,5826,16491,1,201
202,-5.354913530568524,8.595554941421359,5827,16491,1,202
203,-9.361100041232946,-7.084640793594126,5828,16491,1,203
204,-6.245375121740979,3.913806318410156,5829,16491,1,204
205,-2.2203062211213087,2.603930607537407,5830,16491,1,205
206,-6.793070475965304,5.514161077619804,5831,16491,1,206
207,3.5367009236126776,5.685590393998117,5832,16491,1,207
208,8.544993396579361,8.823734344673984,5833,16491,1,208
209,-4.143035789844243,2.4663726736052816,5834,16491,1,209
210,-6.090645309271084,8.31850699759024,5835,16491,1,210
211,4.418657012728108,-9.717425529488631,5836,16491,1,211
212,-0.6749991472736294,6.170018512471245,5837,16491,1,212
213,1.6520873090091095,4.590225117125069,5838,16491,1,213
214,-1.93950885446365,5.609791266165512,5839,16491,1,214
215,-0.5166707760277855,-4.151766038141407,5840,16491,1,215
216,-4.77281924477764,-5.350241610351518,5841,16491,1,216
217,3.055160532425633,-0.895458496527155,5842,16491,1,217
218,-1.9334084608635784,3.639733455926814,5843,16491,1,218
219,-5.799388578823699,-3.202991713691146,5844,16491,1,219
220,-9.19700533883756,7.093865728902713,5845,16491,1,220
221,-1.856899123792001,2.452320748205468,5846,16491,1,221
222,2.1758874662182865,-0.971793754099231,5847,16491,1,222
223,-2.1374828044472576,-1.8419779178975144,5848,16491,1,223
224,-1.7801915649296711,0.0964287325947843,5849,16491,1,224
225,1.7985017296544503,5.565598506261454,5850,16491,1,225
226,2.7362398161440904,-0.7447559903452898,5851,16491,1,226
227,7.86561236257706,5.366390195901175,5852,16491,1,227
228,1.011586292402395,8.30135461897352,5853,16491,1,228
229,-3.239361457708738,8.756696210198488,5854,16491,1,229
230,7.035244510939819,-5.373023121797964,5855,16491,1,230
231,-5.006990145353325,-5.047871023800628,5856,16491,1,231
232,-8.947515806118485,-4.303632035691392,5857,16491,1,232
233,7.705277448654655,-9.94857683447374,5858,16491,1,233
234,-2.3640080447153844,-6.15673757815816,5859,16491,1,234
235,9.75376679584918,-4.211704514785433,5860,16491,1,235
236,1.1000488447707806,1.7419997994968064,5861,16491,1,236
237,-5.459476943309238,0.7748859579210166,5862,16491,1,237
238,1.4504961451890337,-3.42642942976378,5863,16491,1,238
239,4.081899179655446,-8.773488639877007,5864,16491,1,239
240,-9.404165939417446,-6.597619584722936,5865,16491,1,240
241,-5.981968309993211,-4.616741517796001,5866,16491,1,241
242,1.3594283877091513,-1.2318037438101967,5867,16491,1,242
243,-5.078035838551265,3.958183645534387,5868,16491,1,243
244,5.81563455864204,-4.99634101409745,5869,16491,1,244
245,8.369819911943758,4.641852821761489,5870,16491,1,245
246,1.0146196929902516,-6.113956426248317,5871,16491,1,246
247,2.6726255958148077,-2.50880967936183,5872,16491,1,247
248,-1.0644184580327387,4.151302268995359,5873,16491,1,248
249,2.9339910330988754,-3.83340041049042,5874,16491,1,249
250,-9.460588072364695,9.90843212799685,5875,16491,1,250
251,3.954936924132678,-8.303557537061357,5876,16491,1,251
252,-4.561076376267752,5.334199418296684,5877,16491,1,252
253,-5.800764499412743,-9.056125940972295,5878,16491,1,253
254,3.918815013455241,2.1131061196329317,5879,16491,1,254
255,-8.10635696780222,0.7080095385916216,5880,16491,1,255
256,9.195876999348592,-4.628210334153737,5881,16491,1,256
257,7.193581813124904,-7.782893001267537,5882,16491,1,257
258,5.944672874325271,5.0157026870279005,5883,16491,1,258
259,1.3612633116676631,8.659090507919856,5884,16491,1,259
260,9.607542217004353,8.16563127512606,5885,16491,1,260
261,0.8939686790499515,-6.962966883491228,5886,16491,1,261
262,-5.997802462385735,-8.55611610429727,5887,16491,1,262
263,-8.829350173624032,0.5475750312078702,5888,16491,1,263
264,-3.943297216481378,-1.8807658400933391,5889,16491,1,264
265,5.111246210654644,-0.8299141344403616,5890,16491,1,265
266,8.204026236353432,-3.4333705749456094,5891,16491,1,266
267,4.690568244761408,-7.573961366852946,5892,16491,1,267
268,-3.1255632227740904,6.9146220977828605,5893,16491,1,268
269,-2.204907596779078,4.173937092670199,5894,16491,1,269
270,8.4729829212278,-3.4151676616577014,5895,16491,1,270
271,2.036676787551608,1.8155017718547448,5896,16491,1,271
272,-0.373701140580911,9.401214135957566,5897,16491,1,272
273,9.833092993387162,1.6062239437480643,5898,16491,1,273
274,4.654836586691243,3.5671807975712646,5899,16491,1,274
275,1.39325046303769,6.001093718782101,5900,16491,1,275
276,-4.530452737240706,-0.6742637148341313,5901,16491,1,276
277,0.0011530151831973,3.3268421588371417,5902,16491,0,277
278,-7.737690985589289,-1.0696926827706843,5903,16491,1,278
279,4.173876461625914,-5.522574245112432,5904,16491,1,279
280,-3.939019416995249,7.241102419632142,5905,16491,1,280
281,-8.498846337397637,-1.8291915159071357,5906,16491,1,281
282,3.291281547037378,-0.3564514601153394,5907,16491,1,282
283,4.027054577384387,3.229440414176686,5908,16491,1,283
284,2.1697113785072,7.74426772815389,5909,16491,1,284
285,-8.999904304053253,-4.986419407040719,5910,16491,1,285
286,9.652758597112877,-8.666742481743416,5911,16491,1,286
287,-2.154760450515396,3.416370091406801,5912,16491,1,287
288,6.811711089386282,6.760328068348787,5913,16491,1,288
289,-3.751786610747104,-1.680589676403656,5914,16491,1,289
290,0.5353809006770209,0.4433589486296867,5915,16491,1,290
291,8.842333858720242,1.9074343122128496,5916,16491,1,291
292,4.569481798293145,-0.7066502071483391,5917,16491,1,292
293,-1.044011041109263,0.434969239897109,5918,16491,1,293
294,-2.65384335219387,-5.90737468807353,5919,16491,1,294
295,-1.612355980835794,-6.220508992601048,5920,16491,1,295
296,-4.360045437705214,-1.20292973107542,5921,16491,1,296
297,5.970492210438467,8.053725686385206,5922,16491,1,297
298,-8.558710759722114,-3.763130354499575,5923,16491,1,298
299,-2.9297814963335167,-9.25151916878589,5924,16491,1,299
300,-0.6055965780422152,-9.523690546615835,5925,16491,1,300
301,2.451303185921517,-9.026665869377045,5926,16491,1,301
302,5.128653313430938,-7.301754485050989,5927,16491,1,302
303,5.476231414682042,-3.784441005026258,5928,16491,1,303
304,-7.534138032202239,-0.5379906057370825,5929,16491,1,304
305,2.070609953561757,4.449665519751878,5930,16491,1,305
306,0.1020041542148959,9.930508388654935,5931,16491,0,306
307,-3.642417809752746,-6.142978334133882,5932,16491,1,307
308,1.527882734489765,-8.042916755040647,5933,16491,1,308
309,4.290516967645985,0.7852213896479086,5934,16491,1,309
310,-4.807567349664524,6.849481174018084,5935,16491,1,310
311,-6.1266230616154616,-9.02540248502724,5936,16491,1,311
312,-4.025249390915815,-2.1501587179672965,5937,16491,1,312
313,-5.54390745661733,-3.038824459702858,5938,16491,1,313
314,9.312782426901272,-1.0985296963609503,5939,16491,1,314
315,-9.841178331714,3.916324209892668,5940,16491,1,315
316,8.976237715051823,6.919020233974752,5941,16491,1,316
317,6.738431649391735,5.832393296297834,5942,16491,1,317
318,2.031909022764109,-2.319063278342033,5943,16491,1,318
319,1.2620805933138346,0.4811428795186607,5944,16491,1,319
320,-5.054024117516185,-1.945493253508113,5945,16491,1,320
321,-0.2684746122301611,7.962881020940806,5946,16491,1,321
322,1.1820467154860577,4.731896663965731,5947,16491,1,322
323,2.166232914386825,-1.9240722111376467,5948,16491,1,323
324,-6.797502638162955,-0.3548798685579086,5949,16491,1,324
325,-1.7214380235984947,-6.444701789448279,5950,16491,1,325
326,0.7308568749344211,-4.4592152689482445,5951,16491,1,326
327,6.5636731454933255,-1.0390081774825646,5952,16491,1,327
328,-7.677403072217444,7.0151379946989145,5953,16491,1,328
329,-6.631544343234122,-2.677593642772371,5954,16491,1,329
330,4.704989030737988,-2.849617421835693,5955,16491,1,330
331,4.085759179589219,-0.6035464730659044,5956,16491,1,331
332,-6.440219943237735,3.06323940592954,5957,16491,1,332
333,5.37246533754576,0.6610832920001286,5958,16491,1,333
334,4.775747884381957,8.870559466168125,5959,16491,1,334
335,-3.821402084135004,0.6024006007791787,5960,16491,1,335
336,-2.834792834417696,-8.965051974081481,5961,16491,1,336
337,9.805490961841418,-0.7871676452219827,5962,16491,1,337
338,-3.862147408404129,-3.756632081743378,5963,16491,1,338
339,-2.2204617200397863,-5.450135241283352,5964,16491,1,339
340,5.928755583294137,3.8054375018155735,5965,16491,1,340
341,6.753223705141991,4.6149547590016375,5966,16491,1,341
342,-8.757758687639953,-1.262567898547598,5967,16491,1,342
343,2.8823451209185524,9.374498363551051,5968,16491,1,343
344,-1.2192890842591453,6.167676544310638,5969,16491,1,344
345,-2.5685994422047376,-0.3975803342537993,5970,16491,1,345
346,7.252787837886096,4.904580160645601,5971,16491,1,346
347,-6.990607174365479,-4.967060971169063,5972,16491,1,347
348,-1.1087719547941255,-1.8393317660827984,5973,16491,1,348
349,3.399847413934168,-4.7665263942208576,5974,16491,1,349
350,-2.3080807106379497,5.893075395254321,5975,16491,1,350
351,-4.087294370822785,-9.13030673719664,5976,16491,1,351
352,1.4076135159950915,-9.165323285508036,5977,16491,1,352
353,-0.7835079081304723,6.936437331205987,5978,16491,1,353
354,-0.229466737956228,0.9690939982628084,5979,16491,1,354
355,-8.619655185102427,-6.232765038010357,5980,16491,1,355
356,9.211734478264365,9.529138822212651,5981,16491,1,356
357,-6.723809596461166,-1.591091478594901,5982,16491,1,357
358,-3.047963527593904,6.770461407941259,5983,16491,1,358
359,-8.93428423389544,8.421995564149466,5984,16491,1,359
360,6.3725398427399575,-1.1993717186870256,5985,16491,1,360
361,-5.471163360139039,2.949132077940685,5986,16491,1,361
362,-8.043474100436113,-5.3588630900574135,5987,16491,1,362
363,3.0533908193916304,1.7628196616733316,5988,16491,1,363
364,-7.935482378705698,6.859598053666012,5989,16491,1,364
365,-8.507899617525304,8.84584227779812,5990,16491,1,365
366,-1.9024012897141065,4.240177880289993,5991,16491,1,366
367,2.4731919820355444,8.554968084822839,5992,16491,1,367
368,-2.0085815275667063,1.622706563722469,5993,16491,1,368
369,9.790935573686305,3.201614878834354,5994,16491,1,369
370,-8.185740903808592,0.2990486426387413,5995,16491,1,370
371,-1.2536319448480384,1.8210014332040387,5996,16491,1,371
372,4.624377085522767,-0.8213522054586502,5997,16491,1,372
373,-8.051268152039924,-5.775145205204073,5998,16491,1,373
374,9.982466476008696,-8.754801660539794,5999,16491,1,374
375,-1.71401344661337,3.761722301561738,6000,16491,1,375
376,7.007492405575725,7.297432726655227,6001,16491,1,376
377,4.650642249586745,-3.722975444338039,6002,16491,1,377
378,-1.167153129895777,-4.774246707175016,6003,16491,1,378
379,-1.1807384567429224,-0.7153405743486587,6004,16491,1,379
380,6.636328739172626,-0.683454010377929,6005,16491,1,380
381,3.507132946998308,-3.501277009418784,6006,16491,1,381
382,9.094886234544033,6.860379282575845,6007,16491,1,382
383,9.862387452511124,4.310720274900227,6008,16491,1,383
384,0.833464608629896,7.293993621876524,6009,16491,1,384
385,4.821730557391115,-8.141796054171891,6010,16491,1,385
386,-2.622461361560875,6.310237417021881,6011,16491,1,386
387,3.7039005446361823,0.0233927590901856,6012,16491,1,387
388,-4.857718737467813,4.416363367204523,6013,16491,1,388
389,7.493768663494752,8.359441035752837,6014,16491,1,389
390,2.174873385880975,0.5425030101013704,6015,16491,1,390
391,-5.688693599309262,5.772447403274201,6016,16491,1,391
392,3.1119673463473774,1.821298497409124,6017,16491,1,392
393,9.31538156279355,4.619849583491995,6018,16491,1,393
394,4.814615714885576,-8.50294604857794,6019,16491,1,394
395,-7.583911185705057,-0.2664491543003393,6020,16491,1,395
396,-8.449137257905656,1.401796951192896,6021,16491,1,396
397,5.553100604302447,-9.258075283597012,6022,16491,1,397
398,9.290126565444933,3.5328942738750904,6023,16491,1,398
399,2.9784054999539915,6.88595509449657,6024,16491,1,399
400,7.949046019804019,0.95933306251961,6025,16491,1,400
401,-8.054024313083342,-9.246179463448131,6026,16491,1,401
402,9.394252307385742,2.715694257399422,6027,16491,1,402
403,-1.3679543692378289,3.781384044223593,6028,16491,1,403
404,6.003175788107036,-0.442933116533176,6029,16491,1,404
405,-3.5178291645218174,6.707921318308038,6030,16491,1,405
406,7.56670143087533,-5.795952431558642,6031,16491,1,406
407,-0.8899758713215729,-9.4773082175682,6032,16491,1,407
408,2.649137144529508,8.702249545610265,6033,16491,1,408
409,8.025521710804714,0.654216141026291,6034,16491,1,409
410,-3.671295180037326,7.815360998347902,6035,16491,1,410
411,-8.583226210179355,-3.165257827404222,6036,16491,1,411
412,7.788300458065521,-4.015433728890447,6037,16491,1,412
413,0.7680561937606445,0.4151454814733704,6038,16491,1,413
414,-7.285311423285929,8.956843761612639,6039,16491,1,414
415,4.879173624294404,-9.2542910209635,6040,16491,1,415
416,-5.310147775921119,-6.417515569942727,6041,16491,1,416
417,3.629479600234181,1.9298371084543149,6042,16491,1,417
418,0.5193022115182977,6.962662609818178,6043,16491,1,418
419,6.380532551543322,-1.2684782236527408,6044,16491,1,419
420,-8.446463046077632,-9.643279191988034,6045,16491,1,420
421,-2.8862448523611395,1.069546437718035,6046,16491,1,421
422,9.201143229031889,2.303063996770117,6047,16491,1,422
423,9.068380766868902,-5.288688126543837,6048,16491,1,423
424,-3.882897306862379,8.144251857672199,6049,16491,1,424
425,6.531334020518337,-4.617149543293384,6050,16491,1,425
426,-7.304766064631922,-5.662111341272647,6051,16491,1,426
427,6.4274281698009865,3.6478334707858,6052,16491,1,427
428,-6.350436019949006,-9.87479198129984,6053,16491,1,428
429,6.040304014274632,-7.886067816387554,6054,16491,1,429
430,5.247275420847657,9.568175174212431,6055,16491,1,430
431,0.5187813243194022,1.5411277303958926,6056,16491,1,431
432,3.272046108495436,3.5533051419763595,6057,16491,1,432
433,3.887206037750431,-0.2822372873935901,6058,16491,1,433
434,-8.60200960520566,-8.067502266811085,6059,16491,1,434
435,-9.887011283346798,0.2247745847246012,6060,16491,1,435
436,-5.916833591375803,4.284062509026196,6061,16491,1,436
437,5.429458151928813,-7.6216795680695455,6062,16491,1,437
438,-5.6491352370150905,0.5936288823788427,6063,16491,1,438
439,-6.385180828867078,0.5098784958410736,6064,16491,1,439
440,-8.06881705282841,-9.507548319432347,6065,16491,1,440
441,-3.817606753748864,-3.255253739433208,6066,16491,1,441
442,9.38411432667931,-5.833693108287799,6067,16491,1,442
443,-9.585697627822857,8.295428585695962,6068,16491,1,443
444,3.875451516739128,-3.723516136603431,6069,16491,1,444
445,5.412367035002498,4.122382479006364,6070,16491,1,445
446,4.101852182362208,1.1545132480842497,6071,16491,1,446
447,-1.374996890021766,3.8891903216968906,6072,16491,1,447
448,-9.442118689354214,-8.944337315273923,6073,16491,1,448
449,2.299235986790197,7.9772732775831585,6074,16491,1,449
450,6.741422488439998,4.06653728230272,6075,16491,1,450
451,-1.959995766210964,-7.083922092870187,6076,16491,1,451
452,5.658124460870571,-2.821008528615112,6077,16491,1,452
453,-9.850308790076298,-3.0209700892801905,6078,16491,1,453
454,0.4207050728331687,1.460610402590918,6079,16491,1,454
455,-0.108830972666043,-6.196588584208989,6080,16491,0,455
456,-8.060741301251754,0.0943176508001837,6081,16491,1,456
457,-5.170646711980318,4.329290752569241,6082,16491,1,457
458,8.640851388203114,7.338027926137247,6083,16491,1,458
459,-1.1585279070412362,5.750253755610794,6084,16491,1,459
460,5.596254676226224,0.2527938487087429,6085,16491,1,460
461,-3.785490453130331,3.5376825427183967,6086,16491,1,461
462,-8.918835120295874,7.471125197142776,6087,16491,1,462
463,6.765494808636767,3.4422793738217834,6088,16491,1,463
464,9.6112384911381,4.438982629994346,6089,16491,1,464
465,7.203995061642488,-3.4507652871222128,6090,16491,1,465
466,9.471232203039849,-4.545230133664317,6091,16491,1,466
467,2.0193030267423038,-1.265679774962221,6092,16491,1,467
468,3.9225344513784144,9.605286408353416,6093,16491,1,468
469,-4.461712718905919,-2.5672504366162947,6094,16491,1,469
470,4.1869072129982285,1.0200267002760768,6095,16491,1,470
471,-4.7365202317314825,-6.375776860774609,6096,16491,1,471
472,-4.792254376590495,5.123804997611593,6097,16491,1,472
473,7.845342559172082,6.047686320567454,6098,16491,1,473
474,3.2628116485079204,-4.892602816970215,6099,16491,1,474
475,-7.045817475436474,8.455168947213153,6100,16491,1,475
476,-1.7931675488221863,-6.132660405153132,6101,16491,1,476
477,8.161917073553486,-3.78114633996324,6102,16491,1,477
478,4.487130623493577,2.982341224479356,6103,16491,1,478
479,-4.41185484176621,7.828676062703323,6104,16491,1,479
480,-9.864701317792337,-3.1386465271274915,6105,16491,1,480
481,-5.345337957835248,-5.668535528963885,6106,16491,1,481
482,-4.00823718531824,-1.569335739431736,6107,16491,1,482
483,2.083346630330423,-6.542774249535821,6108,16491,1,483
484,3.749706365352868,-1.5006996313482528,6109,16491,1,484
485,-0.9264208730806408,6.05272804568553,6110,16491,1,485
486,7.11799949868341,-2.627721041752502,6111,16491,1,486
487,-4.121791822864274,-7.752366422568397,6112,16491,1,487
488,2.772944734993013,-3.9990671185917455,6113,16491,1,488
489,-3.278737774922691,-7.178384161983511,6114,16491,1,489
490,-8.571248061146129,2.090166797893719,6115,16491,1,490
491,1.3731492395943228,-8.5958218170701,6116,16491,1,491
492,2.184692179395748,5.213535488345055,6117,16491,1,492
493,6.950679902510487,0.2462824652570781,6118,16491,1,493
494,1.2776778406519291,7.793565447111934,6119,16491,1,494
495,7.330707740691437,7.464337506514667,6120,16491,1,495
496,6.530586500403508,4.126046696339591,6121,16491,1,496
497,-0.0969140303404518,-0.6234157476295277,6122,16491,0,497
498,-5.9654819679779125,-5.198233653295219,6123,16491,1,498
499,2.210138905363223,-1.9447774338564356,6124,16491,1,499
500,9.904449077420136,-1.7353383989824265,6125,16491,1,500
501,-7.332595254502299,-1.5193330113042336,6126,16491,1,501
502,8.859189780337847,4.575126378415391,6127,16491,1,502
503,-8.510761921735561,-4.992094020230537,6128,16491,1,503
504,-3.9370960658001657,6.372066217315751,6129,16491,1,504
505,-3.7773726547143305,-0.6558454605034427,6130,16491,1,505
506,7.036299361406151,5.92684749074559,6131,16491,1,506
507,8.486042817243458,-3.883751449963624,6132,16491,1,507
508,-4.92277026545453,-7.381448434956841,6133,16491,1,508
509,0.4635357589444133,-9.29471138102361,6134,16491,1,509
510,9.412875427208633,6.5757760815074455,6135,16491,1,510
511,5.896111789825786,2.0400626533558235,6136,16491,1,511
512,-1.43031434357831,4.85897437964522,6137,16491,1,512
513,5.322221017738178,-9.916235994369432,6138,16491,1,513
514,0.3783385444943121,-6.07352852554264,6139,16491,1,514
515,9.755408396529743,8.700586205891362,6140,16491,1,515
516,-9.653466327521304,0.910137396376726,6141,16491,1,516
517,-3.301656194073188,-9.260956473495114,6142,16491,1,517
518,-6.358194735296776,-9.533271417892166,6143,16491,1,518
519,5.799968247816432,7.423525052458643,6144,16491,1,519
520,-9.89250711445415,-2.995949679489076,6145,16491,1,520
521,-4.928842980304509,-1.4827389153172543,6146,16491,1,521
522,-3.6823250612844287,1.400962461222102,6147,16491,1,522
523,-2.058473872020397,0.9658951178852532,6148,16491,1,523
524,-5.90052520327114,-0.0013681347538749,6149,16491,1,524
525,-8.578325224969085,0.1601904868352637,6150,16491,1,525
526,-1.607840824118373,-1.3959935821524248,6151,16491,1,526
527,-9.804623679721526,-2.4944004432861755,6152,16491,1,527
528,-4.4085950869800605,6.202599952082302,6153,16491,1,528
529,-9.308214427533958,0.8626085683200095,6154,16491,1,529
530,6.627368423770548,-2.216647316860736,6155,16491,1,530
531,0.6018669601003594,0.3282799727772172,6156,16491,1,531
532,-0.7321200038111968,-8.483531981005425,6157,16491,1,532
533,-2.515342858829797,0.9508904333529262,6158,16491,1,533
534,-1.606709492834879,8.809251603561801,6159,16491,1,534
535,-4.416769710466535,6.161721119898321,6160,16491,1,535
536,-7.501635646675455,8.929928362080876,6161,16491,1,536
537,4.909019595227003,4.706348136196578,6162,16491,1,537
538,5.398305814556888,-9.899402283326618,6163,16491,1,538
539,7.10214866343938,2.9389935786895105,6164,16491,1,539
540,-0.5566371167578783,-4.002964048365167,6165,16491,1,540
541,-7.457474544063563,2.2589827348562146,6166,16491,1,541
542,4.629251473728592,-4.534047923919903,6167,16491,1,542
543,8.575621257263187,-5.406376394040304,6168,16491,1,543
544,-4.561111759732484,6.761554330955555,6169,16491,1,544
545,4.727950368069347,1.9080650110136297,6170,16491,1,545
546,-9.09173616821027,6.210519232311633,6171,16491,1,546
547,-4.9746114009068965,-6.189422561976043,6172,16491,1,547
548,4.759422549790241,-2.8725603640409547,6173,16491,1,548
549,2.9486532902825395,6.57843951100363,6174,16491,1,549
550,-4.9292890547515045,-2.7543259845508983,6175,16491,1,550
551,-1.030844743922685,6.680033750021405,6176,16491,1,551
552,-6.208394335479966,-2.7183106465279323,6177,16491,1,552
553,8.861794591282678,-7.569689906089991,6178,16491,1,553
554,-8.262862583731083,5.557260931794939,6179,16491,1,554
555,1.6760353255770395,-7.326909940558457,6180,16491,1,555
556,-9.233185021443129,-8.385494073235808,6181,16491,1,556
557,1.0565918443642437,-1.389348106905647,6182,16491,1,557
558,-4.028531640746131,-6.638287786806929,6183,16491,1,558
559,9.480058456990786,1.3701044515772836,6184,16491,1,559
560,-3.030608811531565,9.404127717950036,6185,16491,1,560
561,-5.318688346649447,-1.883952079939192,6186,16491,1,561
562,-8.7085522534071,4.7811405797795725,6187,16491,1,562
563,-9.223406063643896,1.2136823861656223,6188,16491,1,563
564,2.66656861521599,-2.425294890902996,6189,16491,1,564
565,-1.1281146303409957,-3.976713195866375,6190,16491,1,565
566,-5.46001700601467,9.922411552825768,6191,16491,1,566
567,-9.26914640668608,5.2957585812095775,6192,16491,1,567
568,8.00301037884627,3.07382554299849,6193,16491,1,568
569,-0.6063015743772109,-1.4180743388477275,6194,16491,1,569
570,-8.538590671022352,1.66264364156617,6195,16491,1,570
571,-0.6361856050015451,-0.1899756733870727,6196,16491,1,571
572,-4.13543710645051,-7.661668552176282,6197,16491,1,572
573,2.4218344002710346,-6.098831566406702,6198,16491,1,573
574,7.040761056806566,7.727786718944657,6199,16491,1,574
575,5.282114565429444,-8.995507191892338,6200,16491,1,575
576,1.225682148788101,8.530276911460096,6201,16491,1,576
577,9.332245265644794,-5.124699269219954,6202,16491,1,577
578,-5.736089956434512,-1.1620425312815374,6203,16491,1,578
579,-4.968515008227559,-1.678770303332236,6204,16491,1,579
580,7.289334786448226,-2.850961314452631,6205,16491,1,580
581,8.471760264788998,-7.820104832324453,6206,16491,1,581
582,-4.51050755377175,-9.10735148189579,6207,16491,1,582
583,3.868793227675532,-6.9882530721877085,6208,16491,1,583
584,5.637512448257178,-6.212266558860127,6209,16491,1,584
585,0.8683518432920412,-7.215976772917148,6210,16491,1,585
586,8.224282711017551,1.3350419279879606,6211,16491,1,586
587,0.8784154932144599,-9.49625871722128,6212,16491,1,587
588,-0.8304453872763133,7.73562478773594,6213,16491,1,588
589,-9.190930614139308,9.312265041852536,6214,16491,1,589
590,3.0153863678357613,2.245464535946507,6215,16491,1,590
591,-2.231569746393629,4.162419220526774,6216,16491,1,591
592,-7.744649359076035,6.268182257342069,6217,16491,1,592
593,-9.434705100724898,2.734328287565752,6218,16491,1,593
594,-8.627438263474245,-0.1205377735363928,6219,16491,1,594
595,8.278860337141161,1.076367833614542,6220,16491,1,595
596,-9.702701863114102,-4.461098493734223,6221,16491,1,596
597,7.935640847044041,-5.11461028090431,6222,16491,1,597
598,-5.726087640249522,-9.09983862890165,6223,16491,1,598
599,6.713157843802296,4.422195325893449,6224,16491,1,599
600,2.995928925804021,0.8805653738637922,6225,16491,1,600
601,-8.725725893946638,5.210920092773051,6226,16491,1,601
602,-3.7217517490585017,6.771881298465299,6227,16491,1,602
603,9.193964950496357,1.2105779059567627,6228,16491,1,603
604,-0.2840693553060838,9.83065832773239,6229,16491,1,604
605,0.833879935159576,-5.109250746546953,6230,16491,1,605
606,-1.1723104673462537,-7.271816411444987,6231,16491,1,606
607,-6.463167243939831,-9.574698680096956,6232,16491,1,607
608,-6.5321342887555245,-4.719630094656548,6233,16491,1,608
609,-5.159648791770735,-4.546997509034263,6234,16491,1,609
610,-8.892213222201477,4.905212960722064,6235,16491,1,610
611,-1.0789995218825954,5.350090365096168,6236,16491,1,611
612,-3.4802844456169213,4.699788948131509,6237,16491,1,612
613,-6.020906217006987,-5.338199574834359,6238,16491,1,613
614,-0.7402008374644105,8.45287160826134,6239,16491,1,614
615,-3.3939893268893755,8.887855504000807,6240,16491,1,615
616,5.784888383472479,-1.296766442087165,6241,16491,1,616
617,-6.446582421273021,-9.983137620453212,6242,16491,1,617
618,6.366293168599931,4.205167561063384,6243,16491,1,618
619,9.511970323485794,1.60333023283356,6244,16491,1,619
620,-6.909797305782419,8.786096051983524,6245,16491,1,620
621,1.8624558018303572,-6.5347797695778365,6246,16491,1,621
622,-2.823549129306504,9.240804620463926,6247,16491,1,622
623,1.273023084072717,-0.2856558284552619,6248,16491,1,623
624,5.819564650174534,6.369377906176382,6249,16491,1,624
0,-7.111071509909519,6.984151073529194,6250,16521,1,0
1,-6.691927199752046,-2.8362384677871777,6251,16521,1,1
2,-1.019519097601167,9.31777196328953,6252,16521,1,2
3,5.2019774870653706,8.608183358143538,6253,16521,1,3
4,5.047386231180743,-6.321863741173351,6254,16521,1,4
5,-8.845886732006011,6.508368681884647,6255,16521,1,5
6,-7.121969974128685,-5.166272667908379,6256,16521,1,6
7,-7.16354062485637,-6.464960586775739,6257,16521,1,7
8,5.262489414526785,9.34032622439484,6258,16521,1,8
9,5.182338863934062,-9.597456544076612,6259,16521,1,9
10,7.714649293708181,-1.1464052732859091,6260,16521,1,10
11,-2.3779558201660755,6.126562816124284,6261,16521,1,11
12,-5.294579005341713,-2.916623288007328,6262,16521,1,12
13,-7.178673421680952,0.0880729262986683,6263,16521,1,13
14,7.367195415184842,-0.6437098407473822,6264,16521,1,14
15,-8.29930472043438,4.638502444871991,6265,16521,1,15
16,4.720689410833474,5.047926513693133,6266,16521,1,16
17,-0.4307935901731756,5.253417875990527,6267,16521,1,17
18,3.369497370561838,-2.778832447521322,6268,16521,1,18
19,8.599841441936501,-3.851309397257081,6269,16521,1,19
20,-0.7103790048968968,-2.163716258433248,6270,16521,1,20
21,-7.506045954098344,-5.962634159794251,6271,16521,1,21
22,8.801281055979896,-7.7625097308611934,6272,16521,1,22
23,7.211056926013263,4.344826717491507,6273,16521,1,23
24,-5.172841351038258,2.722101152693705,6274,16521,1,24
25,3.773367057300643,-3.875608026706927,6275,16521,1,25
26,-1.9325135112765128,-3.0362051871766,6276,16521,1,26
27,-1.8721351408021287,-6.821060412874593,6277,16521,1,27
28,0.0777945673031865,-4.010117058414648,6278,16521,0,28
29,6.036818020250582,4.31599877302002,6279,16521,1,29
30,3.3621001034034865,-6.984542630285406,6280,16521,1,30
31,2.008770880594895,0.3183229641749214,6281,16521,1,31
32,1.0566720594499923,3.716151443687908,6282,16521,1,32
33,-4.960910949428065,5.368801257511695,6283,16521,1,33
34,6.887944159119094,-5.601075732895469,6284,16521,1,34
35,-8.570067440887549,-8.68765598818177,6285,16521,1,35
36,5.859091891293655,6.848707296588636,6286,16521,1,36
37,7.512120281177417,-5.148991131723568,6287,16521,1,37
38,5.240373554781844,0.2040724691777349,6288,16521,1,38
39,1.980124447421776,3.8603841178729255,6289,16521,1,39
40,9.064761927033535,5.07514278334294,6290,16521,1,40
41,-7.883579524072748,7.105051720531716,6291,16521,1,41
42,-9.942991131212809,-6.151822564812994,6292,16521,1,42
43,5.539956146488665,-3.807591143099347,6293,16521,1,43
44,9.60173966169291,-2.3269406152970245,6294,16521,1,44
45,1.5616464747866026,-5.601562959539423,6295,16521,1,45
46,-6.824370908951787,6.837266993615327,6296,16521,1,46
47,8.271673701284161,-1.823405308602652,6297,16521,1,47
48,-7.397834114316046,7.301592253007737,6298,16521,1,48
49,-2.485004877038934,-1.9092138245208223,6299,16521,1,49
50,-4.526897922801718,3.0238821760903445,6300,16521,1,50
51,4.2748174850034495,-1.93925994506526,6301,16521,1,51
52,6.637076447902974,6.541492214401842,6302,16521,1,52
53,1.1136886788806084,9.479259447907737,6303,16521,1,53
54,-0.4744919875511684,-2.777312361559443,6304,16521,1,54
55,2.2334604001509675,-6.37974833028127,6305,16521,1,55
56,-8.382491497676003,0.7817391984052886,6306,16521,1,56
57,-6.579214866971417,5.799243384419929,6307,16521,1,57
58,-7.839764934863791,-2.591630786923876,6308,16521,1,58
59,-7.001607445197459,-9.35473749618663,6309,16521,1,59
60,-4.2531958939643495,6.8217555219092,6310,16521,1,60
61,-5.726581679029139,-8.752532421653296,6311,16521,1,61
62,-2.590552795790904,5.843248360886651,6312,16521,1,62
63,-3.5652759702860592,5.110570881449894,6313,16521,1,63
64,5.942730329697989,4.791285261832293,6314,16521,1,64
65,4.084058414658646,6.401542276889479,6315,16521,1,65
66,-7.625116246421242,-2.625002403469667,6316,16521,1,66
67,6.347278611314756,-2.4015085093861988,6317,16521,1,67
68,5.273930731198547,-1.9405560076686277,6318,16521,1,68
69,-0.8255785186696212,-7.434609707200705,6319,16521,1,69
70,4.028969909064962,-9.652181399036577,6320,16521,1,70
71,7.329871199225849,-3.695476930039776,6321,16521,1,71
72,8.434272450204162,6.334699571487079,6322,16521,1,72
73,-4.585845280549091,2.517407975257948,6323,16521,1,73
74,1.6287909003002363,-3.807482262916509,6324,16521,1,74
75,-0.3489358388548584,-9.413316213161442,6325,16521,1,75
76,-0.9201115082137096,-6.648980045850181,6326,16521,1,76
77,-5.222335894142653,-5.55078297993435,6327,16521,1,77
78,-6.106802703400296,-1.483829641811628,6328,16521,1,78
79,6.4233197631268695,-2.719970157462201,6329,16521,1,79
80,3.712253319761565,-8.35895837654055,6330,16521,1,80
81,-8.136592918589455,9.581530148324408,6331,16521,1,81
82,0.788327051301172,0.3513259554028369,6332,16521,1,82
83,-4.015465295844436,3.714035277764333,6333,16521,1,83
84,0.0793831346034164,6.629609904696544,6334,16521,0,84
85,-5.021296365474328,3.979367782166507,6335,16521,1,85
86,-9.020524127180549,7.900606736278423,6336,16521,1,86
87,0.5824528284492203,-0.4486843692217803,6337,16521,1,87
88,1.2746898729413907,-9.537327921084076,6338,16521,1,88
89,8.989315567045871,5.006820327398522,6339,16521,1,89
90,7.06508969196469,-7.913291151186197,6340,16521,1,90
91,-4.13523501021559,0.6254332859623464,6341,16521,1,91
92,0.0235579265994623,7.721315056979428,6342,16521,0,92
93,-0.5194455762465804,0.9967027006415244,6343,16521,1,93
94,7.686707537287155,5.495481771649418,6344,16521,1,94
95,2.460121940851881,-0.7399662832901317,6345,16521,1,95
96,-4.981011053860116,-9.078134812583,6346,16521,1,96
97,8.98639602313375,6.794495337232952,6347,16521,1,97
98,9.711013117681876,9.20315699773155,6348,16521,1,98
99,-6.762957773112936,2.172152376184167,6349,16521,1,99
100,8.648196616762093,-5.822833863932839,6350,16521,1,100
101,6.431737721289231,0.820881495797714,6351,16521,1,101
102,0.6602362081138207,1.445855625080256,6352,16521,1,102
103,0.2834020367396839,0.0165167414502587,6353,16521,1,103
104,0.4513394368894925,5.650358468233474,6354,16521,1,104
105,-2.276004762926222,-7.531148609451563,6355,16521,1,105
106,-1.9839311563929505,-4.728580785352259,6356,16521,1,106
107,-5.987189443827587,-9.542439654654917,6357,16521,1,107
108,-0.6123358877669176,5.031836588565053,6358,16521,1,108
109,-1.9454500493857625,-9.626775906945364,6359,16521,1,109
110,-5.176309600142909,-1.194971727809012,6360,16521,1,110
111,-9.096735152820354,-7.715128571886134,6361,16521,1,111
112,9.158782088908795,2.9511134691823067,6362,16521,1,112
113,7.1299555113593485,-3.613261977511901,6363,16521,1,113
114,-5.5035293431097365,2.19178123329694,6364,16521,1,114
115,0.2568473821302479,-6.913690923761351,6365,16521,1,115
116,-2.586547681253002,-7.250570376527142,6366,16521,1,116
117,1.2837346069832645,0.6294629322912364,6367,16521,1,117
118,5.803922835328585,-8.375753105114379,6368,16521,1,118
119,-5.058666865970638,1.658375438029026,6369,16521,1,119
120,1.5920270567297052,1.1577514914120286,6370,16521,1,120
121,6.538474973559165,2.1815854956641,6371,16521,1,121
122,1.6025917782971728,2.7924495919985723,6372,16521,1,122
123,2.2502800585627707,2.179114523608096,6373,16521,1,123
124,7.560280018546276,-5.930498759189369,6374,16521,1,124
125,3.002703650773652,-0.2625612446368919,6375,16521,1,125
126,-4.872433867639003,2.991967554313044,6376,16521,1,126
127,-6.000546672003693,-1.2074134062362525,6377,16521,1,127
128,-7.316771848563803,-9.37122771972416,6378,16521,1,128
129,5.673290936753993,4.784343055125479,6379,16521,1,129
130,-0.1583573513204683,1.9890602898413297,6380,16521,0,130
131,-8.794236400831663,-6.74329095774665,6381,16521,1,131
132,2.7294514206026026,2.283002679349336,6382,16521,1,132
133,-3.402519146739456,-1.756481816386291,6383,16521,1,133
134,0.0495808824338368,-4.06094834732444,6384,16521,0,134
135,1.0708962512928295,7.63801170575293,6385,16521,1,135
136,-4.134090459937958,2.837756202896633,6386,16521,1,136
137,-5.61894491670397,2.842989627687418,6387,16521,1,137
138,6.5711088919874605,-8.554878619577355,6388,16521,1,138
139,1.8602290067284384,4.620116785944862,6389,16521,1,139
140,5.985405476650932,3.790479319052928,6390,16521,1,140
141,7.445918979749319,8.740049731978068,6391,16521,1,141
142,-2.8667907204652714,-2.5950296302288383,6392,16521,1,142
143,7.124299442791095,-2.442349070991609,6393,16521,1,143
144,7.145975957239109,6.941008605109246,6394,16521,1,144
145,-3.923786505531133,-5.253338179980878,6395,16521,1,145
146,-8.82535564040751,3.5861824333169032,6396,16521,1,146
147,-4.074025975649276,-5.5592149223373895,6397,16521,1,147
148,-3.792339839589836,4.162048971355453,6398,16521,1,148
149,-2.142260920971788,5.998535312266981,6399,16521,1,149
150,8.760631997495882,5.343678243603435,6400,16521,1,150
151,-5.5504498706672445,-9.904127847219556,6401,16521,1,151
152,-5.697634352712992,7.297636518788707,6402,16521,1,152
153,-0.1402666926435518,-7.795303168477821,6403,16521,0,153
154,3.37307091232184,-0.1660849681860003,6404,16521,1,154
155,8.175770112544036,5.595480909455915,6405,16521,1,155
156,4.910180292044188,-7.343151176175278,6406,16521,1,156
157,-6.278164746435735,2.7619345658047862,6407,16521,1,157
158,-9.344670859064848,5.712583718595496,6408,16521,1,158
159,-1.5416175299410444,-7.241391822401373,6409,16521,1,159
160,-2.5157120190518256,-1.9059626860831909,6410,16521,1,160
161,-3.592186354604583,0.4236920784638958,6411,16521,1,161
162,-6.537235421262915,-8.535128289532386,6412,16521,1,162
163,-4.4789249273727005,-3.969827047593285,6413,16521,1,163
164,7.581919063285799,-4.01528718721506,6414,16521,1,164
165,3.037334548442544,6.177448614526991,6415,16521,1,165
166,-6.00155292341539,2.062295978732731,6416,16521,1,166
167,1.3697032584695457,9.75641188754446,6417,16521,1,167
168,-6.676086697154116,-5.660399938989372,6418,16521,1,168
169,4.382575814024722,7.904823396477482,6419,16521,1,169
170,1.8172098735439484,7.501060552126852,6420,16521,1,170
171,-0.7065881165385619,7.72857802640911,6421,16521,1,171
172,0.7112972229197467,-1.518191795895305,6422,16521,1,172
173,5.223512268854044,5.673038040684252,6423,16521,1,173
174,-0.9309090835704374,4.450649279506882,6424,16521,1,174
175,8.976162085315671,-5.755479588210505,6425,16521,1,175
176,7.097223948958021,-9.573246032331175,6426,16521,1,176
177,8.879979668797084,7.117862970720086,6427,16521,1,177
178,4.576308264859563,2.9680184219380656,6428,16521,1,178
179,-8.519482446883512,0.1832212816875529,6429,16521,1,179
180,4.3686890070415,9.305747047784912,6430,16521,1,180
181,7.954397991764178,0.8447728534459849,6431,16521,1,181
182,-0.9128328422311504,2.517013292112312,6432,16521,1,182
183,-3.958738746486508,4.115996749076532,6433,16521,1,183
184,-3.628099021267152,9.796812129345373,6434,16521,1,184
185,3.2137031098278754,2.3111701896860737,6435,16521,1,185
186,-5.587667623543178,4.890216841071149,6436,16521,1,186
187,5.485347339127989,-3.064093714829814,6437,16521,1,187
188,-1.9080137128742043,-7.10664726796852,6438,16521,1,188
189,-9.819410456692296,-2.783494805097318,6439,16521,1,189
190,-7.084393689762633,-6.43017384634531,6440,16521,1,190
191,1.6404459114334102,-2.315286743212111,6441,16521,1,191
192,8.870326967997425,0.0764436141031676,6442,16521,1,192
193,-2.1976195963551053,8.95538164078009,6443,16521,1,193
194,6.023051918749534,1.6735085395153355,6444,16521,1,194
195,-8.180960543055447,4.653039748465735,6445,16521,1,195
196,6.206770666078029,-3.1218059663065496,6446,16521,1,196
197,-1.1195935556803622,2.7034018948282856,6447,16521,1,197
198,7.396908960121543,-1.076509018660092,6448,16521,1,198
199,-7.795011359618327,5.054207245568772,6449,16521,1,199
200,9.33136197781274,-5.860769452863915,6450,16521,1,200
201,4.57298257186881,-3.5408344707690205,6451,16521,1,201
202,-5.354913530568524,8.595554941421359,6452,16521,1,202
203,-9.361100041232946,-7.084640793594126,6453,16521,1,203
204,-6.245375121740979,3.913806318410156,6454,16521,1,204
205,-2.2203062211213087,2.603930607537407,6455,16521,1,205
206,-6.793070475965304,5.514161077619804,6456,16521,1,206
207,3.5367009236126776,5.685590393998117,6457,16521,1,207
208,8.544993396579361,8.823734344673984,6458,16521,1,208
209,-4.143035789844243,2.4663726736052816,6459,16521,1,209
210,-6.090645309271084,8.31850699759024,6460,16521,1,210
211,4.418657012728108,-9.717425529488631,6461,16521,1,211
212,-0.6749991472736294,6.170018512471245,6462,16521,1,212
213,1.6520873090091095,4.590225117125069,6463,16521,1,213
214,-1.93950885446365,5.609791266165512,6464,16521,1,214
215,-0.5166707760277855,-4.151766038141407,6465,16521,1,215
216,-4.77281924477764,-5.350241610351518,6466,16521,1,216
217,3.055160532425633,-0.895458496527155,6467,16521,1,217
218,-1.9334084608635784,3.639733455926814,6468,16521,1,218
219,-5.799388578823699,-3.202991713691146,6469,16521,1,219
220,-9.19700533883756,7.093865728902713,6470,16521,1,220
221,-1.856899123792001,2.452320748205468,6471,16521,1,221
222,2.1758874662182865,-0.971793754099231,6472,16521,1,222
223,-2.1374828044472576,-1.8419779178975144,6473,16521,1,223
224,-1.7801915649296711,0.0964287325947843,6474,16521,1,224
225,1.7985017296544503,5.565598506261454,6475,16521,1,225
226,2.7362398161440904,-0.7447559903452898,6476,16521,1,226
227,7.86561236257706,5.366390195901175,6477,16521,1,227
228,1.011586292402395,8.30135461897352,6478,16521,1,228
229,-3.239361457708738,8.756696210198488,6479,16521,1,229
230,7.035244510939819,-5.373023121797964,6480,16521,1,230
231,-5.006990145353325,-5.047871023800628,6481,16521,1,231
232,-8.947515806118485,-4.303632035691392,6482,16521,1,232
233,7.705277448654655,-9.94857683447374,6483,16521,1,233
234,-2.3640080447153844,-6.15673757815816,6484,16521,1,234
235,9.75376679584918,-4.211704514785433,6485,16521,1,235
236,1.1000488447707806,1.7419997994968064,6486,16521,1,236
237,-5.459476943309238,0.7748859579210166,6487,16521,1,237
238,1.4504961451890337,-3.42642942976378,6488,16521,1,238
239,4.081899179655446,-8.773488639877007,6489,16521,1,239
240,-9.404165939417446,-6.597619584722936,6490,16521,1,240
241,-5.981968309993211,-4.616741517796001,6491,16521,1,241
242,1.3594283877091513,-1.2318037438101967,6492,16521,1,242
243,-5.078035838551265,3.958183645534387,6493,16521,1,243
244,5.81563455864204,-4.99634101409745,6494,16521,1,244
245,8.369819911943758,4.641852821761489,6495,16521,1,245
246,1.0146196929902516,-6.113956426248317,6496,16521,1,246
247,2.6726255958148077,-2.50880967936183,6497,16521,1,247
248,-1.0644184580327387,4.151302268995359,6498,16521,1,248
249,2.9339910330988754,-3.83340041049042,6499,16521,1,249
250,-9.460588072364695,9.90843212799685,6500,16521,1,250
251,3.954936924132678,-8.303557537061357,6501,16521,1,251
252,-4.561076376267752,5.334199418296684,6502,16521,1,252
253,-5.800764499412743,-9.056125940972295,6503,16521,1,253
254,3.918815013455241,2.1131061196329317,6504,16521,1,254
255,-8.10635696780222,0.7080095385916216,6505,16521,1,255
256,9.195876999348592,-4.628210334153737,6506,16521,1,256
257,7.193581813124904,-7.782893001267537,6507,16521,1,257
258,5.944672874325271,5.0157026870279005,6508,16521,1,258
259,1.3612633116676631,8.659090507919856,6509,16521,1,259
260,9.607542217004353,8.16563127512606,6510,16521,1,260
261,0.8939686790499515,-6.962966883491228,6511,16521,1,261
262,-5.997802462385735,-8.55611610429727,6512,16521,1,262
263,-8.829350173624032,0.5475750312078702,6513,16521,1,263
264,-3.943297216481378,-1.8807658400933391,6514,16521,1,264
265,5.111246210654644,-0.8299141344403616,6515,16521,1,265
266,8.204026236353432,-3.4333705749456094,6516,16521,1,266
267,4.690568244761408,-7.573961366852946,6517,16521,1,267
268,-3.1255632227740904,6.9146220977828605,6518,16521,1,268
269,-2.204907596779078,4.173937092670199,6519,16521,1,269
270,8.4729829212278,-3.4151676616577014,6520,16521,1,270
271,2.036676787551608,1.8155017718547448,6521,16521,1,271
272,-0.373701140580911,9.401214135957566,6522,16521,1,272
273,9.833092993387162,1.6062239437480643,6523,16521,1,273
274,4.654836586691243,3.5671807975712646,6524,16521,1,274
275,1.39325046303769,6.001093718782101,6525,16521,1,275
276,-4.530452737240706,-0.6742637148341313,6526,16521,1,276
277,0.0011530151831973,3.3268421588371417,6527,16521,0,277
278,-7.737690985589289,-1.0696926827706843,6528,16521,1,278
279,4.173876461625914,-5.522574245112432,6529,16521,1,279
280,-3.939019416995249,7.241102419632142,6530,16521,1,280
281,-8.498846337397637,-1.8291915159071357,6531,16521,1,281
282,3.291281547037378,-0.3564514601153394,6532,16521,1,282
283,4.027054577384387,3.229440414176686,6533,16521,1,283
284,2.1697113785072,7.74426772815389,6534,16521,1,284
285,-8.999904304053253,-4.986419407040719,6535,16521,1,285
286,9.652758597112877,-8.666742481743416,6536,16521,1,286
287,-2.154760450515396,3.416370091406801,6537,16521,1,287
288,6.811711089386282,6.760328068348787,6538,16521,1,288
289,-3.751786610747104,-1.680589676403656,6539,16521,1,289
290,0.5353809006770209,0.4433589486296867,6540,16521,1,290
291,8.842333858720242,1.9074343122128496,6541,16521,1,291
292,4.569481798293145,-0.7066502071483391,6542,16521,1,292
293,-1.044011041109263,0.434969239897109,6543,16521,1,293
294,-2.65384335219387,-5.90737468807353,6544,16521,1,294
295,-1.612355980835794,-6.220508992601048,6545,16521,1,295
296,-4.360045437705214,-1.20292973107542,6546,16521,1,296
297,5.970492210438467,8.053725686385206,6547,16521,1,297
298,-8.558710759722114,-3.763130354499575,6548,16521,1,298
299,-2.9297814963335167,-9.25151916878589,6549,16521,1,299
300,-0.6055965780422152,-9.523690546615835,6550,16521,1,300
301,2.451303185921517,-9.026665869377045,6551,16521,1,301
302,5.128653313430938,-7.301754485050989,6552,16521,1,302
303,5.476231414682042,-3.784441005026258,6553,16521,1,303
304,-7.534138032202239,-0.5379906057370825,6554,16521,1,304
305,2.070609953561757,4.449665519751878,6555,16521,1,305
306,0.1020041542148959,9.930508388654935,6556,16521,0,306
307,-3.642417809752746,-6.142978334133882,6557,16521,1,307
308,1.527882734489765,-8.042916755040647,6558,16521,1,308
309,4.290516967645985,0.7852213896479086,6559,16521,1,309
310,-4.807567349664524,6.849481174018084,6560,16521,1,310
311,-6.1266230616154616,-9.02540248502724,6561,16521,1,311
312,-4.025249390915815,-2.1501587179672965,6562,16521,1,312
313,-5.54390745661733,-3.038824459702858,6563,16521,1,313
314,9.312782426901272,-1.0985296963609503,6564,16521,1,314
315,-9.841178331714,3.916324209892668,6565,16521,1,315
316,8.976237715051823,6.919020233974752,6566,16521,1,316
317,6.738431649391735,5.832393296297834,6567,16521,1,317
318,2.031909022764109,-2.319063278342033,6568,16521,1,318
319,1.2620805933138346,0.4811428795186607,6569,16521,1,319
320,-5.054024117516185,-1.945493253508113,6570,16521,1,320
321,-0.2684746122301611,7.962881020940806,6571,16521,1,321
322,1.1820467154860577,4.731896663965731,6572,16521,1,322
323,2.166232914386825,-1.9240722111376467,6573,16521,1,323
324,-6.797502638162955,-0.3548798685579086,6574,16521,1,324
325,-1.7214380235984947,-6.444701789448279,6575,16521,1,325
326,0.7308568749344211,-4.4592152689482445,6576,16521,1,326
327,6.5636731454933255,-1.0390081774825646,6577,16521,1,327
328,-7.677403072217444,7.0151379946989145,6578,16521,1,328
329,-6.631544343234122,-2.677593642772371,6579,16521,1,329
330,4.704989030737988,-2.849617421835693,6580,16521,1,330
331,4.085759179589219,-0.6035464730659044,6581,16521,1,331
332,-6.440219943237735,3.06323940592954,6582,16521,1,332
333,5.37246533754576,0.6610832920001286,6583,16521,1,333
334,4.775747884381957,8.870559466168125,6584,16521,1,334
335,-3.821402084135004,0.6024006007791787,6585,16521,1,335
336,-2.834792834417696,-8.965051974081481,6586,16521,1,336
337,9.805490961841418,-0.7871676452219827,6587,16521,1,337
338,-3.862147408404129,-3.756632081743378,6588,16521,1,338
339,-2.2204617200397863,-5.450135241283352,6589,16521,1,339
340,5.928755583294137,3.8054375018155735,6590,16521,1,340
341,6.753223705141991,4.6149547590016375,6591,16521,1,341
342,-8.757758687639953,-1.262567898547598,6592,16521,1,342
343,2.8823451209185524,9.374498363551051,6593,16521,1,343
344,-1.2192890842591453,6.167676544310638,6594,16521,1,344
345,-2.5685994422047376,-0.3975803342537993,6595,16521,1,345
346,7.252787837886096,4.904580160645601,6596,16521,1,346
347,-6.990607174365479,-4.967060971169063,6597,16521,1,347
348,-1.1087719547941255,-1.8393317660827984,6598,16521,1,348
349,3.399847413934168,-4.7665263942208576,6599,16521,1,349
350,-2.3080807106379497,5.893075395254321,6600,16521,1,350
351,-4.087294370822785,-9.13030673719664,6601,16521,1,351
352,1.4076135159950915,-9.165323285508036,6602,16521,1,352
353,-0.7835079081304723,6.936437331205987,6603,16521,1,353
354,-0.229466737956228,0.9690939982628084,6604,16521,1,354
355,-8.619655185102427,-6.232765038010357,6605,16521,1,355
356,9.211734478264365,9.529138822212651,6606,16521,1,356
357,-6.723809596461166,-1.591091478594901,6607,16521,1,357
358,-3.047963527593904,6.770461407941259,6608,16521,1,358
359,-8.93428423389544,8.421995564149466,6609,16521,1,359
360,6.3725398427399575,-1.1993717186870256,6610,16521,1,360
361,-5.471163360139039,2.949132077940685,6611,16521,1,361
362,-8.043474100436113,-5.3588630900574135,6612,16521,1,362
363,3.0533908193916304,1.7628196616733316,6613,16521,1,363
364,-7.935482378705698,6.859598053666012,6614,16521,1,364
365,-8.507899617525304,8.84584227779812,6615,16521,1,365
366,-1.9024012897141065,4.240177880289993,6616,16521,1,366
367,2.4731919820355444,8.554968084822839,6617,16521,1,367
368,-2.0085815275667063,1.622706563722469,6618,16521,1,368
369,9.790935573686305,3.201614878834354,6619,16521,1,369
370,-8.185740903808592,0.2990486426387413,6620,16521,1,370
371,-1.2536319448480384,1.8210014332040387,6621,16521,1,371
372,4.624377085522767,-0.8213522054586502,6622,16521,1,372
373,-8.051268152039924,-5.775145205204073,6623,16521,1,373
374,9.982466476008696,-8.754801660539794,6624,16521,1,374
375,-1.71401344661337,3.761722301561738,6625,16521,1,375
376,7.007492405575725,7.297432726655227,6626,16521,1,376
377,4.650642249586745,-3.722975444338039,6627,16521,1,377
378,-1.167153129895777,-4.774246707175016,6628,16521,1,378
379,-1.1807384567429224,-0.7153405743486587,6629,16521,1,379
380,6.636328739172626,-0.683454010377929,6630,16521,1,380
381,3.507132946998308,-3.501277009418784,6631,16521,1,381
382,9.094886234544033,6.860379282575845,6632,16521,1,382
383,9.862387452511124,4.310720274900227,6633,16521,1,383
384,0.833464608629896,7.293993621876524,6634,16521,1,384
385,4.821730557391115,-8.141796054171891,6635,16521,1,385
386,-2.622461361560875,6.310237417021881,6636,16521,1,386
387,3.7039005446361823,0.0233927590901856,6637,16521,1,387
388,-4.857718737467813,4.416363367204523,6638,16521,1,388
389,7.493768663494752,8.359441035752837,6639,16521,1,389
390,2.174873385880975,0.5425030101013704,6640,16521,1,390
391,-5.688693599309262,5.772447403274201,6641,16521,1,391
392,3.1119673463473774,1.821298497409124,6642,16521,1,392
393,9.31538156279355,4.619849583491995,6643,16521,1,393
394,4.814615714885576,-8.50294604857794,6644,16521,1,394
395,-7.583911185705057,-0.2664491543003393,6645,16521,1,395
396,-8.449137257905656,1.401796951192896,6646,16521,1,396
397,5.553100604302447,-9.258075283597012,6647,16521,1,397
398,9.290126565444933,3.5328942738750904,6648,16521,1,398
399,2.9784054999539915,6.88595509449657,6649,16521,1,399
400,7.949046019804019,0.95933306251961,6650,16521,1,400
401,-8.054024313083342,-9.246179463448131,6651,16521,1,401
402,9.394252307385742,2.715694257399422,6652,16521,1,402
403,-1.3679543692378289,3.781384044223593,6653,16521,1,403
404,6.003175788107036,-0.442933116533176,6654,16521,1,404
405,-3.5178291645218174,6.707921318308038,6655,16521,1,405
406,7.56670143087533,-5.795952431558642,6656,16521,1,406
407,-0.8899758713215729,-9.4773082175682,6657,16521,1,407
408,2.649137144529508,8.702249545610265,6658,16521,1,408
409,8.025521710804714,0.654216141026291,6659,16521,1,409
410,-3.671295180037326,7.815360998347902,6660,16521,1,410
411,-8.583226210179355,-3.165257827404222,6661,16521,1,411
412,7.788300458065521,-4.015433728890447,6662,16521,1,412
413,0.7680561937606445,0.4151454814733704,6663,16521,1,413
414,-7.285311423285929,8.956843761612639,6664,16521,1,414
415,4.879173624294404,-9.2542910209635,6665,16521,1,415
416,-5.310147775921119,-6.417515569942727,6666,16521,1,416
417,3.629479600234181,1.9298371084543149,6667,16521,1,417
418,0.5193022115182977,6.962662609818178,6668,16521,1,418
419,6.380532551543322,-1.2684782236527408,6669,16521,1,419
420,-8.446463046077632,-9.643279191988034,6670,16521,1,420
421,-2.8862448523611395,1.069546437718035,6671,16521,1,421
422,9.201143229031889,2.303063996770117,6672,16521,1,422
423,9.068380766868902,-5.288688126543837,6673,16521,1,423
424,-3.882897306862379,8.144251857672199,6674,16521,1,424
425,6.531334020518337,-4.617149543293384,6675,16521,1,425
426,-7.304766064631922,-5.662111341272647,6676,16521,1,426
427,6.4274281698009865,3.6478334707858,6677,16521,1,427
428,-6.350436019949006,-9.87479198129984,6678,16521,1,428
429,6.040304014274632,-7.886067816387554,6679,16521,1,429
430,5.247275420847657,9.568175174212431,6680,16521,1,430
431,0.5187813243194022,1.5411277303958926,6681,16521,1,431
432,3.272046108495436,3.5533051419763595,6682,16521,1,432
433,3.887206037750431,-0.2822372873935901,6683,16521,1,433
434,-8.60200960520566,-8.067502266811085,6684,16521,1,434
435,-9.887011283346798,0.2247745847246012,6685,16521,1,435
436,-5.916833591375803,4.284062509026196,6686,16521,1,436
437,5.429458151928813,-7.6216795680695455,6687,16521,1,437
438,-5.6491352370150905,0.5936288823788427,6688,16521,1,438
439,-6.385180828867078,0.5098784958410736,6689,16521,1,439
440,-8.06881705282841,-9.507548319432347,6690,16521,1,440
441,-3.817606753748864,-3.255253739433208,6691,16521,1,441
442,9.38411432667931,-5.833693108287799,6692,16521,1,442
443,-9.585697627822857,8.295428585695962,6693,16521,1,443
444,3.875451516739128,-3.723516136603431,6694,16521,1,444
445,5.412367035002498,4.122382479006364,6695,16521,1,445
446,4.101852182362208,1.1545132480842497,6696,16521,1,446
447,-1.374996890021766,3.8891903216968906,6697,16521,1,447
448,-9.442118689354214,-8.944337315273923,6698,16521,1,448
449,2.299235986790197,7.9772732775831585,6699,16521,1,449
450,6.741422488439998,4.06653728230272,6700,16521,1,450
451,-1.959995766210964,-7.083922092870187,6701,16521,1,451
452,5.658124460870571,-2.821008528615112,6702,16521,1,452
453,-9.850308790076298,-3.0209700892801905,6703,16521,1,453
454,0.4207050728331687,1.460610402590918,6704,16521,1,454
455,-0.108830972666043,-6.196588584208989,6705,16521,0,455
456,-8.060741301251754,0.0943176508001837,6706,16521,1,456
457,-5.170646711980318,4.329290752569241,6707,16521,1,457
458,8.640851388203114,7.338027926137247,6708,16521,1,458
459,-1.1585279070412362,5.750253755610794,6709,16521,1,459
460,5.596254676226224,0.2527938487087429,6710,16521,1,460
461,-3.785490453130331,3.5376825427183967,6711,16521,1,461
462,-8.918835120295874,7.471125197142776,6712,16521,1,462
463,6.765494808636767,3.4422793738217834,6713,16521,1,463
464,9.6112384911381,4.438982629994346,6714,16521,1,464
465,7.203995061642488,-3.4507652871222128,6715,16521,1,465
466,9.471232203039849,-4.545230133664317,6716,16521,1,466
467,2.0193030267423038,-1.265679774962221,6717,16521,1,467
468,3.9225344513784144,9.605286408353416,6718,16521,1,468
469,-4.461712718905919,-2.5672504366162947,6719,16521,1,469
470,4.1869072129982285,1.0200267002760768,6720,16521,1,470
471,-4.7365202317314825,-6.375776860774609,6721,16521,1,471
472,-4.792254376590495,5.123804997611593,6722,16521,1,472
473,7.845342559172082,6.047686320567454,6723,16521,1,473
474,3.2628116485079204,-4.892602816970215,6724,16521,1,474
475,-7.045817475436474,8.455168947213153,6725,16521,1,475
476,-1.7931675488221863,-6.132660405153132,6726,16521,1,476
477,8.161917073553486,-3.78114633996324,6727,16521,1,477
478,4.487130623493577,2.982341224479356,6728,16521,1,478
479,-4.41185484176621,7.828676062703323,6729,16521,1,479
480,-9.864701317792337,-3.1386465271274915,6730,16521,1,480
481,-5.345337957835248,-5.668535528963885,6731,16521,1,481
482,-4.00823718531824,-1.569335739431736,6732,16521,1,482
483,2.083346630330423,-6.542774249535821,6733,16521,1,483
484,3.749706365352868,-1.5006996313482528,6734,16521,1,484
485,-0.9264208730806408,6.05272804568553,6735,16521,1,485
486,7.11799949868341,-2.627721041752502,6736,16521,1,486
487,-4.121791822864274,-7.752366422568397,6737,16521,1,487
488,2.772944734993013,-3.9990671185917455,6738,16521,1,488
489,-3.278737774922691,-7.178384161983511,6739,16521,1,489
490,-8.571248061146129,2.090166797893719,6740,16521,1,490
491,1.3731492395943228,-8.5958218170701,6741,16521,1,491
492,2.184692179395748,5.213535488345055,6742,16521,1,492
493,6.950679902510487,0.2462824652570781,6743,16521,1,493
494,1.2776778406519291,7.793565447111934,6744,16521,1,494
495,7.330707740691437,7.464337506514667,6745,16521,1,495
496,6.530586500403508,4.126046696339591,6746,16521,1,496
497,-0.0969140303404518,-0.6234157476295277,6747,16521,0,497
498,-5.9654819679779125,-5.198233653295219,6748,16521,1,498
499,2.210138905363223,-1.9447774338564356,6749,16521,1,499
500,9.904449077420136,-1.7353383989824265,6750,16521,1,500
501,-7.332595254502299,-1.5193330113042336,6751,16521,1,501
502,8.859189780337847,4.575126378415391,6752,16521,1,502
503,-8.510761921735561,-4.992094020230537,6753,16521,1,503
504,-3.9370960658001657,6.372066217315751,6754,16521,1,504
505,-3.7773726547143305,-0.6558454605034427,6755,16521,1,505
506,7.036299361406151,5.92684749074559,6756,16521,1,506
507,8.486042817243458,-3.883751449963624,6757,16521,1,507
508,-4.92277026545453,-7.381448434956841,6758,16521,1,508
509,0.4635357589444133,-9.29471138102361,6759,16521,1,509
510,9.412875427208633,6.5757760815074455,6760,16521,1,510
511,5.896111789825786,2.0400626533558235,6761,16521,1,511
512,-1.43031434357831,4.85897437964522,6762,16521,1,512
513,5.322221017738178,-9.916235994369432,6763,16521,1,513
514,0.3783385444943121,-6.07352852554264,6764,16521,1,514
515,9.755408396529743,8.700586205891362,6765,16521,1,515
516,-9.653466327521304,0.910137396376726,6766,16521,1,516
517,-3.301656194073188,-9.260956473495114,6767,16521,1,517
518,-6.358194735296776,-9.533271417892166,6768,16521,1,518
519,5.799968247816432,7.423525052458643,6769,16521,1,519
520,-9.89250711445415,-2.995949679489076,6770,16521,1,520
521,-4.928842980304509,-1.4827389153172543,6771,16521,1,521
522,-3.6823250612844287,1.400962461222102,6772,16521,1,522
523,-2.058473872020397,0.9658951178852532,6773,16521,1,523
524,-5.90052520327114,-0.0013681347538749,6774,16521,1,524
525,-8.578325224969085,0.1601904868352637,6775,16521,1,525
526,-1.607840824118373,-1.3959935821524248,6776,16521,1,526
527,-9.804623679721526,-2.4944004432861755,6777,16521,1,527
528,-4.4085950869800605,6.202599952082302,6778,16521,1,528
529,-9.308214427533958,0.8626085683200095,6779,16521,1,529
530,6.627368423770548,-2.216647316860736,6780,16521,1,530
531,0.6018669601003594,0.3282799727772172,6781,16521,1,531
532,-0.7321200038111968,-8.483531981005425,6782,16521,1,532
533,-2.515342858829797,0.9508904333529262,6783,16521,1,533
534,-1.606709492834879,8.809251603561801,6784,16521,1,534
535,-4.416769710466535,6.161721119898321,6785,16521,1,535
536,-7.501635646675455,8.929928362080876,6786,16521,1,536
537,4.909019595227003,4.706348136196578,6787,16521,1,537
538,5.398305814556888,-9.899402283326618,6788,16521,1,538
539,7.10214866343938,2.9389935786895105,6789,16521,1,539
540,-0.5566371167578783,-4.002964048365167,6790,16521,1,540
541,-7.457474544063563,2.2589827348562146,6791,16521,1,541
542,4.629251473728592,-4.534047923919903,6792,16521,1,542
543,8.575621257263187,-5.406376394040304,6793,16521,1,543
544,-4.561111759732484,6.761554330955555,6794,16521,1,544
545,4.727950368069347,1.9080650110136297,6795,16521,1,545
546,-9.09173616821027,6.210519232311633,6796,16521,1,546
547,-4.9746114009068965,-6.189422561976043,6797,16521,1,547
548,4.759422549790241,-2.8725603640409547,6798,16521,1,548
549,2.9486532902825395,6.57843951100363,6799,16521,1,549
550,-4.9292890547515045,-2.7543259845508983,6800,16521,1,550
551,-1.030844743922685,6.680033750021405,6801,16521,1,551
552,-6.208394335479966,-2.7183106465279323,6802,16521,1,552
553,8.861794591282678,-7.569689906089991,6803,16521,1,553
554,-8.262862583731083,5.557260931794939,6804,16521,1,554
555,1.6760353255770395,-7.326909940558457,6805,16521,1,555
556,-9.233185021443129,-8.385494073235808,6806,16521,1,556
557,1.0565918443642437,-1.389348106905647,6807,16521,1,557
558,-4.028531640746131,-6.638287786806929,6808,16521,1,558
559,9.480058456990786,1.3701044515772836,6809,16521,1,559
560,-3.030608811531565,9.404127717950036,6810,16521,1,560
561,-5.318688346649447,-1.883952079939192,6811,16521,1,561
562,-8.7085522534071,4.7811405797795725,6812,16521,1,562
563,-9.223406063643896,1.2136823861656223,6813,16521,1,563
564,2.66656861521599,-2.425294890902996,6814,16521,1,564
565,-1.1281146303409957,-3.976713195866375,6815,16521,1,565
566,-5.46001700601467,9.922411552825768,6816,16521,1,566
567,-9.26914640668608,5.2957585812095775,6817,16521,1,567
568,8.00301037884627,3.07382554299849,6818,16521,1,568
569,-0.6063015743772109,-1.4180743388477275,6819,16521,1,569
570,-8.538590671022352,1.66264364156617,6820,16521,1,570
571,-0.6361856050015451,-0.1899756733870727,6821,16521,1,571
572,-4.13543710645051,-7.661668552176282,6822,16521,1,572
573,2.4218344002710346,-6.098831566406702,6823,16521,1,573
574,7.040761056806566,7.727786718944657,6824,16521,1,574
575,5.282114565429444,-8.995507191892338,6825,16521,1,575
576,1.225682148788101,8.530276911460096,6826,16521,1,576
577,9.332245265644794,-5.124699269219954,6827,16521,1,577
578,-5.736089956434512,-1.1620425312815374,6828,16521,1,578
579,-4.968515008227559,-1.678770303332236,6829,16521,1,579
580,7.289334786448226,-2.850961314452631,6830,16521,1,580
581,8.471760264788998,-7.820104832324453,6831,16521,1,581
582,-4.51050755377175,-9.10735148189579,6832,16521,1,582
583,3.868793227675532,-6.9882530721877085,6833,16521,1,583
584,5.637512448257178,-6.212266558860127,6834,16521,1,584
585,0.8683518432920412,-7.215976772917148,6835,16521,1,585
586,8.224282711017551,1.3350419279879606,6836,16521,1,586
587,0.8784154932144599,-9.49625871722128,6837,16521,1,587
588,-0.8304453872763133,7.73562478773594,6838,16521,1,588
589,-9.190930614139308,9.312265041852536,6839,16521,1,589
590,3.0153863678357613,2.245464535946507,6840,16521,1,590
591,-2.231569746393629,4.162419220526774,6841,16521,1,591
592,-7.744649359076035,6.268182257342069,6842,16521,1,592
593,-9.434705100724898,2.734328287565752,6843,16521,1,593
594,-8.627438263474245,-0.1205377735363928,6844,16521,1,594
595,8.278860337141161,1.076367833614542,6845,16521,1,595
596,-9.702701863114102,-4.461098493734223,6846,16521,1,596
597,7.935640847044041,-5.11461028090431,6847,16521,1,597
598,-5.726087640249522,-9.09983862890165,6848,16521,1,598
599,6.713157843802296,4.422195325893449,6849,16521,1,599
600,2.995928925804021,0.8805653738637922,6850,16521,1,600
601,-8.725725893946638,5.210920092773051,6851,16521,1,601
602,-3.7217517490585017,6.771881298465299,6852,16521,1,602
603,9.193964950496357,1.2105779059567627,6853,16521,1,603
604,-0.2840693553060838,9.83065832773239,6854,16521,1,604
605,0.833879935159576,-5.109250746546953,6855,16521,1,605
606,-1.1723104673462537,-7.271816411444987,6856,16521,1,606
607,-6.463167243939831,-9.574698680096956,6857,16521,1,607
608,-6.5321342887555245,-4.719630094656548,6858,16521,1,608
609,-5.159648791770735,-4.546997509034263,6859,16521,1,609
610,-8.892213222201477,4.905212960722064,6860,16521,1,610
611,-1.0789995218825954,5.350090365096168,6861,16521,1,611
612,-3.4802844456169213,4.699788948131509,6862,16521,1,612
613,-6.020906217006987,-5.338199574834359,6863,16521,1,613
614,-0.7402008374644105,8.45287160826134,6864,16521,1,614
615,-3.3939893268893755,8.887855504000807,6865,16521,1,615
616,5.784888383472479,-1.296766442087165,6866,16521,1,616
617,-6.446582421273021,-9.983137620453212,6867,16521,1,617
618,6.366293168599931,4.205167561063384,6868,16521,1,618
619,9.511970323485794,1.60333023283356,6869,16521,1,619
620,-6.909797305782419,8.786096051983524,6870,16521,1,620
621,1.8624558018303572,-6.5347797695778365,6871,16521,1,621
622,-2.823549129306504,9.240804620463926,6872,16521,1,622
623,1.273023084072717,-0.2856558284552619,6873,16521,1,623
624,5.819564650174534,6.369377906176382,6874,16521,1,624
0,-7.111071509909519,6.984151073529194,6875,16490,1,0
1,-6.691927199752046,-2.8362384677871777,6876,16490,1,1
2,-1.019519097601167,9.31777196328953,6877,16490,1,2
3,5.2019774870653706,8.608183358143538,6878,16490,1,3
4,5.047386231180743,-6.321863741173351,6879,16490,1,4
5,-8.845886732006011,6.508368681884647,6880,16490,1,5
6,-7.121969974128685,-5.166272667908379,6881,16490,1,6
7,-7.16354062485637,-6.464960586775739,6882,16490,1,7
8,5.262489414526785,9.34032622439484,6883,16490,1,8
9,5.182338863934062,-9.597456544076612,6884,16490,1,9
10,7.714649293708181,-1.1464052732859091,6885,16490,1,10
11,-2.3779558201660755,6.126562816124284,6886,16490,1,11
12,-5.294579005341713,-2.916623288007328,6887,16490,1,12
13,-7.178673421680952,0.0880729262986683,6888,16490,1,13
14,7.367195415184842,-0.6437098407473822,6889,16490,1,14
15,-8.29930472043438,4.638502444871991,6890,16490,1,15
16,4.720689410833474,5.047926513693133,6891,16490,1,16
17,-0.4307935901731756,5.253417875990527,6892,16490,1,17
18,3.369497370561838,-2.778832447521322,6893,16490,1,18
19,8.599841441936501,-3.851309397257081,6894,16490,1,19
20,-0.7103790048968968,-2.163716258433248,6895,16490,1,20
21,-7.506045954098344,-5.962634159794251,6896,16490,1,21
22,8.801281055979896,-7.7625097308611934,6897,16490,1,22
23,7.211056926013263,4.344826717491507,6898,16490,1,23
24,-5.172841351038258,2.722101152693705,6899,16490,1,24
25,3.773367057300643,-3.875608026706927,6900,16490,1,25
26,-1.9325135112765128,-3.0362051871766,6901,16490,1,26
27,-1.8721351408021287,-6.821060412874593,6902,16490,1,27
28,0.0777945673031865,-4.010117058414648,6903,16490,0,28
29,6.036818020250582,4.31599877302002,6904,16490,1,29
30,3.3621001034034865,-6.984542630285406,6905,16490,1,30
31,2.008770880594895,0.3183229641749214,6906,16490,1,31
32,1.0566720594499923,3.716151443687908,6907,16490,1,32
33,-4.960910949428065,5.368801257511695,6908,16490,1,33
34,6.887944159119094,-5.601075732895469,6909,16490,1,34
35,-8.570067440887549,-8.68765598818177,6910,16490,1,35
36,5.859091891293655,6.848707296588636,6911,16490,1,36
37,7.512120281177417,-5.148991131723568,6912,16490,1,37
38,5.240373554781844,0.2040724691777349,6913,16490,1,38
39,1.980124447421776,3.8603841178729255,6914,16490,1,39
40,9.064761927033535,5.07514278334294,6915,16490,1,40
41,-7.883579524072748,7.105051720531716,6916,16490,1,41
42,-9.942991131212809,-6.151822564812994,6917,16490,1,42
43,5.539956146488665,-3.807591143099347,6918,16490,1,43
44,9.60173966169291,-2.3269406152970245,6919,16490,1,44
45,1.5616464747866026,-5.601562959539423,6920,16490,1,45
46,-6.824370908951787,6.837266993615327,6921,16490,1,46
47,8.271673701284161,-1.823405308602652,6922,16490,1,47
48,-7.397834114316046,7.301592253007737,6923,16490,1,48
49,-2.485004877038934,-1.9092138245208223,6924,16490,1,49
50,-4.526897922801718,3.0238821760903445,6925,16490,1,50
51,4.2748174850034495,-1.93925994506526,6926,16490,1,51
52,6.637076447902974,6.541492214401842,6927,16490,1,52
53,1.1136886788806084,9.479259447907737,6928,16490,1,53
54,-0.4744919875511684,-2.777312361559443,6929,16490,1,54
55,2.2334604001509675,-6.37974833028127,6930,16490,1,55
56,-8.382491497676003,0.7817391984052886,6931,16490,1,56
57,-6.579214866971417,5.799243384419929,6932,16490,1,57
58,-7.839764934863791,-2.591630786923876,6933,16490,1,58
59,-7.001607445197459,-9.35473749618663,6934,16490,1,59
60,-4.2531958939643495,6.8217555219092,6935,16490,1,60
61,-5.726581679029139,-8.752532421653296,6936,16490,1,61
62,-2.590552795790904,5.843248360886651,6937,16490,1,62
63,-3.5652759702860592,5.110570881449894,6938,16490,1,63
64,5.942730329697989,4.791285261832293,6939,16490,1,64
65,4.084058414658646,6.401542276889479,6940,16490,1,65
66,-7.625116246421242,-2.625002403469667,6941,16490,1,66
67,6.347278611314756,-2.4015085093861988,6942,16490,1,67
68,5.273930731198547,-1.9405560076686277,6943,16490,1,68
69,-0.8255785186696212,-7.434609707200705,6944,16490,1,69
70,4.028969909064962,-9.652181399036577,6945,16490,1,70
71,7.329871199225849,-3.695476930039776,6946,16490,1,71
72,8.434272450204162,6.334699571487079,6947,16490,1,72
73,-4.585845280549091,2.517407975257948,6948,16490,1,73
74,1.6287909003002363,-3.807482262916509,6949,16490,1,74
75,-0.3489358388548584,-9.413316213161442,6950,16490,1,75
76,-0.9201115082137096,-6.648980045850181,6951,16490,1,76
77,-5.222335894142653,-5.55078297993435,6952,16490,1,77
78,-6.106802703400296,-1.483829641811628,6953,16490,1,78
79,6.4233197631268695,-2.719970157462201,6954,16490,1,79
80,3.712253319761565,-8.35895837654055,6955,16490,1,80
81,-8.136592918589455,9.581530148324408,6956,16490,1,81
82,0.788327051301172,0.3513259554028369,6957,16490,1,82
83,-4.015465295844436,3.714035277764333,6958,16490,1,83
84,0.0793831346034164,6.629609904696544,6959,16490,0,84
85,-5.021296365474328,3.979367782166507,6960,16490,1,85
86,-9.020524127180549,7.900606736278423,6961,16490,1,86
87,0.5824528284492203,-0.4486843692217803,6962,16490,1,87
88,1.2746898729413907,-9.537327921084076,6963,16490,1,88
89,8.989315567045871,5.006820327398522,6964,16490,1,89
90,7.06508969196469,-7.913291151186197,6965,16490,1,90
91,-4.13523501021559,0.6254332859623464,6966,16490,1,91
92,0.0235579265994623,7.721315056979428,6967,16490,0,92
93,-0.5194455762465804,0.9967027006415244,6968,16490,1,93
94,7.686707537287155,5.495481771649418,6969,16490,1,94
95,2.460121940851881,-0.7399662832901317,6970,16490,1,95
96,-4.981011053860116,-9.078134812583,6971,16490,1,96
97,8.98639602313375,6.794495337232952,6972,16490,1,97
98,9.711013117681876,9.20315699773155,6973,16490,1,98
99,-6.762957773112936,2.172152376184167,6974,16490,1,99
100,8.648196616762093,-5.822833863932839,6975,16490,1,100
101,6.431737721289231,0.820881495797714,6976,16490,1,101
102,0.6602362081138207,1.445855625080256,6977,16490,1,102
103,0.2834020367396839,0.0165167414502587,6978,16490,1,103
104,0.4513394368894925,5.650358468233474,6979,16490,1,104
105,-2.276004762926222,-7.531148609451563,6980,16490,1,105
106,-1.9839311563929505,-4.728580785352259,6981,16490,1,106
107,-5.987189443827587,-9.542439654654917,6982,16490,1,107
108,-0.6123358877669176,5.031836588565053,6983,16490,1,108
109,-1.9454500493857625,-9.626775906945364,6984,16490,1,109
110,-5.176309600142909,-1.194971727809012,6985,16490,1,110
111,-9.096735152820354,-7.715128571886134,6986,16490,1,111
112,9.158782088908795,2.9511134691823067,6987,16490,1,112
113,7.1299555113593485,-3.613261977511901,6988,16490,1,113
114,-5.5035293431097365,2.19178123329694,6989,16490,1,114
115,0.2568473821302479,-6.913690923761351,6990,16490,1,115
116,-2.586547681253002,-7.250570376527142,6991,16490,1,116
117,1.2837346069832645,0.6294629322912364,6992,16490,1,117
118,5.803922835328585,-8.375753105114379,6993,16490,1,118
119,-5.058666865970638,1.658375438029026,6994,16490,1,119
120,1.5920270567297052,1.1577514914120286,6995,16490,1,120
121,6.538474973559165,2.1815854956641,6996,16490,1,121
122,1.6025917782971728,2.7924495919985723,6997,16490,1,122
123,2.2502800585627707,2.179114523608096,6998,16490,1,123
124,7.560280018546276,-5.930498759189369,6999,16490,1,124
125,3.002703650773652,-0.2625612446368919,7000,16490,1,125
126,-4.872433867639003,2.991967554313044,7001,16490,1,126
127,-6.000546672003693,-1.2074134062362525,7002,16490,1,127
128,-7.316771848563803,-9.37122771972416,7003,16490,1,128
129,5.673290936753993,4.784343055125479,7004,16490,1,129
130,-0.1583573513204683,1.9890602898413297,7005,16490,0,130
131,-8.794236400831663,-6.74329095774665,7006,16490,1,131
132,2.7294514206026026,2.283002679349336,7007,16490,1,132
133,-3.402519146739456,-1.756481816386291,7008,16490,1,133
134,0.0495808824338368,-4.06094834732444,7009,16490,0,134
135,1.0708962512928295,7.63801170575293,7010,16490,1,135
136,-4.134090459937958,2.837756202896633,7011,16490,1,136
137,-5.61894491670397,2.842989627687418,7012,16490,1,137
138,6.5711088919874605,-8.554878619577355,7013,16490,1,138
139,1.8602290067284384,4.620116785944862,7014,16490,1,139
140,5.985405476650932,3.790479319052928,7015,16490,1,140
141,7.445918979749319,8.740049731978068,7016,16490,1,141
142,-2.8667907204652714,-2.5950296302288383,7017,16490,1,142
143,7.124299442791095,-2.442349070991609,7018,16490,1,143
144,7.145975957239109,6.941008605109246,7019,16490,1,144
145,-3.923786505531133,-5.253338179980878,7020,16490,1,145
146,-8.82535564040751,3.5861824333169032,7021,16490,1,146
147,-4.074025975649276,-5.5592149223373895,7022,16490,1,147
148,-3.792339839589836,4.162048971355453,7023,16490,1,148
149,-2.142260920971788,5.998535312266981,7024,16490,1,149
150,8.760631997495882,5.343678243603435,7025,16490,1,150
151,-5.5504498706672445,-9.904127847219556,7026,16490,1,151
152,-5.697634352712992,7.297636518788707,7027,16490,1,152
153,-0.1402666926435518,-7.795303168477821,7028,16490,0,153
154,3.37307091232184,-0.1660849681860003,7029,16490,1,154
155,8.175770112544036,5.595480909455915,7030,16490,1,155
156,4.910180292044188,-7.343151176175278,7031,16490,1,156
157,-6.278164746435735,2.7619345658047862,7032,16490,1,157
158,-9.344670859064848,5.712583718595496,7033,16490,1,158
159,-1.5416175299410444,-7.241391822401373,7034,16490,1,159
160,-2.5157120190518256,-1.9059626860831909,7035,16490,1,160
161,-3.592186354604583,0.4236920784638958,7036,16490,1,161
162,-6.537235421262915,-8.535128289532386,7037,16490,1,162
163,-4.4789249273727005,-3.969827047593285,7038,16490,1,163
164,7.581919063285799,-4.01528718721506,7039,16490,1,164
165,3.037334548442544,6.177448614526991,7040,16490,1,165
166,-6.00155292341539,2.062295978732731,7041,16490,1,166
167,1.3697032584695457,9.75641188754446,7042,16490,1,167
168,-6.676086697154116,-5.660399938989372,7043,16490,1,168
169,4.382575814024722,7.904823396477482,7044,16490,1,169
170,1.8172098735439484,7.501060552126852,7045,16490,1,170
171,-0.7065881165385619,7.72857802640911,7046,16490,1,171
172,0.7112972229197467,-1.518191795895305,7047,16490,1,172
173,5.223512268854044,5.673038040684252,7048,16490,1,173
174,-0.9309090835704374,4.450649279506882,7049,16490,1,174
175,8.976162085315671,-5.755479588210505,7050,16490,1,175
176,7.097223948958021,-9.573246032331175,7051,16490,1,176
177,8.879979668797084,7.117862970720086,7052,16490,1,177
178,4.576308264859563,2.9680184219380656,7053,16490,1,178
179,-8.519482446883512,0.1832212816875529,7054,16490,1,179
180,4.3686890070415,9.305747047784912,7055,16490,1,180
181,7.954397991764178,0.8447728534459849,7056,16490,1,181
182,-0.9128328422311504,2.517013292112312,7057,16490,1,182
183,-3.958738746486508,4.115996749076532,7058,16490,1,183
184,-3.628099021267152,9.796812129345373,7059,16490,1,184
185,3.2137031098278754,2.3111701896860737,7060,16490,1,185
186,-5.587667623543178,4.890216841071149,7061,16490,1,186
187,5.485347339127989,-3.064093714829814,7062,16490,1,187
188,-1.9080137128742043,-7.10664726796852,7063,16490,1,188
189,-9.819410456692296,-2.783494805097318,7064,16490,1,189
190,-7.084393689762633,-6.43017384634531,7065,16490,1,190
191,1.6404459114334102,-2.315286743212111,7066,16490,1,191
192,8.870326967997425,0.0764436141031676,7067,16490,1,192
193,-2.1976195963551053,8.95538164078009,7068,16490,1,193
194,6.023051918749534,1.6735085395153355,7069,16490,1,194
195,-8.180960543055447,4.653039748465735,7070,16490,1,195
196,6.206770666078029,-3.1218059663065496,7071,16490,1,196
197,-1.1195935556803622,2.7034018948282856,7072,16490,1,197
198,7.396908960121543,-1.076509018660092,7073,16490,1,198
199,-7.795011359618327,5.054207245568772,7074,16490,1,199
200,9.33136197781274,-5.860769452863915,7075,16490,1,200
201,4.57298257186881,-3.5408344707690205,7076,16490,1,201
202,-5.354913530568524,8.595554941421359,7077,16490,1,202
203,-9.361100041232946,-7.084640793594126,7078,16490,1,203
204,-6.245375121740979,3.913806318410156,7079,16490,1,204
205,-2.2203062211213087,2.603930607537407,7080,16490,1,205
206,-6.793070475965304,5.514161077619804,7081,16490,1,206
207,3.5367009236126776,5.685590393998117,7082,16490,1,207
208,8.544993396579361,8.823734344673984,7083,16490,1,208
209,-4.143035789844243,2.4663726736052816,7084,16490,1,209
210,-6.090645309271084,8.31850699759024,7085,16490,1,210
211,4.418657012728108,-9.717425529488631,7086,16490,1,211
212,-0.6749991472736294,6.170018512471245,7087,16490,1,212
213,1.6520873090091095,4.590225117125069,7088,16490,1,213
214,-1.93950885446365,5.609791266165512,7089,16490,1,214
215,-0.5166707760277855,-4.151766038141407,7090,16490,1,215
216,-4.77281924477764,-5.350241610351518,7091,16490,1,216
217,3.055160532425633,-0.895458496527155,7092,16490,1,217
218,-1.9334084608635784,3.639733455926814,7093,16490,1,218
219,-5.799388578823699,-3.202991713691146,7094,16490,1,219
220,-9.19700533883756,7.093865728902713,7095,16490,1,220
221,-1.856899123792001,2.452320748205468,7096,16490,1,221
222,2.1758874662182865,-0.971793754099231,7097,16490,1,222
223,-2.1374828044472576,-1.8419779178975144,7098,16490,1,223
224,-1.7801915649296711,0.0964287325947843,7099,16490,1,224
225,1.7985017296544503,5.565598506261454,7100,16490,1,225
226,2.7362398161440904,-0.7447559903452898,7101,16490,1,226
227,7.86561236257706,5.366390195901175,7102,16490,1,227
228,1.011586292402395,8.30135461897352,7103,16490,1,228
229,-3.239361457708738,8.756696210198488,7104,16490,1,229
230,7.035244510939819,-5.373023121797964,7105,16490,1,230
231,-5.006990145353325,-5.047871023800628,7106,16490,1,231
232,-8.947515806118485,-4.303632035691392,7107,16490,1,232
233,7.705277448654655,-9.94857683447374,7108,16490,1,233
234,-2.3640080447153844,-6.15673757815816,7109,16490,1,234
235,9.75376679584918,-4.211704514785433,7110,16490,1,235
236,1.1000488447707806,1.7419997994968064,7111,16490,1,236
237,-5.459476943309238,0.7748859579210166,7112,16490,1,237
238,1.4504961451890337,-3.42642942976378,7113,16490,1,238
239,4.081899179655446,-8.773488639877007,7114,16490,1,239
240,-9.404165939417446,-6.597619584722936,7115,16490,1,240
241,-5.981968309993211,-4.616741517796001,7116,16490,1,241
242,1.3594283877091513,-1.2318037438101967,7117,16490,1,242
243,-5.078035838551265,3.958183645534387,7118,16490,1,243
244,5.81563455864204,-4.99634101409745,7119,16490,1,244
245,8.369819911943758,4.641852821761489,7120,16490,1,245
246,1.0146196929902516,-6.113956426248317,7121,16490,1,246
247,2.6726255958148077,-2.50880967936183,7122,16490,1,247
248,-1.0644184580327387,4.151302268995359,7123,16490,1,248
249,2.9339910330988754,-3.83340041049042,7124,16490,1,249
250,-9.460588072364695,9.90843212799685,7125,16490,1,250
251,3.954936924132678,-8.303557537061357,7126,16490,1,251
252,-4.561076376267752,5.334199418296684,7127,16490,1,252
253,-5.800764499412743,-9.056125940972295,7128,16490,1,253
254,3.918815013455241,2.1131061196329317,7129,16490,1,254
255,-8.10635696780222,0.7080095385916216,7130,16490,1,255
256,9.195876999348592,-4.628210334153737,7131,16490,1,256
257,7.193581813124904,-7.782893001267537,7132,16490,1,257
258,5.944672874325271,5.0157026870279005,7133,16490,1,258
259,1.3612633116676631,8.659090507919856,7134,16490,1,259
260,9.607542217004353,8.16563127512606,7135,16490,1,260
261,0.8939686790499515,-6.962966883491228,7136,16490,1,261
262,-5.997802462385735,-8.55611610429727,7137,16490,1,262
263,-8.829350173624032,0.5475750312078702,7138,16490,1,263
264,-3.943297216481378,-1.8807658400933391,7139,16490,1,264
265,5.111246210654644,-0.8299141344403616,7140,16490,1,265
266,8.204026236353432,-3.4333705749456094,7141,16490,1,266
267,4.690568244761408,-7.573961366852946,7142,16490,1,267
268,-3.1255632227740904,6.9146220977828605,7143,16490,1,268
269,-2.204907596779078,4.173937092670199,7144,16490,1,269
270,8.4729829212278,-3.4151676616577014,7145,16490,1,270
271,2.036676787551608,1.8155017718547448,7146,16490,1,271
272,-0.373701140580911,9.401214135957566,7147,16490,1,272
273,9.833092993387162,1.6062239437480643,7148,16490,1,273
274,4.654836586691243,3.5671807975712646,7149,16490,1,274
275,1.39325046303769,6.001093718782101,7150,16490,1,275
276,-4.530452737240706,-0.6742637148341313,7151,16490,1,276
277,0.0011530151831973,3.3268421588371417,7152,16490,0,277
278,-7.737690985589289,-1.0696926827706843,7153,16490,1,278
279,4.173876461625914,-5.522574245112432,7154,16490,1,279
280,-3.939019416995249,7.241102419632142,7155,16490,1,280
281,-8.498846337397637,-1.8291915159071357,7156,16490,1,281
282,3.291281547037378,-0.3564514601153394,7157,16490,1,282
283,4.027054577384387,3.229440414176686,7158,16490,1,283
284,2.1697113785072,7.74426772815389,7159,16490,1,284
285,-8.999904304053253,-4.986419407040719,7160,16490,1,285
286,9.652758597112877,-8.666742481743416,7161,16490,1,286
287,-2.154760450515396,3.416370091406801,7162,16490,1,287
288,6.811711089386282,6.760328068348787,7163,16490,1,288
289,-3.751786610747104,-1.680589676403656,7164,16490,1,289
290,0.5353809006770209,0.4433589486296867,7165,16490,1,290
291,8.842333858720242,1.9074343122128496,7166,16490,1,291
292,4.569481798293145,-0.7066502071483391,7167,16490,1,292
293,-1.044011041109263,0.434969239897109,7168,16490,1,293
294,-2.65384335219387,-5.90737468807353,7169,16490,1,294
295,-1.612355980835794,-6.220508992601048,7170,16490,1,295
296,-4.360045437705214,-1.20292973107542,7171,16490,1,296
297,5.970492210438467,8.053725686385206,7172,16490,1,297
298,-8.558710759722114,-3.763130354499575,7173,16490,1,298
299,-2.9297814963335167,-9.25151916878589,7174,16490,1,299
300,-0.6055965780422152,-9.523690546615835,7175,16490,1,300
301,2.451303185921517,-9.026665869377045,7176,16490,1,301
302,5.128653313430938,-7.301754485050989,7177,16490,1,302
303,5.476231414682042,-3.784441005026258,7178,16490,1,303
304,-7.534138032202239,-0.5379906057370825,7179,16490,1,304
305,2.070609953561757,4.449665519751878,7180,16490,1,305
306,0.1020041542148959,9.930508388654935,7181,16490,0,306
307,-3.642417809752746,-6.142978334133882,7182,16490,1,307
308,1.527882734489765,-8.042916755040647,7183,16490,1,308
309,4.290516967645985,0.7852213896479086,7184,16490,1,309
310,-4.807567349664524,6.849481174018084,7185,16490,1,310
311,-6.1266230616154616,-9.02540248502724,7186,16490,1,311
312,-4.025249390915815,-2.1501587179672965,7187,16490,1,312
313,-5.54390745661733,-3.038824459702858,7188,16490,1,313
314,9.312782426901272,-1.0985296963609503,7189,16490,1,314
315,-9.841178331714,3.916324209892668,7190,16490,1,315
316,8.976237715051823,6.919020233974752,7191,16490,1,316
317,6.738431649391735,5.832393296297834,7192,16490,1,317
318,2.031909022764109,-2.319063278342033,7193,16490,1,318
319,1.2620805933138346,0.4811428795186607,7194,16490,1,319
320,-5.054024117516185,-1.945493253508113,7195,16490,1,320
321,-0.2684746122301611,7.962881020940806,7196,16490,1,321
322,1.1820467154860577,4.731896663965731,7197,16490,1,322
323,2.166232914386825,-1.9240722111376467,7198,16490,1,323
324,-6.797502638162955,-0.3548798685579086,7199,16490,1,324
325,-1.7214380235984947,-6.444701789448279,7200,16490,1,325
326,0.7308568749344211,-4.4592152689482445,7201,16490,1,326
327,6.5636731454933255,-1.0390081774825646,7202,16490,1,327
328,-7.677403072217444,7.0151379946989145,7203,16490,1,328
329,-6.631544343234122,-2.677593642772371,7204,16490,1,329
330,4.704989030737988,-2.849617421835693,7205,16490,1,330
331,4.085759179589219,-0.6035464730659044,7206,16490,1,331
332,-6.440219943237735,3.06323940592954,7207,16490,1,332
333,5.37246533754576,0.6610832920001286,7208,16490,1,333
334,4.775747884381957,8.870559466168125,7209,16490,1,334
335,-3.821402084135004,0.6024006007791787,7210,16490,1,335
336,-2.834792834417696,-8.965051974081481,7211,16490,1,336
337,9.805490961841418,-0.7871676452219827,7212,16490,1,337
338,-3.862147408404129,-3.756632081743378,7213,16490,1,338
339,-2.2204617200397863,-5.450135241283352,7214,16490,1,339
340,5.928755583294137,3.8054375018155735,7215,16490,1,340
341,6.753223705141991,4.6149547590016375,7216,16490,1,341
342,-8.757758687639953,-1.262567898547598,7217,16490,1,342
343,2.8823451209185524,9.374498363551051,7218,16490,1,343
344,-1.2192890842591453,6.167676544310638,7219,16490,1,344
345,-2.5685994422047376,-0.3975803342537993,7220,16490,1,345
346,7.252787837886096,4.904580160645601,7221,16490,1,346
347,-6.990607174365479,-4.967060971169063,7222,16490,1,347
348,-1.1087719547941255,-1.8393317660827984,7223,16490,1,348
349,3.399847413934168,-4.7665263942208576,7224,16490,1,349
350,-2.3080807106379497,5.893075395254321,7225,16490,1,350
351,-4.087294370822785,-9.13030673719664,7226,16490,1,351
352,1.4076135159950915,-9.165323285508036,7227,16490,1,352
353,-0.7835079081304723,6.936437331205987,7228,16490,1,353
354,-0.229466737956228,0.9690939982628084,7229,16490,1,354
355,-8.619655185102427,-6.232765038010357,7230,16490,1,355
356,9.211734478264365,9.529138822212651,7231,16490,1,356
357,-6.723809596461166,-1.591091478594901,7232,16490,1,357
358,-3.047963527593904,6.770461407941259,7233,16490,1,358
359,-8.93428423389544,8.421995564149466,7234,16490,1,359
360,6.3725398427399575,-1.1993717186870256,7235,16490,1,360
361,-5.471163360139039,2.949132077940685,7236,16490,1,361
362,-8.043474100436113,-5.3588630900574135,7237,16490,1,362
363,3.0533908193916304,1.7628196616733316,7238,16490,1,363
364,-7.935482378705698,6.859598053666012,7239,16490,1,364
365,-8.507899617525304,8.84584227779812,7240,16490,1,365
366,-1.9024012897141065,4.240177880289993,7241,16490,1,366
367,2.4731919820355444,8.554968084822839,7242,16490,1,367
368,-2.0085815275667063,1.622706563722469,7243,16490,1,368
369,9.790935573686305,3.201614878834354,7244,16490,1,369
370,-8.185740903808592,0.2990486426387413,7245,16490,1,370
371,-1.2536319448480384,1.8210014332040387,7246,16490,1,371
372,4.624377085522767,-0.8213522054586502,7247,16490,1,372
373,-8.051268152039924,-5.775145205204073,7248,16490,1,373
374,9.982466476008696,-8.754801660539794,7249,16490,1,374
375,-1.71401344661337,3.761722301561738,7250,16490,1,375
376,7.007492405575725,7.297432726655227,7251,16490,1,376
377,4.650642249586745,-3.722975444338039,7252,16490,1,377
378,-1.167153129895777,-4.774246707175016,7253,16490,1,378
379,-1.1807384567429224,-0.7153405743486587,7254,16490,1,379
380,6.636328739172626,-0.683454010377929,7255,16490,1,380
381,3.507132946998308,-3.501277009418784,7256,16490,1,381
382,9.094886234544033,6.860379282575845,7257,16490,1,382
383,9.862387452511124,4.310720274900227,7258,16490,1,383
384,0.833464608629896,7.293993621876524,7259,16490,1,384
385,4.821730557391115,-8.141796054171891,7260,16490,1,385
386,-2.622461361560875,6.310237417021881,7261,16490,1,386
387,3.7039005446361823,0.0233927590901856,7262,16490,1,387
388,-4.857718737467813,4.416363367204523,7263,16490,1,388
389,7.493768663494752,8.359441035752837,7264,16490,1,389
390,2.174873385880975,0.5425030101013704,7265,16490,1,390
391,-5.688693599309262,5.772447403274201,7266,16490,1,391
392,3.1119673463473774,1.821298497409124,7267,16490,1,392
393,9.31538156279355,4.619849583491995,7268,16490,1,393
394,4.814615714885576,-8.50294604857794,7269,16490,1,394
395,-7.583911185705057,-0.2664491543003393,7270,16490,1,395
396,-8.449137257905656,1.401796951192896,7271,16490,1,396
397,5.553100604302447,-9.258075283597012,7272,16490,1,397
398,9.290126565444933,3.5328942738750904,7273,16490,1,398
399,2.9784054999539915,6.88595509449657,7274,16490,1,399
400,7.949046019804019,0.95933306251961,7275,16490,1,400
401,-8.054024313083342,-9.246179463448131,7276,16490,1,401
402,9.394252307385742,2.715694257399422,7277,16490,1,402
403,-1.3679543692378289,3.781384044223593,7278,16490,1,403
404,6.003175788107036,-0.442933116533176,7279,16490,1,404
405,-3.5178291645218174,6.707921318308038,7280,16490,1,405
406,7.56670143087533,-5.795952431558642,7281,16490,1,406
407,-0.8899758713215729,-9.4773082175682,7282,16490,1,407
408,2.649137144529508,8.702249545610265,7283,16490,1,408
409,8.025521710804714,0.654216141026291,7284,16490,1,409
410,-3.671295180037326,7.815360998347902,7285,16490,1,410
411,-8.583226210179355,-3.165257827404222,7286,16490,1,411
412,7.788300458065521,-4.015433728890447,7287,16490,1,412
413,0.7680561937606445,0.4151454814733704,7288,16490,1,413
414,-7.285311423285929,8.956843761612639,7289,16490,1,414
415,4.879173624294404,-9.2542910209635,7290,16490,1,415
416,-5.310147775921119,-6.417515569942727,7291,16490,1,416
417,3.629479600234181,1.9298371084543149,7292,16490,1,417
418,0.5193022115182977,6.962662609818178,7293,16490,1,418
419,6.380532551543322,-1.2684782236527408,7294,16490,1,419
420,-8.446463046077632,-9.643279191988034,7295,16490,1,420
421,-2.8862448523611395,1.069546437718035,7296,16490,1,421
422,9.201143229031889,2.303063996770117,7297,16490,1,422
423,9.068380766868902,-5.288688126543837,7298,16490,1,423
424,-3.882897306862379,8.144251857672199,7299,16490,1,424
425,6.531334020518337,-4.617149543293384,7300,16490,1,425
426,-7.304766064631922,-5.662111341272647,7301,16490,1,426
427,6.4274281698009865,3.6478334707858,7302,16490,1,427
428,-6.350436019949006,-9.87479198129984,7303,16490,1,428
429,6.040304014274632,-7.886067816387554,7304,16490,1,429
430,5.247275420847657,9.568175174212431,7305,16490,1,430
431,0.5187813243194022,1.5411277303958926,7306,16490,1,431
432,3.272046108495436,3.5533051419763595,7307,16490,1,432
433,3.887206037750431,-0.2822372873935901,7308,16490,1,433
434,-8.60200960520566,-8.067502266811085,7309,16490,1,434
435,-9.887011283346798,0.2247745847246012,7310,16490,1,435
436,-5.916833591375803,4.284062509026196,7311,16490,1,436
437,5.429458151928813,-7.6216795680695455,7312,16490,1,437
438,-5.6491352370150905,0.5936288823788427,7313,16490,1,438
439,-6.385180828867078,0.5098784958410736,7314,16490,1,439
440,-8.06881705282841,-9.507548319432347,7315,16490,1,440
441,-3.817606753748864,-3.255253739433208,7316,16490,1,441
442,9.38411432667931,-5.833693108287799,7317,16490,1,442
443,-9.585697627822857,8.295428585695962,7318,16490,1,443
444,3.875451516739128,-3.723516136603431,7319,16490,1,444
445,5.412367035002498,4.122382479006364,7320,16490,1,445
446,4.101852182362208,1.1545132480842497,7321,16490,1,446
447,-1.374996890021766,3.8891903216968906,7322,16490,1,447
448,-9.442118689354214,-8.944337315273923,7323,16490,1,448
449,2.299235986790197,7.9772732775831585,7324,16490,1,449
450,6.741422488439998,4.06653728230272,7325,16490,1,450
451,-1.959995766210964,-7.083922092870187,7326,16490,1,451
452,5.658124460870571,-2.821008528615112,7327,16490,1,452
453,-9.850308790076298,-3.0209700892801905,7328,16490,1,453
454,0.4207050728331687,1.460610402590918,7329,16490,1,454
455,-0.108830972666043,-6.196588584208989,7330,16490,0,455
456,-8.060741301251754,0.0943176508001837,7331,16490,1,456
457,-5.170646711980318,4.329290752569241,7332,16490,1,457
458,8.640851388203114,7.338027926137247,7333,16490,1,458
459,-1.1585279070412362,5.750253755610794,7334,16490,1,459
460,5.596254676226224,0.2527938487087429,7335,16490,1,460
461,-3.785490453130331,3.5376825427183967,7336,16490,1,461
462,-8.918835120295874,7.471125197142776,7337,16490,1,462
463,6.765494808636767,3.4422793738217834,7338,16490,1,463
464,9.6112384911381,4.438982629994346,7339,16490,1,464
465,7.203995061642488,-3.4507652871222128,7340,16490,1,465
466,9.471232203039849,-4.545230133664317,7341,16490,1,466
467,2.0193030267423038,-1.265679774962221,7342,16490,1,467
468,3.9225344513784144,9.605286408353416,7343,16490,1,468
469,-4.461712718905919,-2.5672504366162947,7344,16490,1,469
470,4.1869072129982285,1.0200267002760768,7345,16490,1,470
471,-4.7365202317314825,-6.375776860774609,7346,16490,1,471
472,-4.792254376590495,5.123804997611593,7347,16490,1,472
473,7.845342559172082,6.047686320567454,7348,16490,1,473
474,3.2628116485079204,-4.892602816970215,7349,16490,1,474
475,-7.045817475436474,8.455168947213153,7350,16490,1,475
476,-1.7931675488221863,-6.132660405153132,7351,16490,1,476
477,8.161917073553486,-3.78114633996324,7352,16490,1,477
478,4.487130623493577,2.982341224479356,7353,16490,1,478
479,-4.41185484176621,7.828676062703323,7354,16490,1,479
480,-9.864701317792337,-3.1386465271274915,7355,16490,1,480
481,-5.345337957835248,-5.668535528963885,7356,16490,1,481
482,-4.00823718531824,-1.569335739431736,7357,16490,1,482
483,2.083346630330423,-6.542774249535821,7358,16490,1,483
484,3.749706365352868,-1.5006996313482528,7359,16490,1,484
485,-0.9264208730806408,6.05272804568553,7360,16490,1,485
486,7.11799949868341,-2.627721041752502,7361,16490,1,486
487,-4.121791822864274,-7.752366422568397,7362,16490,1,487
488,2.772944734993013,-3.9990671185917455,7363,16490,1,488
489,-3.278737774922691,-7.178384161983511,7364,16490,1,489
490,-8.571248061146129,2.090166797893719,7365,16490,1,490
491,1.3731492395943228,-8.5958218170701,7366,16490,1,491
492,2.184692179395748,5.213535488345055,7367,16490,1,492
493,6.950679902510487,0.2462824652570781,7368,16490,1,493
494,1.2776778406519291,7.793565447111934,7369,16490,1,494
495,7.330707740691437,7.464337506514667,7370,16490,1,495
496,6.530586500403508,4.126046696339591,7371,16490,1,496
497,-0.0969140303404518,-0.6234157476295277,7372,16490,0,497
498,-5.9654819679779125,-5.198233653295219,7373,16490,1,498
499,2.210138905363223,-1.9447774338564356,7374,16490,1,499
500,9.904449077420136,-1.7353383989824265,7375,16490,1,500
501,-7.332595254502299,-1.5193330113042336,7376,16490,1,501
502,8.859189780337847,4.575126378415391,7377,16490,1,502
503,-8.510761921735561,-4.992094020230537,7378,16490,1,503
504,-3.9370960658001657,6.372066217315751,7379,16490,1,504
505,-3.7773726547143305,-0.6558454605034427,7380,16490,1,505
506,7.036299361406151,5.92684749074559,7381,16490,1,506
507,8.486042817243458,-3.883751449963624,7382,16490,1,507
508,-4.92277026545453,-7.381448434956841,7383,16490,1,508
509,0.4635357589444133,-9.29471138102361,7384,16490,1,509
510,9.412875427208633,6.5757760815074455,7385,16490,1,510
511,5.896111789825786,2.0400626533558235,7386,16490,1,511
512,-1.43031434357831,4.85897437964522,7387,16490,1,512
513,5.322221017738178,-9.916235994369432,7388,16490,1,513
514,0.3783385444943121,-6.07352852554264,7389,16490,1,514
515,9.755408396529743,8.700586205891362,7390,16490,1,515
516,-9.653466327521304,0.910137396376726,7391,16490,1,516
517,-3.301656194073188,-9.260956473495114,7392,16490,1,517
518,-6.358194735296776,-9.533271417892166,7393,16490,1,518
519,5.799968247816432,7.423525052458643,7394,16490,1,519
520,-9.89250711445415,-2.995949679489076,7395,16490,1,520
521,-4.928842980304509,-1.4827389153172543,7396,16490,1,521
522,-3.6823250612844287,1.400962461222102,7397,16490,1,522
523,-2.058473872020397,0.9658951178852532,7398,16490,1,523
524,-5.90052520327114,-0.0013681347538749,7399,16490,1,524
525,-8.578325224969085,0.1601904868352637,7400,16490,1,525
526,-1.607840824118373,-1.3959935821524248,7401,16490,1,526
527,-9.804623679721526,-2.4944004432861755,7402,16490,1,527
528,-4.4085950869800605,6.202599952082302,7403,16490,1,528
529,-9.308214427533958,0.8626085683200095,7404,16490,1,529
530,6.627368423770548,-2.216647316860736,7405,16490,1,530
531,0.6018669601003594,0.3282799727772172,7406,16490,1,531
532,-0.7321200038111968,-8.483531981005425,7407,16490,1,532
533,-2.515342858829797,0.9508904333529262,7408,16490,1,533
534,-1.606709492834879,8.809251603561801,7409,16490,1,534
535,-4.416769710466535,6.161721119898321,7410,16490,1,535
536,-7.501635646675455,8.929928362080876,7411,16490,1,536
537,4.909019595227003,4.706348136196578,7412,16490,1,537
538,5.398305814556888,-9.899402283326618,7413,16490,1,538
539,7.10214866343938,2.9389935786895105,7414,16490,1,539
540,-0.5566371167578783,-4.002964048365167,7415,16490,1,540
541,-7.457474544063563,2.2589827348562146,7416,16490,1,541
542,4.629251473728592,-4.534047923919903,7417,16490,1,542
543,8.575621257263187,-5.406376394040304,7418,16490,1,543
544,-4.561111759732484,6.761554330955555,7419,16490,1,544
545,4.727950368069347,1.9080650110136297,7420,16490,1,545
546,-9.09173616821027,6.210519232311633,7421,16490,1,546
547,-4.9746114009068965,-6.189422561976043,7422,16490,1,547
548,4.759422549790241,-2.8725603640409547,7423,16490,1,548
549,2.9486532902825395,6.57843951100363,7424,16490,1,549
550,-4.9292890547515045,-2.7543259845508983,7425,16490,1,550
551,-1.030844743922685,6.680033750021405,7426,16490,1,551
552,-6.208394335479966,-2.7183106465279323,7427,16490,1,552
553,8.861794591282678,-7.569689906089991,7428,16490,1,553
554,-8.262862583731083,5.557260931794939,7429,16490,1,554
555,1.6760353255770395,-7.326909940558457,7430,16490,1,555
556,-9.233185021443129,-8.385494073235808,7431,16490,1,556
557,1.0565918443642437,-1.389348106905647,7432,16490,1,557
558,-4.028531640746131,-6.638287786806929,7433,16490,1,558
559,9.480058456990786,1.3701044515772836,7434,16490,1,559
560,-3.030608811531565,9.404127717950036,7435,16490,1,560
561,-5.318688346649447,-1.883952079939192,7436,16490,1,561
562,-8.7085522534071,4.7811405797795725,7437,16490,1,562
563,-9.223406063643896,1.2136823861656223,7438,16490,1,563
564,2.66656861521599,-2.425294890902996,7439,16490,1,564
565,-1.1281146303409957,-3.976713195866375,7440,16490,1,565
566,-5.46001700601467,9.922411552825768,7441,16490,1,566
567,-9.26914640668608,5.2957585812095775,7442,16490,1,567
568,8.00301037884627,3.07382554299849,7443,16490,1,568
569,-0.6063015743772109,-1.4180743388477275,7444,16490,1,569
570,-8.538590671022352,1.66264364156617,7445,16490,1,570
571,-0.6361856050015451,-0.1899756733870727,7446,16490,1,571
572,-4.13543710645051,-7.661668552176282,7447,16490,1,572
573,2.4218344002710346,-6.098831566406702,7448,16490,1,573
574,7.040761056806566,7.727786718944657,7449,16490,1,574
575,5.282114565429444,-8.995507191892338,7450,16490,1,575
576,1.225682148788101,8.530276911460096,7451,16490,1,576
577,9.332245265644794,-5.124699269219954,7452,16490,1,577
578,-5.736089956434512,-1.1620425312815374,7453,16490,1,578
579,-4.968515008227559,-1.678770303332236,7454,16490,1,579
580,7.289334786448226,-2.850961314452631,7455,16490,1,580
581,8.471760264788998,-7.820104832324453,7456,16490,1,581
582,-4.51050755377175,-9.10735148189579,7457,16490,1,582
583,3.868793227675532,-6.9882530721877085,7458,16490,1,583
584,5.637512448257178,-6.212266558860127,7459,16490,1,584
585,0.8683518432920412,-7.215976772917148,7460,16490,1,585
586,8.224282711017551,1.3350419279879606,7461,16490,1,586
587,0.8784154932144599,-9.49625871722128,7462,16490,1,587
588,-0.8304453872763133,7.73562478773594,7463,16490,1,588
589,-9.190930614139308,9.312265041852536,7464,16490,1,589
590,3.0153863678357613,2.245464535946507,7465,16490,1,590
591,-2.231569746393629,4.162419220526774,7466,16490,1,591
592,-7.744649359076035,6.268182257342069,7467,16490,1,592
593,-9.434705100724898,2.734328287565752,7468,16490,1,593
594,-8.627438263474245,-0.1205377735363928,7469,16490,1,594
595,8.278860337141161,1.076367833614542,7470,16490,1,595
596,-9.702701863114102,-4.461098493734223,7471,16490,1,596
597,7.935640847044041,-5.11461028090431,7472,16490,1,597
598,-5.726087640249522,-9.09983862890165,7473,16490,1,598
599,6.713157843802296,4.422195325893449,7474,16490,1,599
600,2.995928925804021,0.8805653738637922,7475,16490,1,600
601,-8.725725893946638,5.210920092773051,7476,16490,1,601
602,-3.7217517490585017,6.771881298465299,7477,16490,1,602
603,9.193964950496357,1.2105779059567627,7478,16490,1,603
604,-0.2840693553060838,9.83065832773239,7479,16490,1,604
605,0.833879935159576,-5.109250746546953,7480,16490,1,605
606,-1.1723104673462537,-7.271816411444987,7481,16490,1,606
607,-6.463167243939831,-9.574698680096956,7482,16490,1,607
608,-6.5321342887555245,-4.719630094656548,7483,16490,1,608
609,-5.159648791770735,-4.546997509034263,7484,16490,1,609
610,-8.892213222201477,4.905212960722064,7485,16490,1,610
611,-1.0789995218825954,5.350090365096168,7486,16490,1,611
612,-3.4802844456169213,4.699788948131509,7487,16490,1,612
613,-6.020906217006987,-5.338199574834359,7488,16490,1,613
614,-0.7402008374644105,8.45287160826134,7489,16490,1,614
615,-3.3939893268893755,8.887855504000807,7490,16490,1,615
616,5.784888383472479,-1.296766442087165,7491,16490,1,616
617,-6.446582421273021,-9.983137620453212,7492,16490,1,617
618,6.366293168599931,4.205167561063384,7493,16490,1,618
619,9.511970323485794,1.60333023283356,7494,16490,1,619
620,-6.909797305782419,8.786096051983524,7495,16490,1,620
621,1.8624558018303572,-6.5347797695778365,7496,16490,1,621
622,-2.823549129306504,9.240804620463926,7497,16490,1,622
623,1.273023084072717,-0.2856558284552619,7498,16490,1,623
624,5.819564650174534,6.369377906176382,7499,16490,1,624
0,-7.111071509909519,6.984151073529194,7500,16496,1,0
1,-6.691927199752046,-2.8362384677871777,7501,16496,1,1
2,-1.019519097601167,9.31777196328953,7502,16496,1,2
3,5.2019774870653706,8.608183358143538,7503,16496,1,3
4,5.047386231180743,-6.321863741173351,7504,16496,1,4
5,-8.845886732006011,6.508368681884647,7505,16496,1,5
6,-7.121969974128685,-5.166272667908379,7506,16496,1,6
7,-7.16354062485637,-6.464960586775739,7507,16496,1,7
8,5.262489414526785,9.34032622439484,7508,16496,1,8
9,5.182338863934062,-9.597456544076612,7509,16496,1,9
10,7.714649293708181,-1.1464052732859091,7510,16496,1,10
11,-2.3779558201660755,6.126562816124284,7511,16496,1,11
12,-5.294579005341713,-2.916623288007328,7512,16496,1,12
13,-7.178673421680952,0.0880729262986683,7513,16496,1,13
14,7.367195415184842,-0.6437098407473822,7514,16496,1,14
15,-8.29930472043438,4.638502444871991,7515,16496,1,15
16,4.720689410833474,5.047926513693133,7516,16496,1,16
17,-0.4307935901731756,5.253417875990527,7517,16496,1,17
18,3.369497370561838,-2.778832447521322,7518,16496,1,18
19,8.599841441936501,-3.851309397257081,7519,16496,1,19
20,-0.7103790048968968,-2.163716258433248,7520,16496,1,20
21,-7.506045954098344,-5.962634159794251,7521,16496,1,21
22,8.801281055979896,-7.7625097308611934,7522,16496,1,22
23,7.211056926013263,4.344826717491507,7523,16496,1,23
24,-5.172841351038258,2.722101152693705,7524,16496,1,24
25,3.773367057300643,-3.875608026706927,7525,16496,1,25
26,-1.9325135112765128,-3.0362051871766,7526,16496,1,26
27,-1.8721351408021287,-6.821060412874593,7527,16496,1,27
28,0.0777945673031865,-4.010117058414648,7528,16496,0,28
29,6.036818020250582,4.31599877302002,7529,16496,1,29
30,3.3621001034034865,-6.984542630285406,7530,16496,1,30
31,2.008770880594895,0.3183229641749214,7531,16496,1,31
32,1.0566720594499923,3.716151443687908,7532,16496,1,32
33,-4.960910949428065,5.368801257511695,7533,16496,1,33
34,6.887944159119094,-5.601075732895469,7534,16496,1,34
35,-8.570067440887549,-8.68765598818177,7535,16496,1,35
36,5.859091891293655,6.848707296588636,7536,16496,1,36
37,7.512120281177417,-5.148991131723568,7537,16496,1,37
38,5.240373554781844,0.2040724691777349,7538,16496,1,38
39,1.980124447421776,3.8603841178729255,7539,16496,1,39
40,9.064761927033535,5.07514278334294,7540,16496,1,40
41,-7.883579524072748,7.105051720531716,7541,16496,1,41
42,-9.942991131212809,-6.151822564812994,7542,16496,1,42
43,5.539956146488665,-3.807591143099347,7543,16496,1,43
44,9.60173966169291,-2.3269406152970245,7544,16496,1,44
45,1.5616464747866026,-5.601562959539423,7545,16496,1,45
46,-6.824370908951787,6.837266993615327,7546,16496,1,46
47,8.271673701284161,-1.823405308602652,7547,16496,1,47
48,-7.397834114316046,7.301592253007737,7548,16496,1,48
49,-2.485004877038934,-1.9092138245208223,7549,16496,1,49
50,-4.526897922801718,3.0238821760903445,7550,16496,1,50
51,4.2748174850034495,-1.93925994506526,7551,16496,1,51
52,6.637076447902974,6.541492214401842,7552,16496,1,52
53,1.1136886788806084,9.479259447907737,7553,16496,1,53
54,-0.4744919875511684,-2.777312361559443,7554,16496,1,54
55,2.2334604001509675,-6.37974833028127,7555,16496,1,55
56,-8.382491497676003,0.7817391984052886,7556,16496,1,56
57,-6.579214866971417,5.799243384419929,7557,16496,1,57
58,-7.839764934863791,-2.591630786923876,7558,16496,1,58
59,-7.001607445197459,-9.35473749618663,7559,16496,1,59
60,-4.2531958939643495,6.8217555219092,7560,16496,1,60
61,-5.726581679029139,-8.752532421653296,7561,16496,1,61
62,-2.590552795790904,5.843248360886651,7562,16496,1,62
63,-3.5652759702860592,5.110570881449894,7563,16496,1,63
64,5.942730329697989,4.791285261832293,7564,16496,1,64
65,4.084058414658646,6.401542276889479,7565,16496,1,65
66,-7.625116246421242,-2.625002403469667,7566,16496,1,66
67,6.347278611314756,-2.4015085093861988,7567,16496,1,67
68,5.273930731198547,-1.9405560076686277,7568,16496,1,68
69,-0.8255785186696212,-7.434609707200705,7569,16496,1,69
70,4.028969909064962,-9.652181399036577,7570,16496,1,70
71,7.329871199225849,-3.695476930039776,7571,16496,1,71
72,8.434272450204162,6.334699571487079,7572,16496,1,72
73,-4.585845280549091,2.517407975257948,7573,16496,1,73
74,1.6287909003002363,-3.807482262916509,7574,16496,1,74
75,-0.3489358388548584,-9.413316213161442,7575,16496,1,75
76,-0.9201115082137096,-6.648980045850181,7576,16496,1,76
77,-5.222335894142653,-5.55078297993435,7577,16496,1,77
78,-6.106802703400296,-1.483829641811628,7578,16496,1,78
79,6.4233197631268695,-2.719970157462201,7579,16496,1,79
80,3.712253319761565,-8.35895837654055,7580,16496,1,80
81,-8.136592918589455,9.581530148324408,7581,16496,1,81
82,0.788327051301172,0.3513259554028369,7582,16496,1,82
83,-4.015465295844436,3.714035277764333,7583,16496,1,83
84,0.0793831346034164,6.629609904696544,7584,16496,0,84
85,-5.021296365474328,3.979367782166507,7585,16496,1,85
86,-9.020524127180549,7.900606736278423,7586,16496,1,86
87,0.5824528284492203,-0.4486843692217803,7587,16496,1,87
88,1.2746898729413907,-9.537327921084076,7588,16496,1,88
89,8.989315567045871,5.006820327398522,7589,16496,1,89
90,7.06508969196469,-7.913291151186197,7590,16496,1,90
91,-4.13523501021559,0.6254332859623464,7591,16496,1,91
92,0.0235579265994623,7.721315056979428,7592,16496,0,92
93,-0.5194455762465804,0.9967027006415244,7593,16496,1,93
94,7.686707537287155,5.495481771649418,7594,16496,1,94
95,2.460121940851881,-0.7399662832901317,7595,16496,1,95
96,-4.981011053860116,-9.078134812583,7596,16496,1,96
97,8.98639602313375,6.794495337232952,7597,16496,1,97
98,9.711013117681876,9.20315699773155,7598,16496,1,98
99,-6.762957773112936,2.172152376184167,7599,16496,1,99
100,8.648196616762093,-5.822833863932839,7600,16496,1,100
101,6.431737721289231,0.820881495797714,7601,16496,1,101
102,0.6602362081138207,1.445855625080256,7602,16496,1,102
103,0.2834020367396839,0.0165167414502587,7603,16496,1,103
104,0.4513394368894925,5.650358468233474,7604,16496,1,104
105,-2.276004762926222,-7.531148609451563,7605,16496,1,105
106,-1.9839311563929505,-4.728580785352259,7606,16496,1,106
107,-5.987189443827587,-9.542439654654917,7607,16496,1,107
108,-0.6123358877669176,5.031836588565053,7608,16496,1,108
109,-1.9454500493857625,-9.626775906945364,7609,16496,1,109
110,-5.176309600142909,-1.194971727809012,7610,16496,1,110
111,-9.096735152820354,-7.715128571886134,7611,16496,1,111
112,9.158782088908795,2.9511134691823067,7612,16496,1,112
113,7.1299555113593485,-3.613261977511901,7613,16496,1,113
114,-5.5035293431097365,2.19178123329694,7614,16496,1,114
115,0.2568473821302479,-6.913690923761351,7615,16496,1,115
116,-2.586547681253002,-7.250570376527142,7616,16496,1,116
117,1.2837346069832645,0.6294629322912364,7617,16496,1,117
118,5.803922835328585,-8.375753105114379,7618,16496,1,118
119,-5.058666865970638,1.658375438029026,7619,16496,1,119
120,1.5920270567297052,1.1577514914120286,7620,16496,1,120
121,6.538474973559165,2.1815854956641,7621,16496,1,121
122,1.6025917782971728,2.7924495919985723,7622,16496,1,122
123,2.2502800585627707,2.179114523608096,7623,16496,1,123
124,7.560280018546276,-5.930498759189369,7624,16496,1,124
125,3.002703650773652,-0.2625612446368919,7625,16496,1,125
126,-4.872433867639003,2.991967554313044,7626,16496,1,126
127,-6.000546672003693,-1.2074134062362525,7627,16496,1,127
128,-7.316771848563803,-9.37122771972416,7628,16496,1,128
129,5.673290936753993,4.784343055125479,7629,16496,1,129
130,-0.1583573513204683,1.9890602898413297,7630,16496,0,130
131,-8.794236400831663,-6.74329095774665,7631,16496,1,131
132,2.7294514206026026,2.283002679349336,7632,16496,1,132
133,-3.402519146739456,-1.756481816386291,7633,16496,1,133
134,0.0495808824338368,-4.06094834732444,7634,16496,0,134
135,1.0708962512928295,7.63801170575293,7635,16496,1,135
136,-4.134090459937958,2.837756202896633,7636,16496,1,136
137,-5.61894491670397,2.842989627687418,7637,16496,1,137
138,6.5711088919874605,-8.554878619577355,7638,16496,1,138
139,1.8602290067284384,4.620116785944862,7639,16496,1,139
140,5.985405476650932,3.790479319052928,7640,16496,1,140
141,7.445918979749319,8.740049731978068,7641,16496,1,141
142,-2.8667907204652714,-2.5950296302288383,7642,16496,1,142
143,7.124299442791095,-2.442349070991609,7643,16496,1,143
144,7.145975957239109,6.941008605109246,7644,16496,1,144
145,-3.923786505531133,-5.253338179980878,7645,16496,1,145
146,-8.82535564040751,3.5861824333169032,7646,16496,1,146
147,-4.074025975649276,-5.5592149223373895,7647,16496,1,147
148,-3.792339839589836,4.162048971355453,7648,16496,1,148
149,-2.142260920971788,5.998535312266981,7649,16496,1,149
150,8.760631997495882,5.343678243603435,7650,16496,1,150
151,-5.5504498706672445,-9.904127847219556,7651,16496,1,151
152,-5.697634352712992,7.297636518788707,7652,16496,1,152
153,-0.1402666926435518,-7.795303168477821,7653,16496,0,153
154,3.37307091232184,-0.1660849681860003,7654,16496,1,154
155,8.175770112544036,5.595480909455915,7655,16496,1,155
156,4.910180292044188,-7.343151176175278,7656,16496,1,156
157,-6.278164746435735,2.7619345658047862,7657,16496,1,157
158,-9.344670859064848,5.712583718595496,7658,16496,1,158
159,-1.5416175299410444,-7.241391822401373,7659,16496,1,159
160,-2.5157120190518256,-1.9059626860831909,7660,16496,1,160
161,-3.592186354604583,0.4236920784638958,7661,16496,1,161
162,-6.537235421262915,-8.535128289532386,7662,16496,1,162
163,-4.4789249273727005,-3.969827047593285,7663,16496,1,163
164,7.581919063285799,-4.01528718721506,7664,16496,1,164
165,3.037334548442544,6.177448614526991,7665,16496,1,165
166,-6.00155292341539,2.062295978732731,7666,16496,1,166
167,1.3697032584695457,9.75641188754446,7667,16496,1,167
168,-6.676086697154116,-5.660399938989372,7668,16496,1,168
169,4.382575814024722,7.904823396477482,7669,16496,1,169
170,1.8172098735439484,7.501060552126852,7670,16496,1,170
171,-0.7065881165385619,7.72857802640911,7671,16496,1,171
172,0.7112972229197467,-1.518191795895305,7672,16496,1,172
173,5.223512268854044,5.673038040684252,7673,16496,1,173
174,-0.9309090835704374,4.450649279506882,7674,16496,1,174
175,8.976162085315671,-5.755479588210505,7675,16496,1,175
176,7.097223948958021,-9.573246032331175,7676,16496,1,176
177,8.879979668797084,7.117862970720086,7677,16496,1,177
178,4.576308264859563,2.9680184219380656,7678,16496,1,178
179,-8.519482446883512,0.1832212816875529,7679,16496,1,179
180,4.3686890070415,9.305747047784912,7680,16496,1,180
181,7.954397991764178,0.8447728534459849,7681,16496,1,181
182,-0.9128328422311504,2.517013292112312,7682,16496,1,182
183,-3.958738746486508,4.115996749076532,7683,16496,1,183
184,-3.628099021267152,9.796812129345373,7684,16496,1,184
185,3.2137031098278754,2.3111701896860737,7685,16496,1,185
186,-5.587667623543178,4.890216841071149,7686,16496,1,186
187,5.485347339127989,-3.064093714829814,7687,16496,1,187
188,-1.9080137128742043,-7.10664726796852,7688,16496,1,188
189,-9.819410456692296,-2.783494805097318,7689,16496,1,189
190,-7.084393689762633,-6.43017384634531,7690,16496,1,190
191,1.6404459114334102,-2.315286743212111,7691,16496,1,191
192,8.870326967997425,0.0764436141031676,7692,16496,1,192
193,-2.1976195963551053,8.95538164078009,7693,16496,1,193
194,6.023051918749534,1.6735085395153355,7694,16496,1,194
195,-8.180960543055447,4.653039748465735,7695,16496,1,195
196,6.206770666078029,-3.1218059663065496,7696,16496,1,196
197,-1.1195935556803622,2.7034018948282856,7697,16496,1,197
198,7.396908960121543,-1.076509018660092,7698,16496,1,198
199,-7.795011359618327,5.054207245568772,7699,16496,1,199
200,9.33136197781274,-5.860769452863915,7700,16496,1,200
201,4.57298257186881,-3.5408344707690205,7701,16496,1,201
202,-5.354913530568524,8.595554941421359,7702,16496,1,202
203,-9.361100041232946,-7.084640793594126,7703,16496,1,203
204,-6.245375121740979,3.913806318410156,7704,16496,1,204
205,-2.2203062211213087,2.603930607537407,7705,16496,1,205
206,-6.793070475965304,5.514161077619804,7706,16496,1,206
207,3.5367009236126776,5.685590393998117,7707,16496,1,207
208,8.544993396579361,8.823734344673984,7708,16496,1,208
209,-4.143035789844243,2.4663726736052816,7709,16496,1,209
210,-6.090645309271084,8.31850699759024,7710,16496,1,210
211,4.418657012728108,-9.717425529488631,7711,16496,1,211
212,-0.6749991472736294,6.170018512471245,7712,16496,1,212
213,1.6520873090091095,4.590225117125069,7713,16496,1,213
214,-1.93950885446365,5.609791266165512,7714,16496,1,214
215,-0.5166707760277855,-4.151766038141407,7715,16496,1,215
216,-4.77281924477764,-5.350241610351518,7716,16496,1,216
217,3.055160532425633,-0.895458496527155,7717,16496,1,217
218,-1.9334084608635784,3.639733455926814,7718,16496,1,218
219,-5.799388578823699,-3.202991713691146,7719,16496,1,219
220,-9.19700533883756,7.093865728902713,7720,16496,1,220
221,-1.856899123792001,2.452320748205468,7721,16496,1,221
222,2.1758874662182865,-0.971793754099231,7722,16496,1,222
223,-2.1374828044472576,-1.8419779178975144,7723,16496,1,223
224,-1.7801915649296711,0.0964287325947843,7724,16496,1,224
225,1.7985017296544503,5.565598506261454,7725,16496,1,225
226,2.7362398161440904,-0.7447559903452898,7726,16496,1,226
227,7.86561236257706,5.366390195901175,7727,16496,1,227
228,1.011586292402395,8.30135461897352,7728,16496,1,228
229,-3.239361457708738,8.756696210198488,7729,16496,1,229
230,7.035244510939819,-5.373023121797964,7730,16496,1,230
231,-5.006990145353325,-5.047871023800628,7731,16496,1,231
232,-8.947515806118485,-4.303632035691392,7732,16496,1,232
233,7.705277448654655,-9.94857683447374,7733,16496,1,233
234,-2.3640080447153844,-6.15673757815816,7734,16496,1,234
235,9.75376679584918,-4.211704514785433,7735,16496,1,235
236,1.1000488447707806,1.7419997994968064,7736,16496,1,236
237,-5.459476943309238,0.7748859579210166,7737,16496,1,237
238,1.4504961451890337,-3.42642942976378,7738,16496,1,238
239,4.081899179655446,-8.773488639877007,7739,16496,1,239
240,-9.404165939417446,-6.597619584722936,7740,16496,1,240
241,-5.981968309993211,-4.616741517796001,7741,16496,1,241
242,1.3594283877091513,-1.2318037438101967,7742,16496,1,242
243,-5.078035838551265,3.958183645534387,7743,16496,1,243
244,5.81563455864204,-4.99634101409745,7744,16496,1,244
245,8.369819911943758,4.641852821761489,7745,16496,1,245
246,1.0146196929902516,-6.113956426248317,7746,16496,1,246
247,2.6726255958148077,-2.50880967936183,7747,16496,1,247
248,-1.0644184580327387,4.151302268995359,7748,16496,1,248
249,2.9339910330988754,-3.83340041049042,7749,16496,1,249
250,-9.460588072364695,9.90843212799685,7750,16496,1,250
251,3.954936924132678,-8.303557537061357,7751,16496,1,251
252,-4.561076376267752,5.334199418296684,7752,16496,1,252
253,-5.800764499412743,-9.056125940972295,7753,16496,1,253
254,3.918815013455241,2.1131061196329317,7754,16496,1,254
255,-8.10635696780222,0.7080095385916216,7755,16496,1,255
256,9.195876999348592,-4.628210334153737,7756,16496,1,256
257,7.193581813124904,-7.782893001267537,7757,16496,1,257
258,5.944672874325271,5.0157026870279005,7758,16496,1,258
259,1.3612633116676631,8.659090507919856,7759,16496,1,259
260,9.607542217004353,8.16563127512606,7760,16496,1,260
261,0.8939686790499515,-6.962966883491228,7761,16496,1,261
262,-5.997802462385735,-8.55611610429727,7762,16496,1,262
263,-8.829350173624032,0.5475750312078702,7763,16496,1,263
264,-3.943297216481378,-1.8807658400933391,7764,16496,1,264
265,5.111246210654644,-0.8299141344403616,7765,16496,1,265
266,8.204026236353432,-3.4333705749456094,7766,16496,1,266
267,4.690568244761408,-7.573961366852946,7767,16496,1,267
268,-3.1255632227740904,6.9146220977828605,7768,16496,1,268
269,-2.204907596779078,4.173937092670199,7769,16496,1,269
270,8.4729829212278,-3.4151676616577014,7770,16496,1,270
271,2.036676787551608,1.8155017718547448,7771,16496,1,271
272,-0.373701140580911,9.401214135957566,7772,16496,1,272
273,9.833092993387162,1.6062239437480643,7773,16496,1,273
274,4.654836586691243,3.5671807975712646,7774,16496,1,274
275,1.39325046303769,6.001093718782101,7775,16496,1,275
276,-4.530452737240706,-0.6742637148341313,7776,16496,1,276
277,0.0011530151831973,3.3268421588371417,7777,16496,0,277
278,-7.737690985589289,-1.0696926827706843,7778,16496,1,278
279,4.173876461625914,-5.522574245112432,7779,16496,1,279
280,-3.939019416995249,7.241102419632142,7780,16496,1,280
281,-8.498846337397637,-1.8291915159071357,7781,16496,1,281
282,3.291281547037378,-0.3564514601153394,7782,16496,1,282
283,4.027054577384387,3.229440414176686,7783,16496,1,283
284,2.1697113785072,7.74426772815389,7784,16496,1,284
285,-8.999904304053253,-4.986419407040719,7785,16496,1,285
286,9.652758597112877,-8.666742481743416,7786,16496,1,286
287,-2.154760450515396,3.416370091406801,7787,16496,1,287
288,6.811711089386282,6.760328068348787,7788,16496,1,288
289,-3.751786610747104,-1.680589676403656,7789,16496,1,289
290,0.5353809006770209,0.4433589486296867,7790,16496,1,290
291,8.842333858720242,1.9074343122128496,7791,16496,1,291
292,4.569481798293145,-0.7066502071483391,7792,16496,1,292
293,-1.044011041109263,0.434969239897109,7793,16496,1,293
294,-2.65384335219387,-5.90737468807353,7794,16496,1,294
295,-1.612355980835794,-6.220508992601048,7795,16496,1,295
296,-4.360045437705214,-1.20292973107542,7796,16496,1,296
297,5.970492210438467,8.053725686385206,7797,16496,1,297
298,-8.558710759722114,-3.763130354499575,7798,16496,1,298
299,-2.9297814963335167,-9.25151916878589,7799,16496,1,299
300,-0.6055965780422152,-9.523690546615835,7800,16496,1,300
301,2.451303185921517,-9.026665869377045,7801,16496,1,301
302,5.128653313430938,-7.301754485050989,7802,16496,1,302
303,5.476231414682042,-3.784441005026258,7803,16496,1,303
304,-7.534138032202239,-0.5379906057370825,7804,16496,1,304
305,2.070609953561757,4.449665519751878,7805,16496,1,305
306,0.1020041542148959,9.930508388654935,7806,16496,0,306
307,-3.642417809752746,-6.142978334133882,7807,16496,1,307
308,1.527882734489765,-8.042916755040647,7808,16496,1,308
309,4.290516967645985,0.7852213896479086,7809,16496,1,309
310,-4.807567349664524,6.849481174018084,7810,16496,1,310
311,-6.1266230616154616,-9.02540248502724,7811,16496,1,311
312,-4.025249390915815,-2.1501587179672965,7812,16496,1,312
313,-5.54390745661733,-3.038824459702858,7813,16496,1,313
314,9.312782426901272,-1.0985296963609503,7814,16496,1,314
315,-9.841178331714,3.916324209892668,7815,16496,1,315
316,8.976237715051823,6.919020233974752,7816,16496,1,316
317,6.738431649391735,5.832393296297834,7817,16496,1,317
318,2.031909022764109,-2.319063278342033,7818,16496,1,318
319,1.2620805933138346,0.4811428795186607,7819,16496,1,319
320,-5.054024117516185,-1.945493253508113,7820,16496,1,320
321,-0.2684746122301611,7.962881020940806,7821,16496,1,321
322,1.1820467154860577,4.731896663965731,7822,16496,1,322
323,2.166232914386825,-1.9240722111376467,7823,16496,1,323
324,-6.797502638162955,-0.3548798685579086,7824,16496,1,324
325,-1.7214380235984947,-6.444701789448279,7825,16496,1,325
326,0.7308568749344211,-4.4592152689482445,7826,16496,1,326
327,6.5636731454933255,-1.0390081774825646,7827,16496,1,327
328,-7.677403072217444,7.0151379946989145,7828,16496,1,328
329,-6.631544343234122,-2.677593642772371,7829,16496,1,329
330,4.704989030737988,-2.849617421835693,7830,16496,1,330
331,4.085759179589219,-0.6035464730659044,7831,16496,1,331
332,-6.440219943237735,3.06323940592954,7832,16496,1,332
333,5.37246533754576,0.6610832920001286,7833,16496,1,333
334,4.775747884381957,8.870559466168125,7834,16496,1,334
335,-3.821402084135004,0.6024006007791787,7835,16496,1,335
336,-2.834792834417696,-8.965051974081481,7836,16496,1,336
337,9.805490961841418,-0.7871676452219827,7837,16496,1,337
338,-3.862147408404129,-3.756632081743378,7838,16496,1,338
339,-2.2204617200397863,-5.450135241283352,7839,16496,1,339
340,5.928755583294137,3.8054375018155735,7840,16496,1,340
341,6.753223705141991,4.6149547590016375,7841,16496,1,341
342,-8.757758687639953,-1.262567898547598,7842,16496,1,342
343,2.8823451209185524,9.374498363551051,7843,16496,1,343
344,-1.2192890842591453,6.167676544310638,7844,16496,1,344
345,-2.5685994422047376,-0.3975803342537993,7845,16496,1,345
346,7.252787837886096,4.904580160645601,7846,16496,1,346
347,-6.990607174365479,-4.967060971169063,7847,16496,1,347
348,-1.1087719547941255,-1.8393317660827984,7848,16496,1,348
349,3.399847413934168,-4.7665263942208576,7849,16496,1,349
350,-2.3080807106379497,5.893075395254321,7850,16496,1,350
351,-4.087294370822785,-9.13030673719664,7851,16496,1,351
352,1.4076135159950915,-9.165323285508036,7852,16496,1,352
353,-0.7835079081304723,6.936437331205987,7853,16496,1,353
354,-0.229466737956228,0.9690939982628084,7854,16496,1,354
355,-8.619655185102427,-6.232765038010357,7855,16496,1,355
356,9.211734478264365,9.529138822212651,7856,16496,1,356
357,-6.723809596461166,-1.591091478594901,7857,16496,1,357
358,-3.047963527593904,6.770461407941259,7858,16496,1,358
359,-8.93428423389544,8.421995564149466,7859,16496,1,359
360,6.3725398427399575,-1.1993717186870256,7860,16496,1,360
361,-5.471163360139039,2.949132077940685,7861,16496,1,361
362,-8.043474100436113,-5.3588630900574135,7862,16496,1,362
363,3.0533908193916304,1.7628196616733316,7863,16496,1,363
364,-7.935482378705698,6.859598053666012,7864,16496,1,364
365,-8.507899617525304,8.84584227779812,7865,16496,1,365
366,-1.9024012897141065,4.240177880289993,7866,16496,1,366
367,2.4731919820355444,8.554968084822839,7867,16496,1,367
368,-2.0085815275667063,1.622706563722469,7868,16496,1,368
369,9.790935573686305,3.201614878834354,7869,16496,1,369
370,-8.185740903808592,0.2990486426387413,7870,16496,1,370
371,-1.2536319448480384,1.8210014332040387,7871,16496,1,371
372,4.624377085522767,-0.8213522054586502,7872,16496,1,372
373,-8.051268152039924,-5.775145205204073,7873,16496,1,373
374,9.982466476008696,-8.754801660539794,7874,16496,1,374
375,-1.71401344661337,3.761722301561738,7875,16496,1,375
376,7.007492405575725,7.297432726655227,7876,16496,1,376
377,4.650642249586745,-3.722975444338039,7877,16496,1,377
378,-1.167153129895777,-4.774246707175016,7878,16496,1,378
379,-1.1807384567429224,-0.7153405743486587,7879,16496,1,379
380,6.636328739172626,-0.683454010377929,7880,16496,1,380
381,3.507132946998308,-3.501277009418784,7881,16496,1,381
382,9.094886234544033,6.860379282575845,7882,16496,1,382
383,9.862387452511124,4.310720274900227,7883,16496,1,383
384,0.833464608629896,7.293993621876524,7884,16496,1,384
385,4.821730557391115,-8.141796054171891,7885,16496,1,385
386,-2.622461361560875,6.310237417021881,7886,16496,1,386
387,3.7039005446361823,0.0233927590901856,7887,16496,1,387
388,-4.857718737467813,4.416363367204523,7888,16496,1,388
389,7.493768663494752,8.359441035752837,7889,16496,1,389
390,2.174873385880975,0.5425030101013704,7890,16496,1,390
391,-5.688693599309262,5.772447403274201,7891,16496,1,391
392,3.1119673463473774,1.821298497409124,7892,16496,1,392
393,9.31538156279355,4.619849583491995,7893,16496,1,393
394,4.814615714885576,-8.50294604857794,7894,16496,1,394
395,-7.583911185705057,-0.2664491543003393,7895,16496,1,395
396,-8.449137257905656,1.401796951192896,7896,16496,1,396
397,5.553100604302447,-9.258075283597012,7897,16496,1,397
398,9.290126565444933,3.5328942738750904,7898,16496,1,398
399,2.9784054999539915,6.88595509449657,7899,16496,1,399
400,7.949046019804019,0.95933306251961,7900,16496,1,400
401,-8.054024313083342,-9.246179463448131,7901,16496,1,401
402,9.394252307385742,2.715694257399422,7902,16496,1,402
403,-1.3679543692378289,3.781384044223593,7903,16496,1,403
404,6.003175788107036,-0.442933116533176,7904,16496,1,404
405,-3.5178291645218174,6.707921318308038,7905,16496,1,405
406,7.56670143087533,-5.795952431558642,7906,16496,1,406
407,-0.8899758713215729,-9.4773082175682,7907,16496,1,407
408,2.649137144529508,8.702249545610265,7908,16496,1,408
409,8.025521710804714,0.654216141026291,7909,16496,1,409
410,-3.671295180037326,7.815360998347902,7910,16496,1,410
411,-8.583226210179355,-3.165257827404222,7911,16496,1,411
412,7.788300458065521,-4.015433728890447,7912,16496,1,412
413,0.7680561937606445,0.4151454814733704,7913,16496,1,413
414,-7.285311423285929,8.956843761612639,7914,16496,1,414
415,4.879173624294404,-9.2542910209635,7915,16496,1,415
416,-5.310147775921119,-6.417515569942727,7916,16496,1,416
417,3.629479600234181,1.9298371084543149,7917,16496,1,417
418,0.5193022115182977,6.962662609818178,7918,16496,1,418
419,6.380532551543322,-1.2684782236527408,7919,16496,1,419
420,-8.446463046077632,-9.643279191988034,7920,16496,1,420
421,-2.8862448523611395,1.069546437718035,7921,16496,1,421
422,9.201143229031889,2.303063996770117,7922,16496,1,422
423,9.068380766868902,-5.288688126543837,7923,16496,1,423
424,-3.882897306862379,8.144251857672199,7924,16496,1,424
425,6.531334020518337,-4.617149543293384,7925,16496,1,425
426,-7.304766064631922,-5.662111341272647,7926,16496,1,426
427,6.4274281698009865,3.6478334707858,7927,16496,1,427
428,-6.350436019949006,-9.87479198129984,7928,16496,1,428
429,6.040304014274632,-7.886067816387554,7929,16496,1,429
430,5.247275420847657,9.568175174212431,7930,16496,1,430
431,0.5187813243194022,1.5411277303958926,7931,16496,1,431
432,3.272046108495436,3.5533051419763595,7932,16496,1,432
433,3.887206037750431,-0.2822372873935901,7933,16496,1,433
434,-8.60200960520566,-8.067502266811085,7934,16496,1,434
435,-9.887011283346798,0.2247745847246012,7935,16496,1,435
436,-5.916833591375803,4.284062509026196,7936,16496,1,436
437,5.429458151928813,-7.6216795680695455,7937,16496,1,437
438,-5.6491352370150905,0.5936288823788427,7938,16496,1,438
439,-6.385180828867078,0.5098784958410736,7939,16496,1,439
440,-8.06881705282841,-9.507548319432347,7940,16496,1,440
441,-3.817606753748864,-3.255253739433208,7941,16496,1,441
442,9.38411432667931,-5.833693108287799,7942,16496,1,442
443,-9.585697627822857,8.295428585695962,7943,16496,1,443
444,3.875451516739128,-3.723516136603431,7944,16496,1,444
445,5.412367035002498,4.122382479006364,7945,16496,1,445
446,4.101852182362208,1.1545132480842497,7946,16496,1,446
447,-1.374996890021766,3.8891903216968906,7947,16496,1,447
448,-9.442118689354214,-8.944337315273923,7948,16496,1,448
449,2.299235986790197,7.9772732775831585,7949,16496,1,449
450,6.741422488439998,4.06653728230272,7950,16496,1,450
451,-1.959995766210964,-7.083922092870187,7951,16496,1,451
452,5.658124460870571,-2.821008528615112,7952,16496,1,452
453,-9.850308790076298,-3.0209700892801905,7953,16496,1,453
454,0.4207050728331687,1.460610402590918,7954,16496,1,454
455,-0.108830972666043,-6.196588584208989,7955,16496,0,455
456,-8.060741301251754,0.0943176508001837,7956,16496,1,456
457,-5.170646711980318,4.329290752569241,7957,16496,1,457
458,8.640851388203114,7.338027926137247,7958,16496,1,458
459,-1.1585279070412362,5.750253755610794,7959,16496,1,459
460,5.596254676226224,0.2527938487087429,7960,16496,1,460
461,-3.785490453130331,3.5376825427183967,7961,16496,1,461
462,-8.918835120295874,7.471125197142776,7962,16496,1,462
463,6.765494808636767,3.4422793738217834,7963,16496,1,463
464,9.6112384911381,4.438982629994346,7964,16496,1,464
465,7.203995061642488,-3.4507652871222128,7965,16496,1,465
466,9.471232203039849,-4.545230133664317,7966,16496,1,466
467,2.0193030267423038,-1.265679774962221,7967,16496,1,467
468,3.9225344513784144,9.605286408353416,7968,16496,1,468
469,-4.461712718905919,-2.5672504366162947,7969,16496,1,469
470,4.1869072129982285,1.0200267002760768,7970,16496,1,470
471,-4.7365202317314825,-6.375776860774609,7971,16496,1,471
472,-4.792254376590495,5.123804997611593,7972,16496,1,472
473,7.845342559172082,6.047686320567454,7973,16496,1,473
474,3.2628116485079204,-4.892602816970215,7974,16496,1,474
475,-7.045817475436474,8.455168947213153,7975,16496,1,475
476,-1.7931675488221863,-6.132660405153132,7976,16496,1,476
477,8.161917073553486,-3.78114633996324,7977,16496,1,477
478,4.487130623493577,2.982341224479356,7978,16496,1,478
479,-4.41185484176621,7.828676062703323,7979,16496,1,479
480,-9.864701317792337,-3.1386465271274915,7980,16496,1,480
481,-5.345337957835248,-5.668535528963885,7981,16496,1,481
482,-4.00823718531824,-1.569335739431736,7982,16496,1,482
483,2.083346630330423,-6.542774249535821,7983,16496,1,483
484,3.749706365352868,-1.5006996313482528,7984,16496,1,484
485,-0.9264208730806408,6.05272804568553,7985,16496,1,485
486,7.11799949868341,-2.627721041752502,7986,16496,1,486
487,-4.121791822864274,-7.752366422568397,7987,16496,1,487
488,2.772944734993013,-3.9990671185917455,7988,16496,1,488
489,-3.278737774922691,-7.178384161983511,7989,16496,1,489
490,-8.571248061146129,2.090166797893719,7990,16496,1,490
491,1.3731492395943228,-8.5958218170701,7991,16496,1,491
492,2.184692179395748,5.213535488345055,7992,16496,1,492
493,6.950679902510487,0.2462824652570781,7993,16496,1,493
494,1.2776778406519291,7.793565447111934,7994,16496,1,494
495,7.330707740691437,7.464337506514667,7995,16496,1,495
496,6.530586500403508,4.126046696339591,7996,16496,1,496
497,-0.0969140303404518,-0.6234157476295277,7997,16496,0,497
498,-5.9654819679779125,-5.198233653295219,7998,16496,1,498
499,2.210138905363223,-1.9447774338564356,7999,16496,1,499
500,9.904449077420136,-1.7353383989824265,8000,16496,1,500
501,-7.332595254502299,-1.5193330113042336,8001,16496,1,501
502,8.859189780337847,4.575126378415391,8002,16496,1,502
503,-8.510761921735561,-4.992094020230537,8003,16496,1,503
504,-3.9370960658001657,6.372066217315751,8004,16496,1,504
505,-3.7773726547143305,-0.6558454605034427,8005,16496,1,505
506,7.036299361406151,5.92684749074559,8006,16496,1,506
507,8.486042817243458,-3.883751449963624,8007,16496,1,507
508,-4.92277026545453,-7.381448434956841,8008,16496,1,508
509,0.4635357589444133,-9.29471138102361,8009,16496,1,509
510,9.412875427208633,6.5757760815074455,8010,16496,1,510
511,5.896111789825786,2.0400626533558235,8011,16496,1,511
512,-1.43031434357831,4.85897437964522,8012,16496,1,512
513,5.322221017738178,-9.916235994369432,8013,16496,1,513
514,0.3783385444943121,-6.07352852554264,8014,16496,1,514
515,9.755408396529743,8.700586205891362,8015,16496,1,515
516,-9.653466327521304,0.910137396376726,8016,16496,1,516
517,-3.301656194073188,-9.260956473495114,8017,16496,1,517
518,-6.358194735296776,-9.533271417892166,8018,16496,1,518
519,5.799968247816432,7.423525052458643,8019,16496,1,519
520,-9.89250711445415,-2.995949679489076,8020,16496,1,520
521,-4.928842980304509,-1.4827389153172543,8021,16496,1,521
522,-3.6823250612844287,1.400962461222102,8022,16496,1,522
523,-2.058473872020397,0.9658951178852532,8023,16496,1,523
524,-5.90052520327114,-0.0013681347538749,8024,16496,1,524
525,-8.578325224969085,0.1601904868352637,8025,16496,1,525
526,-1.607840824118373,-1.3959935821524248,8026,16496,1,526
527,-9.804623679721526,-2.4944004432861755,8027,16496,1,527
528,-4.4085950869800605,6.202599952082302,8028,16496,1,528
529,-9.308214427533958,0.8626085683200095,8029,16496,1,529
530,6.627368423770548,-2.216647316860736,8030,16496,1,530
531,0.6018669601003594,0.3282799727772172,8031,16496,1,531
532,-0.7321200038111968,-8.483531981005425,8032,16496,1,532
533,-2.515342858829797,0.9508904333529262,8033,16496,1,533
534,-1.606709492834879,8.809251603561801,8034,16496,1,534
535,-4.416769710466535,6.161721119898321,8035,16496,1,535
536,-7.501635646675455,8.929928362080876,8036,16496,1,536
537,4.909019595227003,4.706348136196578,8037,16496,1,537
538,5.398305814556888,-9.899402283326618,8038,16496,1,538
539,7.10214866343938,2.9389935786895105,8039,16496,1,539
540,-0.5566371167578783,-4.002964048365167,8040,16496,1,540
541,-7.457474544063563,2.2589827348562146,8041,16496,1,541
542,4.629251473728592,-4.534047923919903,8042,16496,1,542
543,8.575621257263187,-5.406376394040304,8043,16496,1,543
544,-4.561111759732484,6.761554330955555,8044,16496,1,544
545,4.727950368069347,1.9080650110136297,8045,16496,1,545
546,-9.09173616821027,6.210519232311633,8046,16496,1,546
547,-4.9746114009068965,-6.189422561976043,8047,16496,1,547
548,4.759422549790241,-2.8725603640409547,8048,16496,1,548
549,2.9486532902825395,6.57843951100363,8049,16496,1,549
550,-4.9292890547515045,-2.7543259845508983,8050,16496,1,550
551,-1.030844743922685,6.680033750021405,8051,16496,1,551
552,-6.208394335479966,-2.7183106465279323,8052,16496,1,552
553,8.861794591282678,-7.569689906089991,8053,16496,1,553
554,-8.262862583731083,5.557260931794939,8054,16496,1,554
555,1.6760353255770395,-7.326909940558457,8055,16496,1,555
556,-9.233185021443129,-8.385494073235808,8056,16496,1,556
557,1.0565918443642437,-1.389348106905647,8057,16496,1,557
558,-4.028531640746131,-6.638287786806929,8058,16496,1,558
559,9.480058456990786,1.3701044515772836,8059,16496,1,559
560,-3.030608811531565,9.404127717950036,8060,16496,1,560
561,-5.318688346649447,-1.883952079939192,8061,16496,1,561
562,-8.7085522534071,4.7811405797795725,8062,16496,1,562
563,-9.223406063643896,1.2136823861656223,8063,16496,1,563
564,2.66656861521599,-2.425294890902996,8064,16496,1,564
565,-1.1281146303409957,-3.976713195866375,8065,16496,1,565
566,-5.46001700601467,9.922411552825768,8066,16496,1,566
567,-9.26914640668608,5.2957585812095775,8067,16496,1,567
568,8.00301037884627,3.07382554299849,8068,16496,1,568
569,-0.6063015743772109,-1.4180743388477275,8069,16496,1,569
570,-8.538590671022352,1.66264364156617,8070,16496,1,570
571,-0.6361856050015451,-0.1899756733870727,8071,16496,1,571
572,-4.13543710645051,-7.661668552176282,8072,16496,1,572
573,2.4218344002710346,-6.098831566406702,8073,16496,1,573
574,7.040761056806566,7.727786718944657,8074,16496,1,574
575,5.282114565429444,-8.995507191892338,8075,16496,1,575
576,1.225682148788101,8.530276911460096,8076,16496,1,576
577,9.332245265644794,-5.124699269219954,8077,16496,1,577
578,-5.736089956434512,-1.1620425312815374,8078,16496,1,578
579,-4.968515008227559,-1.678770303332236,8079,16496,1,579
580,7.289334786448226,-2.850961314452631,8080,16496,1,580
581,8.471760264788998,-7.820104832324453,8081,16496,1,581
582,-4.51050755377175,-9.10735148189579,8082,16496,1,582
583,3.868793227675532,-6.9882530721877085,8083,16496,1,583
584,5.637512448257178,-6.212266558860127,8084,16496,1,584
585,0.8683518432920412,-7.215976772917148,8085,16496,1,585
586,8.224282711017551,1.3350419279879606,8086,16496,1,586
587,0.8784154932144599,-9.49625871722128,8087,16496,1,587
588,-0.8304453872763133,7.73562478773594,8088,16496,1,588
589,-9.190930614139308,9.312265041852536,8089,16496,1,589
590,3.0153863678357613,2.245464535946507,8090,16496,1,590
591,-2.231569746393629,4.162419220526774,8091,16496,1,591
592,-7.744649359076035,6.268182257342069,8092,16496,1,592
593,-9.434705100724898,2.734328287565752,8093,16496,1,593
594,-8.627438263474245,-0.1205377735363928,8094,16496,1,594
595,8.278860337141161,1.076367833614542,8095,16496,1,595
596,-9.702701863114102,-4.461098493734223,8096,16496,1,596
597,7.935640847044041,-5.11461028090431,8097,16496,1,597
598,-5.726087640249522,-9.09983862890165,8098,16496,1,598
599,6.713157843802296,4.422195325893449,8099,16496,1,599
600,2.995928925804021,0.8805653738637922,8100,16496,1,600
601,-8.725725893946638,5.210920092773051,8101,16496,1,601
602,-3.7217517490585017,6.771881298465299,8102,16496,1,602
603,9.193964950496357,1.2105779059567627,8103,16496,1,603
604,-0.2840693553060838,9.83065832773239,8104,16496,1,604
605,0.833879935159576,-5.109250746546953,8105,16496,1,605
606,-1.1723104673462537,-7.271816411444987,8106,16496,1,606
607,-6.463167243939831,-9.574698680096956,8107,16496,1,607
608,-6.5321342887555245,-4.719630094656548,8108,16496,1,608
609,-5.159648791770735,-4.546997509034263,8109,16496,1,609
610,-8.892213222201477,4.905212960722064,8110,16496,1,610
611,-1.0789995218825954,5.350090365096168,8111,16496,1,611
612,-3.4802844456169213,4.699788948131509,8112,16496,1,612
613,-6.020906217006987,-5.338199574834359,8113,16496,1,613
614,-0.7402008374644105,8.45287160826134,8114,16496,1,614
615,-3.3939893268893755,8.887855504000807,8115,16496,1,615
616,5.784888383472479,-1.296766442087165,8116,16496,1,616
617,-6.446582421273021,-9.983137620453212,8117,16496,1,617
618,6.366293168599931,4.205167561063384,8118,16496,1,618
619,9.511970323485794,1.60333023283356,8119,16496,1,619
620,-6.909797305782419,8.786096051983524,8120,16496,1,620
621,1.8624558018303572,-6.5347797695778365,8121,16496,1,621
622,-2.823549129306504,9.240804620463926,8122,16496,1,622
623,1.273023084072717,-0.2856558284552619,8123,16496,1,623
624,5.819564650174534,6.369377906176382,8124,16496,1,624
0,-7.111071509909519,6.984151073529194,8125,16571,1,0
1,-6.691927199752046,-2.8362384677871777,8126,16571,1,1
2,-1.019519097601167,9.31777196328953,8127,16571,1,2
3,5.2019774870653706,8.608183358143538,8128,16571,1,3
4,5.047386231180743,-6.321863741173351,8129,16571,1,4
5,-8.845886732006011,6.508368681884647,8130,16571,1,5
6,-7.121969974128685,-5.166272667908379,8131,16571,1,6
7,-7.16354062485637,-6.464960586775739,8132,16571,1,7
8,5.262489414526785,9.34032622439484,8133,16571,1,8
9,5.182338863934062,-9.597456544076612,8134,16571,1,9
10,7.714649293708181,-1.1464052732859091,8135,16571,1,10
11,-2.3779558201660755,6.126562816124284,8136,16571,1,11
12,-5.294579005341713,-2.916623288007328,8137,16571,1,12
13,-7.178673421680952,0.0880729262986683,8138,16571,1,13
14,7.367195415184842,-0.6437098407473822,8139,16571,1,14
15,-8.29930472043438,4.638502444871991,8140,16571,1,15
16,4.720689410833474,5.047926513693133,8141,16571,1,16
17,-0.4307935901731756,5.253417875990527,8142,16571,1,17
18,3.369497370561838,-2.778832447521322,8143,16571,1,18
19,8.599841441936501,-3.851309397257081,8144,16571,1,19
20,-0.7103790048968968,-2.163716258433248,8145,16571,1,20
21,-7.506045954098344,-5.962634159794251,8146,16571,1,21
22,8.801281055979896,-7.7625097308611934,8147,16571,1,22
23,7.211056926013263,4.344826717491507,8148,16571,1,23
24,-5.172841351038258,2.722101152693705,8149,16571,1,24
25,3.773367057300643,-3.875608026706927,8150,16571,1,25
26,-1.9325135112765128,-3.0362051871766,8151,16571,1,26
27,-1.8721351408021287,-6.821060412874593,8152,16571,1,27
28,0.0777945673031865,-4.010117058414648,8153,16571,0,28
29,6.036818020250582,4.31599877302002,8154,16571,1,29
30,3.3621001034034865,-6.984542630285406,8155,16571,1,30
31,2.008770880594895,0.3183229641749214,8156,16571,1,31
32,1.0566720594499923,3.716151443687908,8157,16571,1,32
33,-4.960910949428065,5.368801257511695,8158,16571,1,33
34,6.887944159119094,-5.601075732895469,8159,16571,1,34
35,-8.570067440887549,-8.68765598818177,8160,16571,1,35
36,5.859091891293655,6.848707296588636,8161,16571,1,36
37,7.512120281177417,-5.148991131723568,8162,16571,1,37
38,5.240373554781844,0.2040724691777349,8163,16571,1,38
39,1.980124447421776,3.8603841178729255,8164,16571,1,39
40,9.064761927033535,5.07514278334294,8165,16571,1,40
41,-7.883579524072748,7.105051720531716,8166,16571,1,41
42,-9.942991131212809,-6.151822564812994,8167,16571,1,42
43,5.539956146488665,-3.807591143099347,8168,16571,1,43
44,9.60173966169291,-2.3269406152970245,8169,16571,1,44
45,1.5616464747866026,-5.601562959539423,8170,16571,1,45
46,-6.824370908951787,6.837266993615327,8171,16571,1,46
47,8.271673701284161,-1.823405308602652,8172,16571,1,47
48,-7.397834114316046,7.301592253007737,8173,16571,1,48
49,-2.485004877038934,-1.9092138245208223,8174,16571,1,49
50,-4.526897922801718,3.0238821760903445,8175,16571,1,50
51,4.2748174850034495,-1.93925994506526,8176,16571,1,51
52,6.637076447902974,6.541492214401842,8177,16571,1,52
53,1.1136886788806084,9.479259447907737,8178,16571,1,53
54,-0.4744919875511684,-2.777312361559443,8179,16571,1,54
55,2.2334604001509675,-6.37974833028127,8180,16571,1,55
56,-8.382491497676003,0.7817391984052886,8181,16571,1,56
57,-6.579214866971417,5.799243384419929,8182,16571,1,57
58,-7.839764934863791,-2.591630786923876,8183,16571,1,58
59,-7.001607445197459,-9.35473749618663,8184,16571,1,59
60,-4.2531958939643495,6.8217555219092,8185,16571,1,60
61,-5.726581679029139,-8.752532421653296,8186,16571,1,61
62,-2.590552795790904,5.843248360886651,8187,16571,1,62
63,-3.5652759702860592,5.110570881449894,8188,16571,1,63
64,5.942730329697989,4.791285261832293,8189,16571,1,64
65,4.084058414658646,6.401542276889479,8190,16571,1,65
66,-7.625116246421242,-2.625002403469667,8191,16571,1,66
67,6.347278611314756,-2.4015085093861988,8192,16571,1,67
68,5.273930731198547,-1.9405560076686277,8193,16571,1,68
69,-0.8255785186696212,-7.434609707200705,8194,16571,1,69
70,4.028969909064962,-9.652181399036577,8195,16571,1,70
71,7.329871199225849,-3.695476930039776,8196,16571,1,71
72,8.434272450204162,6.334699571487079,8197,16571,1,72
73,-4.585845280549091,2.517407975257948,8198,16571,1,73
74,1.6287909003002363,-3.807482262916509,8199,16571,1,74
75,-0.3489358388548584,-9.413316213161442,8200,16571,1,75
76,-0.9201115082137096,-6.648980045850181,8201,16571,1,76
77,-5.222335894142653,-5.55078297993435,8202,16571,1,77
78,-6.106802703400296,-1.483829641811628,8203,16571,1,78
79,6.4233197631268695,-2.719970157462201,8204,16571,1,79
80,3.712253319761565,-8.35895837654055,8205,16571,1,80
81,-8.136592918589455,9.581530148324408,8206,16571,1,81
82,0.788327051301172,0.3513259554028369,8207,16571,1,82
83,-4.015465295844436,3.714035277764333,8208,16571,1,83
84,0.0793831346034164,6.629609904696544,8209,16571,0,84
85,-5.021296365474328,3.979367782166507,8210,16571,1,85
86,-9.020524127180549,7.900606736278423,8211,16571,1,86
87,0.5824528284492203,-0.4486843692217803,8212,16571,1,87
88,1.2746898729413907,-9.537327921084076,8213,16571,1,88
89,8.989315567045871,5.006820327398522,8214,16571,1,89
90,7.06508969196469,-7.913291151186197,8215,16571,1,90
91,-4.13523501021559,0.6254332859623464,8216,16571,1,91
92,0.0235579265994623,7.721315056979428,8217,16571,0,92
93,-0.5194455762465804,0.9967027006415244,8218,16571,1,93
94,7.686707537287155,5.495481771649418,8219,16571,1,94
95,2.460121940851881,-0.7399662832901317,8220,16571,1,95
96,-4.981011053860116,-9.078134812583,8221,16571,1,96
97,8.98639602313375,6.794495337232952,8222,16571,1,97
98,9.711013117681876,9.20315699773155,8223,16571,1,98
99,-6.762957773112936,2.172152376184167,8224,16571,1,99
100,8.648196616762093,-5.822833863932839,8225,16571,1,100
101,6.431737721289231,0.820881495797714,8226,16571,1,101
102,0.6602362081138207,1.445855625080256,8227,16571,1,102
103,0.2834020367396839,0.0165167414502587,8228,16571,1,103
104,0.4513394368894925,5.650358468233474,8229,16571,1,104
105,-2.276004762926222,-7.531148609451563,8230,16571,1,105
106,-1.9839311563929505,-4.728580785352259,8231,16571,1,106
107,-5.987189443827587,-9.542439654654917,8232,16571,1,107
108,-0.6123358877669176,5.031836588565053,8233,16571,1,108
109,-1.9454500493857625,-9.626775906945364,8234,16571,1,109
110,-5.176309600142909,-1.194971727809012,8235,16571,1,110
111,-9.096735152820354,-7.715128571886134,8236,16571,1,111
112,9.158782088908795,2.9511134691823067,8237,16571,1,112
113,7.1299555113593485,-3.613261977511901,8238,16571,1,113
114,-5.5035293431097365,2.19178123329694,8239,16571,1,114
115,0.2568473821302479,-6.913690923761351,8240,16571,1,115
116,-2.586547681253002,-7.250570376527142,8241,16571,1,116
117,1.2837346069832645,0.6294629322912364,8242,16571,1,117
118,5.803922835328585,-8.375753105114379,8243,16571,1,118
119,-5.058666865970638,1.658375438029026,8244,16571,1,119
120,1.5920270567297052,1.1577514914120286,8245,16571,1,120
121,6.538474973559165,2.1815854956641,8246,16571,1,121
122,1.6025917782971728,2.7924495919985723,8247,16571,1,122
123,2.2502800585627707,2.179114523608096,8248,16571,1,123
124,7.560280018546276,-5.930498759189369,8249,16571,1,124
125,3.002703650773652,-0.2625612446368919,8250,16571,1,125
126,-4.872433867639003,2.991967554313044,8251,16571,1,126
127,-6.000546672003693,-1.2074134062362525,8252,16571,1,127
128,-7.316771848563803,-9.37122771972416,8253,16571,1,128
129,5.673290936753993,4.784343055125479,8254,16571,1,129
130,-0.1583573513204683,1.9890602898413297,8255,16571,0,130
131,-8.794236400831663,-6.74329095774665,8256,16571,1,131
132,2.7294514206026026,2.283002679349336,8257,16571,1,132
133,-3.402519146739456,-1.756481816386291,8258,16571,1,133
134,0.0495808824338368,-4.06094834732444,8259,16571,0,134
135,1.0708962512928295,7.63801170575293,8260,16571,1,135
136,-4.134090459937958,2.837756202896633,8261,16571,1,136
137,-5.61894491670397,2.842989627687418,8262,16571,1,137
138,6.5711088919874605,-8.554878619577355,8263,16571,1,138
139,1.8602290067284384,4.620116785944862,8264,16571,1,139
140,5.985405476650932,3.790479319052928,8265,16571,1,140
141,7.445918979749319,8.740049731978068,8266,16571,1,141
142,-2.8667907204652714,-2.5950296302288383,8267,16571,1,142
143,7.124299442791095,-2.442349070991609,8268,16571,1,143
144,7.145975957239109,6.941008605109246,8269,16571,1,144
145,-3.923786505531133,-5.253338179980878,8270,16571,1,145
146,-8.82535564040751,3.5861824333169032,8271,16571,1,146
147,-4.074025975649276,-5.5592149223373895,8272,16571,1,147
148,-3.792339839589836,4.162048971355453,8273,16571,1,148
149,-2.142260920971788,5.998535312266981,8274,16571,1,149
150,8.760631997495882,5.343678243603435,8275,16571,1,150
151,-5.5504498706672445,-9.904127847219556,8276,16571,1,151
152,-5.697634352712992,7.297636518788707,8277,16571,1,152
153,-0.1402666926435518,-7.795303168477821,8278,16571,0,153
154,3.37307091232184,-0.1660849681860003,8279,16571,1,154
155,8.175770112544036,5.595480909455915,8280,16571,1,155
156,4.910180292044188,-7.343151176175278,8281,16571,1,156
157,-6.278164746435735,2.7619345658047862,8282,16571,1,157
158,-9.344670859064848,5.712583718595496,8283,16571,1,158
159,-1.5416175299410444,-7.241391822401373,8284,16571,1,159
160,-2.5157120190518256,-1.9059626860831909,8285,16571,1,160
161,-3.592186354604583,0.4236920784638958,8286,16571,1,161
162,-6.537235421262915,-8.535128289532386,8287,16571,1,162
163,-4.4789249273727005,-3.969827047593285,8288,16571,1,163
164,7.581919063285799,-4.01528718721506,8289,16571,1,164
165,3.037334548442544,6.177448614526991,8290,16571,1,165
166,-6.00155292341539,2.062295978732731,8291,16571,1,166
167,1.3697032584695457,9.75641188754446,8292,16571,1,167
168,-6.676086697154116,-5.660399938989372,8293,16571,1,168
169,4.382575814024722,7.904823396477482,8294,16571,1,169
170,1.8172098735439484,7.501060552126852,8295,16571,1,170
171,-0.7065881165385619,7.72857802640911,8296,16571,1,171
172,0.7112972229197467,-1.518191795895305,8297,16571,1,172
173,5.223512268854044,5.673038040684252,8298,16571,1,173
174,-0.9309090835704374,4.450649279506882,8299,16571,1,174
175,8.976162085315671,-5.755479588210505,8300,16571,1,175
176,7.097223948958021,-9.573246032331175,8301,16571,1,176
177,8.879979668797084,7.117862970720086,8302,16571,1,177
178,4.576308264859563,2.9680184219380656,8303,16571,1,178
179,-8.519482446883512,0.1832212816875529,8304,16571,1,179
180,4.3686890070415,9.305747047784912,8305,16571,1,180
181,7.954397991764178,0.8447728534459849,8306,16571,1,181
182,-0.9128328422311504,2.517013292112312,8307,16571,1,182
183,-3.958738746486508,4.115996749076532,8308,16571,1,183
184,-3.628099021267152,9.796812129345373,8309,16571,1,184
185,3.2137031098278754,2.3111701896860737,8310,16571,1,185
186,-5.587667623543178,4.890216841071149,8311,16571,1,186
187,5.485347339127989,-3.064093714829814,8312,16571,1,187
188,-1.9080137128742043,-7.10664726796852,8313,16571,1,188
189,-9.819410456692296,-2.783494805097318,8314,16571,1,189
190,-7.084393689762633,-6.43017384634531,8315,16571,1,190
191,1.6404459114334102,-2.315286743212111,8316,16571,1,191
192,8.870326967997425,0.0764436141031676,8317,16571,1,192
193,-2.1976195963551053,8.95538164078009,8318,16571,1,193
194,6.023051918749534,1.6735085395153355,8319,16571,1,194
195,-8.180960543055447,4.653039748465735,8320,16571,1,195
196,6.206770666078029,-3.1218059663065496,8321,16571,1,196
197,-1.1195935556803622,2.7034018948282856,8322,16571,1,197
198,7.396908960121543,-1.076509018660092,8323,16571,1,198
199,-7.795011359618327,5.054207245568772,8324,16571,1,199
200,9.33136197781274,-5.860769452863915,8325,16571,1,200
201,4.57298257186881,-3.5408344707690205,8326,16571,1,201
202,-5.354913530568524,8.595554941421359,8327,16571,1,202
203,-9.361100041232946,-7.084640793594126,8328,16571,1,203
204,-6.245375121740979,3.913806318410156,8329,16571,1,204
205,-2.2203062211213087,2.603930607537407,8330,16571,1,205
206,-6.793070475965304,5.514161077619804,8331,16571,1,206
207,3.5367009236126776,5.685590393998117,8332,16571,1,207
208,8.544993396579361,8.823734344673984,8333,16571,1,208
209,-4.143035789844243,2.4663726736052816,8334,16571,1,209
210,-6.090645309271084,8.31850699759024,8335,16571,1,210
211,4.418657012728108,-9.717425529488631,8336,16571,1,211
212,-0.6749991472736294,6.170018512471245,8337,16571,1,212
213,1.6520873090091095,4.590225117125069,8338,16571,1,213
214,-1.93950885446365,5.609791266165512,8339,16571,1,214
215,-0.5166707760277855,-4.151766038141407,8340,16571,1,215
216,-4.77281924477764,-5.350241610351518,8341,16571,1,216
217,3.055160532425633,-0.895458496527155,8342,16571,1,217
218,-1.9334084608635784,3.639733455926814,8343,16571,1,218
219,-5.799388578823699,-3.202991713691146,8344,16571,1,219
220,-9.19700533883756,7.093865728902713,8345,16571,1,220
221,-1.856899123792001,2.452320748205468,8346,16571,1,221
222,2.1758874662182865,-0.971793754099231,8347,16571,1,222
223,-2.1374828044472576,-1.8419779178975144,8348,16571,1,223
224,-1.7801915649296711,0.0964287325947843,8349,16571,1,224
225,1.7985017296544503,5.565598506261454,8350,16571,1,225
226,2.7362398161440904,-0.7447559903452898,8351,16571,1,226
227,7.86561236257706,5.366390195901175,8352,16571,1,227
228,1.011586292402395,8.30135461897352,8353,16571,1,228
229,-3.239361457708738,8.756696210198488,8354,16571,1,229
230,7.035244510939819,-5.373023121797964,8355,16571,1,230
231,-5.006990145353325,-5.047871023800628,8356,16571,1,231
232,-8.947515806118485,-4.303632035691392,8357,16571,1,232
233,7.705277448654655,-9.94857683447374,8358,16571,1,233
234,-2.3640080447153844,-6.15673757815816,8359,16571,1,234
235,9.75376679584918,-4.211704514785433,8360,16571,1,235
236,1.1000488447707806,1.7419997994968064,8361,16571,1,236
237,-5.459476943309238,0.7748859579210166,8362,16571,1,237
238,1.4504961451890337,-3.42642942976378,8363,16571,1,238
239,4.081899179655446,-8.773488639877007,8364,16571,1,239
240,-9.404165939417446,-6.597619584722936,8365,16571,1,240
241,-5.981968309993211,-4.616741517796001,8366,16571,1,241
242,1.3594283877091513,-1.2318037438101967,8367,16571,1,242
243,-5.078035838551265,3.958183645534387,8368,16571,1,243
244,5.81563455864204,-4.99634101409745,8369,16571,1,244
245,8.369819911943758,4.641852821761489,8370,16571,1,245
246,1.0146196929902516,-6.113956426248317,8371,16571,1,246
247,2.6726255958148077,-2.50880967936183,8372,16571,1,247
248,-1.0644184580327387,4.151302268995359,8373,16571,1,248
249,2.9339910330988754,-3.83340041049042,8374,16571,1,249
250,-9.460588072364695,9.90843212799685,8375,16571,1,250
251,3.954936924132678,-8.303557537061357,8376,16571,1,251
252,-4.561076376267752,5.334199418296684,8377,16571,1,252
253,-5.800764499412743,-9.056125940972295,8378,16571,1,253
254,3.918815013455241,2.1131061196329317,8379,16571,1,254
255,-8.10635696780222,0.7080095385916216,8380,16571,1,255
256,9.195876999348592,-4.628210334153737,8381,16571,1,256
257,7.193581813124904,-7.782893001267537,8382,16571,1,257
258,5.944672874325271,5.0157026870279005,8383,16571,1,258
259,1.3612633116676631,8.659090507919856,8384,16571,1,259
260,9.607542217004353,8.16563127512606,8385,16571,1,260
261,0.8939686790499515,-6.962966883491228,8386,16571,1,261
262,-5.997802462385735,-8.55611610429727,8387,16571,1,262
263,-8.829350173624032,0.5475750312078702,8388,16571,1,263
264,-3.943297216481378,-1.8807658400933391,8389,16571,1,264
265,5.111246210654644,-0.8299141344403616,8390,16571,1,265
266,8.204026236353432,-3.4333705749456094,8391,16571,1,266
267,4.690568244761408,-7.573961366852946,8392,16571,1,267
268,-3.1255632227740904,6.9146220977828605,8393,16571,1,268
269,-2.204907596779078,4.173937092670199,8394,16571,1,269
270,8.4729829212278,-3.4151676616577014,8395,16571,1,270
271,2.036676787551608,1.8155017718547448,8396,16571,1,271
272,-0.373701140580911,9.401214135957566,8397,16571,1,272
273,9.833092993387162,1.6062239437480643,8398,16571,1,273
274,4.654836586691243,3.5671807975712646,8399,16571,1,274
275,1.39325046303769,6.001093718782101,8400,16571,1,275
276,-4.530452737240706,-0.6742637148341313,8401,16571,1,276
277,0.0011530151831973,3.3268421588371417,8402,16571,0,277
278,-7.737690985589289,-1.0696926827706843,8403,16571,1,278
279,4.173876461625914,-5.522574245112432,8404,16571,1,279
280,-3.939019416995249,7.241102419632142,8405,16571,1,280
281,-8.498846337397637,-1.8291915159071357,8406,16571,1,281
282,3.291281547037378,-0.3564514601153394,8407,16571,1,282
283,4.027054577384387,3.229440414176686,8408,16571,1,283
284,2.1697113785072,7.74426772815389,8409,16571,1,284
285,-8.999904304053253,-4.986419407040719,8410,16571,1,285
286,9.652758597112877,-8.666742481743416,8411,16571,1,286
287,-2.154760450515396,3.416370091406801,8412,16571,1,287
288,6.811711089386282,6.760328068348787,8413,16571,1,288
289,-3.751786610747104,-1.680589676403656,8414,16571,1,289
290,0.5353809006770209,0.4433589486296867,8415,16571,1,290
291,8.842333858720242,1.9074343122128496,8416,16571,1,291
292,4.569481798293145,-0.7066502071483391,8417,16571,1,292
293,-1.044011041109263,0.434969239897109,8418,16571,1,293
294,-2.65384335219387,-5.90737468807353,8419,16571,1,294
295,-1.612355980835794,-6.220508992601048,8420,16571,1,295
296,-4.360045437705214,-1.20292973107542,8421,16571,1,296
297,5.970492210438467,8.053725686385206,8422,16571,1,297
298,-8.558710759722114,-3.763130354499575,8423,16571,1,298
299,-2.9297814963335167,-9.25151916878589,8424,16571,1,299
300,-0.6055965780422152,-9.523690546615835,8425,16571,1,300
301,2.451303185921517,-9.026665869377045,8426,16571,1,301
302,5.128653313430938,-7.301754485050989,8427,16571,1,302
303,5.476231414682042,-3.784441005026258,8428,16571,1,303
304,-7.534138032202239,-0.5379906057370825,8429,16571,1,304
305,2.070609953561757,4.449665519751878,8430,16571,1,305
306,0.1020041542148959,9.930508388654935,8431,16571,0,306
307,-3.642417809752746,-6.142978334133882,8432,16571,1,307
308,1.527882734489765,-8.042916755040647,8433,16571,1,308
309,4.290516967645985,0.7852213896479086,8434,16571,1,309
310,-4.807567349664524,6.849481174018084,8435,16571,1,310
311,-6.1266230616154616,-9.02540248502724,8436,16571,1,311
312,-4.025249390915815,-2.1501587179672965,8437,16571,1,312
313,-5.54390745661733,-3.038824459702858,8438,16571,1,313
314,9.312782426901272,-1.0985296963609503,8439,16571,1,314
315,-9.841178331714,3.916324209892668,8440,16571,1,315
316,8.976237715051823,6.919020233974752,8441,16571,1,316
317,6.738431649391735,5.832393296297834,8442,16571,1,317
318,2.031909022764109,-2.319063278342033,8443,16571,1,318
319,1.2620805933138346,0.4811428795186607,8444,16571,1,319
320,-5.054024117516185,-1.945493253508113,8445,16571,1,320
321,-0.2684746122301611,7.962881020940806,8446,16571,1,321
322,1.1820467154860577,4.731896663965731,8447,16571,1,322
323,2.166232914386825,-1.9240722111376467,8448,16571,1,323
324,-6.797502638162955,-0.3548798685579086,8449,16571,1,324
325,-1.7214380235984947,-6.444701789448279,8450,16571,1,325
326,0.7308568749344211,-4.4592152689482445,8451,16571,1,326
327,6.5636731454933255,-1.0390081774825646,8452,16571,1,327
328,-7.677403072217444,7.0151379946989145,8453,16571,1,328
329,-6.631544343234122,-2.677593642772371,8454,16571,1,329
330,4.704989030737988,-2.849617421835693,8455,16571,1,330
331,4.085759179589219,-0.6035464730659044,8456,16571,1,331
332,-6.440219943237735,3.06323940592954,8457,16571,1,332
333,5.37246533754576,0.6610832920001286,8458,16571,1,333
334,4.775747884381957,8.870559466168125,8459,16571,1,334
335,-3.821402084135004,0.6024006007791787,8460,16571,1,335
336,-2.834792834417696,-8.965051974081481,8461,16571,1,336
337,9.805490961841418,-0.7871676452219827,8462,16571,1,337
338,-3.862147408404129,-3.756632081743378,8463,16571,1,338
339,-2.2204617200397863,-5.450135241283352,8464,16571,1,339
340,5.928755583294137,3.8054375018155735,8465,16571,1,340
341,6.753223705141991,4.6149547590016375,8466,16571,1,341
342,-8.757758687639953,-1.262567898547598,8467,16571,1,342
343,2.8823451209185524,9.374498363551051,8468,16571,1,343
344,-1.2192890842591453,6.167676544310638,8469,16571,1,344
345,-2.5685994422047376,-0.3975803342537993,8470,16571,1,345
346,7.252787837886096,4.904580160645601,8471,16571,1,346
347,-6.990607174365479,-4.967060971169063,8472,16571,1,347
348,-1.1087719547941255,-1.8393317660827984,8473,16571,1,348
349,3.399847413934168,-4.7665263942208576,8474,16571,1,349
350,-2.3080807106379497,5.893075395254321,8475,16571,1,350
351,-4.087294370822785,-9.13030673719664,8476,16571,1,351
352,1.4076135159950915,-9.165323285508036,8477,16571,1,352
353,-0.7835079081304723,6.936437331205987,8478,16571,1,353
354,-0.229466737956228,0.9690939982628084,8479,16571,1,354
355,-8.619655185102427,-6.232765038010357,8480,16571,1,355
356,9.211734478264365,9.529138822212651,8481,16571,1,356
357,-6.723809596461166,-1.591091478594901,8482,16571,1,357
358,-3.047963527593904,6.770461407941259,8483,16571,1,358
359,-8.93428423389544,8.421995564149466,8484,16571,1,359
360,6.3725398427399575,-1.1993717186870256,8485,16571,1,360
361,-5.471163360139039,2.949132077940685,8486,16571,1,361
362,-8.043474100436113,-5.3588630900574135,8487,16571,1,362
363,3.0533908193916304,1.7628196616733316,8488,16571,1,363
364,-7.935482378705698,6.859598053666012,8489,16571,1,364
365,-8.507899617525304,8.84584227779812,8490,16571,1,365
366,-1.9024012897141065,4.240177880289993,8491,16571,1,366
367,2.4731919820355444,8.554968084822839,8492,16571,1,367
368,-2.0085815275667063,1.622706563722469,8493,16571,1,368
369,9.790935573686305,3.201614878834354,8494,16571,1,369
370,-8.185740903808592,0.2990486426387413,8495,16571,1,370
371,-1.2536319448480384,1.8210014332040387,8496,16571,1,371
372,4.624377085522767,-0.8213522054586502,8497,16571,1,372
373,-8.051268152039924,-5.775145205204073,8498,16571,1,373
374,9.982466476008696,-8.754801660539794,8499,16571,1,374
375,-1.71401344661337,3.761722301561738,8500,16571,1,375
376,7.007492405575725,7.297432726655227,8501,16571,1,376
377,4.650642249586745,-3.722975444338039,8502,16571,1,377
378,-1.167153129895777,-4.774246707175016,8503,16571,1,378
379,-1.1807384567429224,-0.7153405743486587,8504,16571,1,379
380,6.636328739172626,-0.683454010377929,8505,16571,1,380
381,3.507132946998308,-3.501277009418784,8506,16571,1,381
382,9.094886234544033,6.860379282575845,8507,16571,1,382
383,9.862387452511124,4.310720274900227,8508,16571,1,383
384,0.833464608629896,7.293993621876524,8509,16571,1,384
385,4.821730557391115,-8.141796054171891,8510,16571,1,385
386,-2.622461361560875,6.310237417021881,8511,16571,1,386
387,3.7039005446361823,0.0233927590901856,8512,16571,1,387
388,-4.857718737467813,4.416363367204523,8513,16571,1,388
389,7.493768663494752,8.359441035752837,8514,16571,1,389
390,2.174873385880975,0.5425030101013704,8515,16571,1,390
391,-5.688693599309262,5.772447403274201,8516,16571,1,391
392,3.1119673463473774,1.821298497409124,8517,16571,1,392
393,9.31538156279355,4.619849583491995,8518,16571,1,393
394,4.814615714885576,-8.50294604857794,8519,16571,1,394
395,-7.583911185705057,-0.2664491543003393,8520,16571,1,395
396,-8.449137257905656,1.401796951192896,8521,16571,1,396
397,5.553100604302447,-9.258075283597012,8522,16571,1,397
398,9.290126565444933,3.5328942738750904,8523,16571,1,398
399,2.9784054999539915,6.88595509449657,8524,16571,1,399
400,7.949046019804019,0.95933306251961,8525,16571,1,400
401,-8.054024313083342,-9.246179463448131,8526,16571,1,401
402,9.394252307385742,2.715694257399422,8527,16571,1,402
403,-1.3679543692378289,3.781384044223593,8528,16571,1,403
404,6.003175788107036,-0.442933116533176,8529,16571,1,404
405,-3.5178291645218174,6.707921318308038,8530,16571,1,405
406,7.56670143087533,-5.795952431558642,8531,16571,1,406
407,-0.8899758713215729,-9.4773082175682,8532,16571,1,407
408,2.649137144529508,8.702249545610265,8533,16571,1,408
409,8.025521710804714,0.654216141026291,8534,16571,1,409
410,-3.671295180037326,7.815360998347902,8535,16571,1,410
411,-8.583226210179355,-3.165257827404222,8536,16571,1,411
412,7.788300458065521,-4.015433728890447,8537,16571,1,412
413,0.7680561937606445,0.4151454814733704,8538,16571,1,413
414,-7.285311423285929,8.956843761612639,8539,16571,1,414
415,4.879173624294404,-9.2542910209635,8540,16571,1,415
416,-5.310147775921119,-6.417515569942727,8541,16571,1,416
417,3.629479600234181,1.9298371084543149,8542,16571,1,417
418,0.5193022115182977,6.962662609818178,8543,16571,1,418
419,6.380532551543322,-1.2684782236527408,8544,16571,1,419
420,-8.446463046077632,-9.643279191988034,8545,16571,1,420
421,-2.8862448523611395,1.069546437718035,8546,16571,1,421
422,9.201143229031889,2.303063996770117,8547,16571,1,422
423,9.068380766868902,-5.288688126543837,8548,16571,1,423
424,-3.882897306862379,8.144251857672199,8549,16571,1,424
425,6.531334020518337,-4.617149543293384,8550,16571,1,425
426,-7.304766064631922,-5.662111341272647,8551,16571,1,426
427,6.4274281698009865,3.6478334707858,8552,16571,1,427
428,-6.350436019949006,-9.87479198129984,8553,16571,1,428
429,6.040304014274632,-7.886067816387554,8554,16571,1,429
430,5.247275420847657,9.568175174212431,8555,16571,1,430
431,0.5187813243194022,1.5411277303958926,8556,16571,1,431
432,3.272046108495436,3.5533051419763595,8557,16571,1,432
433,3.887206037750431,-0.2822372873935901,8558,16571,1,433
434,-8.60200960520566,-8.067502266811085,8559,16571,1,434
435,-9.887011283346798,0.2247745847246012,8560,16571,1,435
436,-5.916833591375803,4.284062509026196,8561,16571,1,436
437,5.429458151928813,-7.6216795680695455,8562,16571,1,437
438,-5.6491352370150905,0.5936288823788427,8563,16571,1,438
439,-6.385180828867078,0.5098784958410736,8564,16571,1,439
440,-8.06881705282841,-9.507548319432347,8565,16571,1,440
441,-3.817606753748864,-3.255253739433208,8566,16571,1,441
442,9.38411432667931,-5.833693108287799,8567,16571,1,442
443,-9.585697627822857,8.295428585695962,8568,16571,1,443
444,3.875451516739128,-3.723516136603431,8569,16571,1,444
445,5.412367035002498,4.122382479006364,8570,16571,1,445
446,4.101852182362208,1.1545132480842497,8571,16571,1,446
447,-1.374996890021766,3.8891903216968906,8572,16571,1,447
448,-9.442118689354214,-8.944337315273923,8573,16571,1,448
449,2.299235986790197,7.9772732775831585,8574,16571,1,449
450,6.741422488439998,4.06653728230272,8575,16571,1,450
451,-1.959995766210964,-7.083922092870187,8576,16571,1,451
452,5.658124460870571,-2.821008528615112,8577,16571,1,452
453,-9.850308790076298,-3.0209700892801905,8578,16571,1,453
454,0.4207050728331687,1.460610402590918,8579,16571,1,454
455,-0.108830972666043,-6.196588584208989,8580,16571,0,455
456,-8.060741301251754,0.0943176508001837,8581,16571,1,456
457,-5.170646711980318,4.329290752569241,8582,16571,1,457
458,8.640851388203114,7.338027926137247,8583,16571,1,458
459,-1.1585279070412362,5.750253755610794,8584,16571,1,459
460,5.596254676226224,0.2527938487087429,8585,16571,1,460
461,-3.785490453130331,3.5376825427183967,8586,16571,1,461
462,-8.918835120295874,7.471125197142776,8587,16571,1,462
463,6.765494808636767,3.4422793738217834,8588,16571,1,463
464,9.6112384911381,4.438982629994346,8589,16571,1,464
465,7.203995061642488,-3.4507652871222128,8590,16571,1,465
466,9.471232203039849,-4.545230133664317,8591,16571,1,466
467,2.0193030267423038,-1.265679774962221,8592,16571,1,467
468,3.9225344513784144,9.605286408353416,8593,16571,1,468
469,-4.461712718905919,-2.5672504366162947,8594,16571,1,469
470,4.1869072129982285,1.0200267002760768,8595,16571,1,470
471,-4.7365202317314825,-6.375776860774609,8596,16571,1,471
472,-4.792254376590495,5.123804997611593,8597,16571,1,472
473,7.845342559172082,6.047686320567454,8598,16571,1,473
474,3.2628116485079204,-4.892602816970215,8599,16571,1,474
475,-7.045817475436474,8.455168947213153,8600,16571,1,475
476,-1.7931675488221863,-6.132660405153132,8601,16571,1,476
477,8.161917073553486,-3.78114633996324,8602,16571,1,477
478,4.487130623493577,2.982341224479356,8603,16571,1,478
479,-4.41185484176621,7.828676062703323,8604,16571,1,479
480,-9.864701317792337,-3.1386465271274915,8605,16571,1,480
481,-5.345337957835248,-5.668535528963885,8606,16571,1,481
482,-4.00823718531824,-1.569335739431736,8607,16571,1,482
483,2.083346630330423,-6.542774249535821,8608,16571,1,483
484,3.749706365352868,-1.5006996313482528,8609,16571,1,484
485,-0.9264208730806408,6.05272804568553,8610,16571,1,485
486,7.11799949868341,-2.627721041752502,8611,16571,1,486
487,-4.121791822864274,-7.752366422568397,8612,16571,1,487
488,2.772944734993013,-3.9990671185917455,8613,16571,1,488
489,-3.278737774922691,-7.178384161983511,8614,16571,1,489
490,-8.571248061146129,2.090166797893719,8615,16571,1,490
491,1.3731492395943228,-8.5958218170701,8616,16571,1,491
492,2.184692179395748,5.213535488345055,8617,16571,1,492
493,6.950679902510487,0.2462824652570781,8618,16571,1,493
494,1.2776778406519291,7.793565447111934,8619,16571,1,494
495,7.330707740691437,7.464337506514667,8620,16571,1,495
496,6.530586500403508,4.126046696339591,8621,16571,1,496
497,-0.0969140303404518,-0.6234157476295277,8622,16571,0,497
498,-5.9654819679779125,-5.198233653295219,8623,16571,1,498
499,2.210138905363223,-1.9447774338564356,8624,16571,1,499
500,9.904449077420136,-1.7353383989824265,8625,16571,1,500
501,-7.332595254502299,-1.5193330113042336,8626,16571,1,501
502,8.859189780337847,4.575126378415391,8627,16571,1,502
503,-8.510761921735561,-4.992094020230537,8628,16571,1,503
504,-3.9370960658001657,6.372066217315751,8629,16571,1,504
505,-3.7773726547143305,-0.6558454605034427,8630,16571,1,505
506,7.036299361406151,5.92684749074559,8631,16571,1,506
507,8.486042817243458,-3.883751449963624,8632,16571,1,507
508,-4.92277026545453,-7.381448434956841,8633,16571,1,508
509,0.4635357589444133,-9.29471138102361,8634,16571,1,509
510,9.412875427208633,6.5757760815074455,8635,16571,1,510
511,5.896111789825786,2.0400626533558235,8636,16571,1,511
512,-1.43031434357831,4.85897437964522,8637,16571,1,512
513,5.322221017738178,-9.916235994369432,8638,16571,1,513
514,0.3783385444943121,-6.07352852554264,8639,16571,1,514
515,9.755408396529743,8.700586205891362,8640,16571,1,515
516,-9.653466327521304,0.910137396376726,8641,16571,1,516
517,-3.301656194073188,-9.260956473495114,8642,16571,1,517
518,-6.358194735296776,-9.533271417892166,8643,16571,1,518
519,5.799968247816432,7.423525052458643,8644,16571,1,519
520,-9.89250711445415,-2.995949679489076,8645,16571,1,520
521,-4.928842980304509,-1.4827389153172543,8646,16571,1,521
522,-3.6823250612844287,1.400962461222102,8647,16571,1,522
523,-2.058473872020397,0.9658951178852532,8648,16571,1,523
524,-5.90052520327114,-0.0013681347538749,8649,16571,1,524
525,-8.578325224969085,0.1601904868352637,8650,16571,1,525
526,-1.607840824118373,-1.3959935821524248,8651,16571,1,526
527,-9.804623679721526,-2.4944004432861755,8652,16571,1,527
528,-4.4085950869800605,6.202599952082302,8653,16571,1,528
529,-9.308214427533958,0.8626085683200095,8654,16571,1,529
530,6.627368423770548,-2.216647316860736,8655,16571,1,530
531,0.6018669601003594,0.3282799727772172,8656,16571,1,531
532,-0.7321200038111968,-8.483531981005425,8657,16571,1,532
533,-2.515342858829797,0.9508904333529262,8658,16571,1,533
534,-1.606709492834879,8.809251603561801,8659,16571,1,534
535,-4.416769710466535,6.161721119898321,8660,16571,1,535
536,-7.501635646675455,8.929928362080876,8661,16571,1,536
537,4.909019595227003,4.706348136196578,8662,16571,1,537
538,5.398305814556888,-9.899402283326618,8663,16571,1,538
539,7.10214866343938,2.9389935786895105,8664,16571,1,539
540,-0.5566371167578783,-4.002964048365167,8665,16571,1,540
541,-7.457474544063563,2.2589827348562146,8666,16571,1,541
542,4.629251473728592,-4.534047923919903,8667,16571,1,542
543,8.575621257263187,-5.406376394040304,8668,16571,1,543
544,-4.561111759732484,6.761554330955555,8669,16571,1,544
545,4.727950368069347,1.9080650110136297,8670,16571,1,545
546,-9.09173616821027,6.210519232311633,8671,16571,1,546
547,-4.9746114009068965,-6.189422561976043,8672,16571,1,547
548,4.759422549790241,-2.8725603640409547,8673,16571,1,548
549,2.9486532902825395,6.57843951100363,8674,16571,1,549
550,-4.9292890547515045,-2.7543259845508983,8675,16571,1,550
551,-1.030844743922685,6.680033750021405,8676,16571,1,551
552,-6.208394335479966,-2.7183106465279323,8677,16571,1,552
553,8.861794591282678,-7.569689906089991,8678,16571,1,553
554,-8.262862583731083,5.557260931794939,8679,16571,1,554
555,1.6760353255770395,-7.326909940558457,8680,16571,1,555
556,-9.233185021443129,-8.385494073235808,8681,16571,1,556
557,1.0565918443642437,-1.389348106905647,8682,16571,1,557
558,-4.028531640746131,-6.638287786806929,8683,16571,1,558
559,9.480058456990786,1.3701044515772836,8684,16571,1,559
560,-3.030608811531565,9.404127717950036,8685,16571,1,560
561,-5.318688346649447,-1.883952079939192,8686,16571,1,561
562,-8.7085522534071,4.7811405797795725,8687,16571,1,562
563,-9.223406063643896,1.2136823861656223,8688,16571,1,563
564,2.66656861521599,-2.425294890902996,8689,16571,1,564
565,-1.1281146303409957,-3.976713195866375,8690,16571,1,565
566,-5.46001700601467,9.922411552825768,8691,16571,1,566
567,-9.26914640668608,5.2957585812095775,8692,16571,1,567
568,8.00301037884627,3.07382554299849,8693,16571,1,568
569,-0.6063015743772109,-1.4180743388477275,8694,16571,1,569
570,-8.538590671022352,1.66264364156617,8695,16571,1,570
571,-0.6361856050015451,-0.1899756733870727,8696,16571,1,571
572,-4.13543710645051,-7.661668552176282,8697,16571,1,572
573,2.4218344002710346,-6.098831566406702,8698,16571,1,573
574,7.040761056806566,7.727786718944657,8699,16571,1,574
575,5.282114565429444,-8.995507191892338,8700,16571,1,575
576,1.225682148788101,8.530276911460096,8701,16571,1,576
577,9.332245265644794,-5.124699269219954,8702,16571,1,577
578,-5.736089956434512,-1.1620425312815374,8703,16571,1,578
579,-4.968515008227559,-1.678770303332236,8704,16571,1,579
580,7.289334786448226,-2.850961314452631,8705,16571,1,580
581,8.471760264788998,-7.820104832324453,8706,16571,1,581
582,-4.51050755377175,-9.10735148189579,8707,16571,1,582
583,3.868793227675532,-6.9882530721877085,8708,16571,1,583
584,5.637512448257178,-6.212266558860127,8709,16571,1,584
585,0.8683518432920412,-7.215976772917148,8710,16571,1,585
586,8.224282711017551,1.3350419279879606,8711,16571,1,586
587,0.8784154932144599,-9.49625871722128,8712,16571,1,587
588,-0.8304453872763133,7.73562478773594,8713,16571,1,588
589,-9.190930614139308,9.312265041852536,8714,16571,1,589
590,3.0153863678357613,2.245464535946507,8715,16571,1,590
591,-2.231569746393629,4.162419220526774,8716,16571,1,591
592,-7.744649359076035,6.268182257342069,8717,16571,1,592
593,-9.434705100724898,2.734328287565752,8718,16571,1,593
594,-8.627438263474245,-0.1205377735363928,8719,16571,1,594
595,8.278860337141161,1.076367833614542,8720,16571,1,595
596,-9.702701863114102,-4.461098493734223,8721,16571,1,596
597,7.935640847044041,-5.11461028090431,8722,16571,1,597
598,-5.726087640249522,-9.09983862890165,8723,16571,1,598
599,6.713157843802296,4.422195325893449,8724,16571,1,599
600,2.995928925804021,0.8805653738637922,8725,16571,1,600
601,-8.725725893946638,5.210920092773051,8726,16571,1,601
602,-3.7217517490585017,6.771881298465299,8727,16571,1,602
603,9.193964950496357,1.2105779059567627,8728,16571,1,603
604,-0.2840693553060838,9.83065832773239,8729,16571,1,604
605,0.833879935159576,-5.109250746546953,8730,16571,1,605
606,-1.1723104673462537,-7.271816411444987,8731,16571,1,606
607,-6.463167243939831,-9.574698680096956,8732,16571,1,607
608,-6.5321342887555245,-4.719630094656548,8733,16571,1,608
609,-5.159648791770735,-4.546997509034263,8734,16571,1,609
610,-8.892213222201477,4.905212960722064,8735,16571,1,610
611,-1.0789995218825954,5.350090365096168,8736,16571,1,611
612,-3.4802844456169213,4.699788948131509,8737,16571,1,612
613,-6.020906217006987,-5.338199574834359,8738,16571,1,613
614,-0.7402008374644105,8.45287160826134,8739,16571,1,614
615,-3.3939893268893755,8.887855504000807,8740,16571,1,615
616,5.784888383472479,-1.296766442087165,8741,16571,1,616
617,-6.446582421273021,-9.983137620453212,8742,16571,1,617
618,6.366293168599931,4.205167561063384,8743,16571,1,618
619,9.511970323485794,1.60333023283356,8744,16571,1,619
620,-6.909797305782419,8.786096051983524,8745,16571,1,620
621,1.8624558018303572,-6.5347797695778365,8746,16571,1,621
622,-2.823549129306504,9.240804620463926,8747,16571,1,622
623,1.273023084072717,-0.2856558284552619,8748,16571,1,623
624,5.819564650174534,6.369377906176382,8749,16571,1,624
0,-7.111071509909519,6.984151073529194,8750,16492,1,0
1,-6.691927199752046,-2.8362384677871777,8751,16492,1,1
2,-1.019519097601167,9.31777196328953,8752,16492,1,2
3,5.2019774870653706,8.608183358143538,8753,16492,1,3
4,5.047386231180743,-6.321863741173351,8754,16492,1,4
5,-8.845886732006011,6.508368681884647,8755,16492,1,5
6,-7.121969974128685,-5.166272667908379,8756,16492,1,6
7,-7.16354062485637,-6.464960586775739,8757,16492,1,7
8,5.262489414526785,9.34032622439484,8758,16492,1,8
9,5.182338863934062,-9.597456544076612,8759,16492,1,9
10,7.714649293708181,-1.1464052732859091,8760,16492,1,10
11,-2.3779558201660755,6.126562816124284,8761,16492,1,11
12,-5.294579005341713,-2.916623288007328,8762,16492,1,12
13,-7.178673421680952,0.0880729262986683,8763,16492,1,13
14,7.367195415184842,-0.6437098407473822,8764,16492,1,14
15,-8.29930472043438,4.638502444871991,8765,16492,1,15
16,4.720689410833474,5.047926513693133,8766,16492,1,16
17,-0.4307935901731756,5.253417875990527,8767,16492,1,17
18,3.369497370561838,-2.778832447521322,8768,16492,1,18
19,8.599841441936501,-3.851309397257081,8769,16492,1,19
20,-0.7103790048968968,-2.163716258433248,8770,16492,1,20
21,-7.506045954098344,-5.962634159794251,8771,16492,1,21
22,8.801281055979896,-7.7625097308611934,8772,16492,1,22
23,7.211056926013263,4.344826717491507,8773,16492,1,23
24,-5.172841351038258,2.722101152693705,8774,16492,1,24
25,3.773367057300643,-3.875608026706927,8775,16492,1,25
26,-1.9325135112765128,-3.0362051871766,8776,16492,1,26
27,-1.8721351408021287,-6.821060412874593,8777,16492,1,27
28,0.0777945673031865,-4.010117058414648,8778,16492,0,28
29,6.036818020250582,4.31599877302002,8779,16492,1,29
30,3.3621001034034865,-6.984542630285406,8780,16492,1,30
31,2.008770880594895,0.3183229641749214,8781,16492,1,31
32,1.0566720594499923,3.716151443687908,8782,16492,1,32
33,-4.960910949428065,5.368801257511695,8783,16492,1,33
34,6.887944159119094,-5.601075732895469,8784,16492,1,34
35,-8.570067440887549,-8.68765598818177,8785,16492,1,35
36,5.859091891293655,6.848707296588636,8786,16492,1,36
37,7.512120281177417,-5.148991131723568,8787,16492,1,37
38,5.240373554781844,0.2040724691777349,8788,16492,1,38
39,1.980124447421776,3.8603841178729255,8789,16492,1,39
40,9.064761927033535,5.07514278334294,8790,16492,1,40
41,-7.883579524072748,7.105051720531716,8791,16492,1,41
42,-9.942991131212809,-6.151822564812994,8792,16492,1,42
43,5.539956146488665,-3.807591143099347,8793,16492,1,43
44,9.60173966169291,-2.3269406152970245,8794,16492,1,44
45,1.5616464747866026,-5.601562959539423,8795,16492,1,45
46,-6.824370908951787,6.837266993615327,8796,16492,1,46
47,8.271673701284161,-1.823405308602652,8797,16492,1,47
48,-7.397834114316046,7.301592253007737,8798,16492,1,48
49,-2.485004877038934,-1.9092138245208223,8799,16492,1,49
50,-4.526897922801718,3.0238821760903445,8800,16492,1,50
51,4.2748174850034495,-1.93925994506526,8801,16492,1,51
52,6.637076447902974,6.541492214401842,8802,16492,1,52
53,1.1136886788806084,9.479259447907737,8803,16492,1,53
54,-0.4744919875511684,-2.777312361559443,8804,16492,1,54
55,2.2334604001509675,-6.37974833028127,8805,16492,1,55
56,-8.382491497676003,0.7817391984052886,8806,16492,1,56
57,-6.579214866971417,5.799243384419929,8807,16492,1,57
58,-7.839764934863791,-2.591630786923876,8808,16492,1,58
59,-7.001607445197459,-9.35473749618663,8809,16492,1,59
60,-4.2531958939643495,6.8217555219092,8810,16492,1,60
61,-5.726581679029139,-8.752532421653296,8811,16492,1,61
62,-2.590552795790904,5.843248360886651,8812,16492,1,62
63,-3.5652759702860592,5.110570881449894,8813,16492,1,63
64,5.942730329697989,4.791285261832293,8814,16492,1,64
65,4.084058414658646,6.401542276889479,8815,16492,1,65
66,-7.625116246421242,-2.625002403469667,8816,16492,1,66
67,6.347278611314756,-2.4015085093861988,8817,16492,1,67
68,5.273930731198547,-1.9405560076686277,8818,16492,1,68
69,-0.8255785186696212,-7.434609707200705,8819,16492,1,69
70,4.028969909064962,-9.652181399036577,8820,16492,1,70
71,7.329871199225849,-3.695476930039776,8821,16492,1,71
72,8.434272450204162,6.334699571487079,8822,16492,1,72
73,-4.585845280549091,2.517407975257948,8823,16492,1,73
74,1.6287909003002363,-3.807482262916509,8824,16492,1,74
75,-0.3489358388548584,-9.413316213161442,8825,16492,1,75
76,-0.9201115082137096,-6.648980045850181,8826,16492,1,76
77,-5.222335894142653,-5.55078297993435,8827,16492,1,77
78,-6.106802703400296,-1.483829641811628,8828,16492,1,78
79,6.4233197631268695,-2.719970157462201,8829,16492,1,79
80,3.712253319761565,-8.35895837654055,8830,16492,1,80
81,-8.136592918589455,9.581530148324408,8831,16492,1,81
82,0.788327051301172,0.3513259554028369,8832,16492,1,82
83,-4.015465295844436,3.714035277764333,8833,16492,1,83
84,0.0793831346034164,6.629609904696544,8834,16492,0,84
85,-5.021296365474328,3.979367782166507,8835,16492,1,85
86,-9.020524127180549,7.900606736278423,8836,16492,1,86
87,0.5824528284492203,-0.4486843692217803,8837,16492,1,87
88,1.2746898729413907,-9.537327921084076,8838,16492,1,88
89,8.989315567045871,5.006820327398522,8839,16492,1,89
90,7.06508969196469,-7.913291151186197,8840,16492,1,90
91,-4.13523501021559,0.6254332859623464,8841,16492,1,91
92,0.0235579265994623,7.721315056979428,8842,16492,0,92
93,-0.5194455762465804,0.9967027006415244,8843,16492,1,93
94,7.686707537287155,5.495481771649418,8844,16492,1,94
95,2.460121940851881,-0.7399662832901317,8845,16492,1,95
96,-4.981011053860116,-9.078134812583,8846,16492,1,96
97,8.98639602313375,6.794495337232952,8847,16492,1,97
98,9.711013117681876,9.20315699773155,8848,16492,1,98
99,-6.762957773112936,2.172152376184167,8849,16492,1,99
100,8.648196616762093,-5.822833863932839,8850,16492,1,100
101,6.431737721289231,0.820881495797714,8851,16492,1,101
102,0.6602362081138207,1.445855625080256,8852,16492,1,102
103,0.2834020367396839,0.0165167414502587,8853,16492,1,103
104,0.4513394368894925,5.650358468233474,8854,16492,1,104
105,-2.276004762926222,-7.531148609451563,8855,16492,1,105
106,-1.9839311563929505,-4.728580785352259,8856,16492,1,106
107,-5.987189443827587,-9.542439654654917,8857,16492,1,107
108,-0.6123358877669176,5.031836588565053,8858,16492,1,108
109,-1.9454500493857625,-9.626775906945364,8859,16492,1,109
110,-5.176309600142909,-1.194971727809012,8860,16492,1,110
111,-9.096735152820354,-7.715128571886134,8861,16492,1,111
112,9.158782088908795,2.9511134691823067,8862,16492,1,112
113,7.1299555113593485,-3.613261977511901,8863,16492,1,113
114,-5.5035293431097365,2.19178123329694,8864,16492,1,114
115,0.2568473821302479,-6.913690923761351,8865,16492,1,115
116,-2.586547681253002,-7.250570376527142,8866,16492,1,116
117,1.2837346069832645,0.6294629322912364,8867,16492,1,117
118,5.803922835328585,-8.375753105114379,8868,16492,1,118
119,-5.058666865970638,1.658375438029026,8869,16492,1,119
120,1.5920270567297052,1.1577514914120286,8870,16492,1,120
121,6.538474973559165,2.1815854956641,8871,16492,1,121
122,1.6025917782971728,2.7924495919985723,8872,16492,1,122
123,2.2502800585627707,2.179114523608096,8873,16492,1,123
124,7.560280018546276,-5.930498759189369,8874,16492,1,124
125,3.002703650773652,-0.2625612446368919,8875,16492,1,125
126,-4.872433867639003,2.991967554313044,8876,16492,1,126
127,-6.000546672003693,-1.2074134062362525,8877,16492,1,127
128,-7.316771848563803,-9.37122771972416,8878,16492,1,128
129,5.673290936753993,4.784343055125479,8879,16492,1,129
130,-0.1583573513204683,1.9890602898413297,8880,16492,0,130
131,-8.794236400831663,-6.74329095774665,8881,16492,1,131
132,2.7294514206026026,2.283002679349336,8882,16492,1,132
133,-3.402519146739456,-1.756481816386291,8883,16492,1,133
134,0.0495808824338368,-4.06094834732444,8884,16492,0,134
135,1.0708962512928295,7.63801170575293,8885,16492,1,135
136,-4.134090459937958,2.837756202896633,8886,16492,1,136
137,-5.61894491670397,2.842989627687418,8887,16492,1,137
138,6.5711088919874605,-8.554878619577355,8888,16492,1,138
139,1.8602290067284384,4.620116785944862,8889,16492,1,139
140,5.985405476650932,3.790479319052928,8890,16492,1,140
141,7.445918979749319,8.740049731978068,8891,16492,1,141
142,-2.8667907204652714,-2.5950296302288383,8892,16492,1,142
143,7.124299442791095,-2.442349070991609,8893,16492,1,143
144,7.145975957239109,6.941008605109246,8894,16492,1,144
145,-3.923786505531133,-5.253338179980878,8895,16492,1,145
146,-8.82535564040751,3.5861824333169032,8896,16492,1,146
147,-4.074025975649276,-5.5592149223373895,8897,16492,1,147
148,-3.792339839589836,4.162048971355453,8898,16492,1,148
149,-2.142260920971788,5.998535312266981,8899,16492,1,149
150,8.760631997495882,5.343678243603435,8900,16492,1,150
151,-5.5504498706672445,-9.904127847219556,8901,16492,1,151
152,-5.697634352712992,7.297636518788707,8902,16492,1,152
153,-0.1402666926435518,-7.795303168477821,8903,16492,0,153
154,3.37307091232184,-0.1660849681860003,8904,16492,1,154
155,8.175770112544036,5.595480909455915,8905,16492,1,155
156,4.910180292044188,-7.343151176175278,8906,16492,1,156
157,-6.278164746435735,2.7619345658047862,8907,16492,1,157
158,-9.344670859064848,5.712583718595496,8908,16492,1,158
159,-1.5416175299410444,-7.241391822401373,8909,16492,1,159
160,-2.5157120190518256,-1.9059626860831909,8910,16492,1,160
161,-3.592186354604583,0.4236920784638958,8911,16492,1,161
162,-6.537235421262915,-8.535128289532386,8912,16492,1,162
163,-4.4789249273727005,-3.969827047593285,8913,16492,1,163
164,7.581919063285799,-4.01528718721506,8914,16492,1,164
165,3.037334548442544,6.177448614526991,8915,16492,1,165
166,-6.00155292341539,2.062295978732731,8916,16492,1,166
167,1.3697032584695457,9.75641188754446,8917,16492,1,167
168,-6.676086697154116,-5.660399938989372,8918,16492,1,168
169,4.382575814024722,7.904823396477482,8919,16492,1,169
170,1.8172098735439484,7.501060552126852,8920,16492,1,170
171,-0.7065881165385619,7.72857802640911,8921,16492,1,171
172,0.7112972229197467,-1.518191795895305,8922,16492,1,172
173,5.223512268854044,5.673038040684252,8923,16492,1,173
174,-0.9309090835704374,4.450649279506882,8924,16492,1,174
175,8.976162085315671,-5.755479588210505,8925,16492,1,175
176,7.097223948958021,-9.573246032331175,8926,16492,1,176
177,8.879979668797084,7.117862970720086,8927,16492,1,177
178,4.576308264859563,2.9680184219380656,8928,16492,1,178
179,-8.519482446883512,0.1832212816875529,8929,16492,1,179
180,4.3686890070415,9.305747047784912,8930,16492,1,180
181,7.954397991764178,0.8447728534459849,8931,16492,1,181
182,-0.9128328422311504,2.517013292112312,8932,16492,1,182
183,-3.958738746486508,4.115996749076532,8933,16492,1,183
184,-3.628099021267152,9.796812129345373,8934,16492,1,184
185,3.2137031098278754,2.3111701896860737,8935,16492,1,185
186,-5.587667623543178,4.890216841071149,8936,16492,1,186
187,5.485347339127989,-3.064093714829814,8937,16492,1,187
188,-1.9080137128742043,-7.10664726796852,8938,16492,1,188
189,-9.819410456692296,-2.783494805097318,8939,16492,1,189
190,-7.084393689762633,-6.43017384634531,8940,16492,1,190
191,1.6404459114334102,-2.315286743212111,8941,16492,1,191
192,8.870326967997425,0.0764436141031676,8942,16492,1,192
193,-2.1976195963551053,8.95538164078009,8943,16492,1,193
194,6.023051918749534,1.6735085395153355,8944,16492,1,194
195,-8.180960543055447,4.653039748465735,8945,16492,1,195
196,6.206770666078029,-3.1218059663065496,8946,16492,1,196
197,-1.1195935556803622,2.7034018948282856,8947,16492,1,197
198,7.396908960121543,-1.076509018660092,8948,16492,1,198
199,-7.795011359618327,5.054207245568772,8949,16492,1,199
200,9.33136197781274,-5.860769452863915,8950,16492,1,200
201,4.57298257186881,-3.5408344707690205,8951,16492,1,201
202,-5.354913530568524,8.595554941421359,8952,16492,1,202
203,-9.361100041232946,-7.084640793594126,8953,16492,1,203
204,-6.245375121740979,3.913806318410156,8954,16492,1,204
205,-2.2203062211213087,2.603930607537407,8955,16492,1,205
206,-6.793070475965304,5.514161077619804,8956,16492,1,206
207,3.5367009236126776,5.685590393998117,8957,16492,1,207
208,8.544993396579361,8.823734344673984,8958,16492,1,208
209,-4.143035789844243,2.4663726736052816,8959,16492,1,209
210,-6.090645309271084,8.31850699759024,8960,16492,1,210
211,4.418657012728108,-9.717425529488631,8961,16492,1,211
212,-0.6749991472736294,6.170018512471245,8962,16492,1,212
213,1.6520873090091095,4.590225117125069,8963,16492,1,213
214,-1.93950885446365,5.609791266165512,8964,16492,1,214
215,-0.5166707760277855,-4.151766038141407,8965,16492,1,215
216,-4.77281924477764,-5.350241610351518,8966,16492,1,216
217,3.055160532425633,-0.895458496527155,8967,16492,1,217
218,-1.9334084608635784,3.639733455926814,8968,16492,1,218
219,-5.799388578823699,-3.202991713691146,8969,16492,1,219
220,-9.19700533883756,7.093865728902713,8970,16492,1,220
221,-1.856899123792001,2.452320748205468,8971,16492,1,221
222,2.1758874662182865,-0.971793754099231,8972,16492,1,222
223,-2.1374828044472576,-1.8419779178975144,8973,16492,1,223
224,-1.7801915649296711,0.0964287325947843,8974,16492,1,224
225,1.7985017296544503,5.565598506261454,8975,16492,1,225
226,2.7362398161440904,-0.7447559903452898,8976,16492,1,226
227,7.86561236257706,5.366390195901175,8977,16492,1,227
228,1.011586292402395,8.30135461897352,8978,16492,1,228
229,-3.239361457708738,8.756696210198488,8979,16492,1,229
230,7.035244510939819,-5.373023121797964,8980,16492,1,230
231,-5.006990145353325,-5.047871023800628,8981,16492,1,231
232,-8.947515806118485,-4.303632035691392,8982,16492,1,232
233,7.705277448654655,-9.94857683447374,8983,16492,1,233
234,-2.3640080447153844,-6.15673757815816,8984,16492,1,234
235,9.75376679584918,-4.211704514785433,8985,16492,1,235
236,1.1000488447707806,1.7419997994968064,8986,16492,1,236
237,-5.459476943309238,0.7748859579210166,8987,16492,1,237
238,1.4504961451890337,-3.42642942976378,8988,16492,1,238
239,4.081899179655446,-8.773488639877007,8989,16492,1,239
240,-9.404165939417446,-6.597619584722936,8990,16492,1,240
241,-5.981968309993211,-4.616741517796001,8991,16492,1,241
242,1.3594283877091513,-1.2318037438101967,8992,16492,1,242
243,-5.078035838551265,3.958183645534387,8993,16492,1,243
244,5.81563455864204,-4.99634101409745,8994,16492,1,244
245,8.369819911943758,4.641852821761489,8995,16492,1,245
246,1.0146196929902516,-6.113956426248317,8996,16492,1,246
247,2.6726255958148077,-2.50880967936183,8997,16492,1,247
248,-1.0644184580327387,4.151302268995359,8998,16492,1,248
249,2.9339910330988754,-3.83340041049042,8999,16492,1,249
250,-9.460588072364695,9.90843212799685,9000,16492,1,250
251,3.954936924132678,-8.303557537061357,9001,16492,1,251
252,-4.561076376267752,5.334199418296684,9002,16492,1,252
253,-5.800764499412743,-9.056125940972295,9003,16492,1,253
254,3.918815013455241,2.1131061196329317,9004,16492,1,254
255,-8.10635696780222,0.7080095385916216,9005,16492,1,255
256,9.195876999348592,-4.628210334153737,9006,16492,1,256
257,7.193581813124904,-7.782893001267537,9007,16492,1,257
258,5.944672874325271,5.0157026870279005,9008,16492,1,258
259,1.3612633116676631,8.659090507919856,9009,16492,1,259
260,9.607542217004353,8.16563127512606,9010,16492,1,260
261,0.8939686790499515,-6.962966883491228,9011,16492,1,261
262,-5.997802462385735,-8.55611610429727,9012,16492,1,262
263,-8.829350173624032,0.5475750312078702,9013,16492,1,263
264,-3.943297216481378,-1.8807658400933391,9014,16492,1,264
265,5.111246210654644,-0.8299141344403616,9015,16492,1,265
266,8.204026236353432,-3.4333705749456094,9016,16492,1,266
267,4.690568244761408,-7.573961366852946,9017,16492,1,267
268,-3.1255632227740904,6.9146220977828605,9018,16492,1,268
269,-2.204907596779078,4.173937092670199,9019,16492,1,269
270,8.4729829212278,-3.4151676616577014,9020,16492,1,270
271,2.036676787551608,1.8155017718547448,9021,16492,1,271
272,-0.373701140580911,9.401214135957566,9022,16492,1,272
273,9.833092993387162,1.6062239437480643,9023,16492,1,273
274,4.654836586691243,3.5671807975712646,9024,16492,1,274
275,1.39325046303769,6.001093718782101,9025,16492,1,275
276,-4.530452737240706,-0.6742637148341313,9026,16492,1,276
277,0.0011530151831973,3.3268421588371417,9027,16492,0,277
278,-7.737690985589289,-1.0696926827706843,9028,16492,1,278
279,4.173876461625914,-5.522574245112432,9029,16492,1,279
280,-3.939019416995249,7.241102419632142,9030,16492,1,280
281,-8.498846337397637,-1.8291915159071357,9031,16492,1,281
282,3.291281547037378,-0.3564514601153394,9032,16492,1,282
283,4.027054577384387,3.229440414176686,9033,16492,1,283
284,2.1697113785072,7.74426772815389,9034,16492,1,284
285,-8.999904304053253,-4.986419407040719,9035,16492,1,285
286,9.652758597112877,-8.666742481743416,9036,16492,1,286
287,-2.154760450515396,3.416370091406801,9037,16492,1,287
288,6.811711089386282,6.760328068348787,9038,16492,1,288
289,-3.751786610747104,-1.680589676403656,9039,16492,1,289
290,0.5353809006770209,0.4433589486296867,9040,16492,1,290
291,8.842333858720242,1.9074343122128496,9041,16492,1,291
292,4.569481798293145,-0.7066502071483391,9042,16492,1,292
293,-1.044011041109263,0.434969239897109,9043,16492,1,293
294,-2.65384335219387,-5.90737468807353,9044,16492,1,294
295,-1.612355980835794,-6.220508992601048,9045,16492,1,295
296,-4.360045437705214,-1.20292973107542,9046,16492,1,296
297,5.970492210438467,8.053725686385206,9047,16492,1,297
298,-8.558710759722114,-3.763130354499575,9048,16492,1,298
299,-2.9297814963335167,-9.25151916878589,9049,16492,1,299
300,-0.6055965780422152,-9.523690546615835,9050,16492,1,300
301,2.451303185921517,-9.026665869377045,9051,16492,1,301
302,5.128653313430938,-7.301754485050989,9052,16492,1,302
303,5.476231414682042,-3.784441005026258,9053,16492,1,303
304,-7.534138032202239,-0.5379906057370825,9054,16492,1,304
305,2.070609953561757,4.449665519751878,9055,16492,1,305
306,0.1020041542148959,9.930508388654935,9056,16492,0,306
307,-3.642417809752746,-6.142978334133882,9057,16492,1,307
308,1.527882734489765,-8.042916755040647,9058,16492,1,308
309,4.290516967645985,0.7852213896479086,9059,16492,1,309
310,-4.807567349664524,6.849481174018084,9060,16492,1,310
311,-6.1266230616154616,-9.02540248502724,9061,16492,1,311
312,-4.025249390915815,-2.1501587179672965,9062,16492,1,312
313,-5.54390745661733,-3.038824459702858,9063,16492,1,313
314,9.312782426901272,-1.0985296963609503,9064,16492,1,314
315,-9.841178331714,3.916324209892668,9065,16492,1,315
316,8.976237715051823,6.919020233974752,9066,16492,1,316
317,6.738431649391735,5.832393296297834,9067,16492,1,317
318,2.031909022764109,-2.319063278342033,9068,16492,1,318
319,1.2620805933138346,0.4811428795186607,9069,16492,1,319
320,-5.054024117516185,-1.945493253508113,9070,16492,1,320
321,-0.2684746122301611,7.962881020940806,9071,16492,1,321
322,1.1820467154860577,4.731896663965731,9072,16492,1,322
323,2.166232914386825,-1.9240722111376467,9073,16492,1,323
324,-6.797502638162955,-0.3548798685579086,9074,16492,1,324
325,-1.7214380235984947,-6.444701789448279,9075,16492,1,325
326,0.7308568749344211,-4.4592152689482445,9076,16492,1,326
327,6.5636731454933255,-1.0390081774825646,9077,16492,1,327
328,-7.677403072217444,7.0151379946989145,9078,16492,1,328
329,-6.631544343234122,-2.677593642772371,9079,16492,1,329
330,4.704989030737988,-2.849617421835693,9080,16492,1,330
331,4.085759179589219,-0.6035464730659044,9081,16492,1,331
332,-6.440219943237735,3.06323940592954,9082,16492,1,332
333,5.37246533754576,0.6610832920001286,9083,16492,1,333
334,4.775747884381957,8.870559466168125,9084,16492,1,334
335,-3.821402084135004,0.6024006007791787,9085,16492,1,335
336,-2.834792834417696,-8.965051974081481,9086,16492,1,336
337,9.805490961841418,-0.7871676452219827,9087,16492,1,337
338,-3.862147408404129,-3.756632081743378,9088,16492,1,338
339,-2.2204617200397863,-5.450135241283352,9089,16492,1,339
340,5.928755583294137,3.8054375018155735,9090,16492,1,340
341,6.753223705141991,4.6149547590016375,9091,16492,1,341
342,-8.757758687639953,-1.262567898547598,9092,16492,1,342
343,2.8823451209185524,9.374498363551051,9093,16492,1,343
344,-1.2192890842591453,6.167676544310638,9094,16492,1,344
345,-2.5685994422047376,-0.3975803342537993,9095,16492,1,345
346,7.252787837886096,4.904580160645601,9096,16492,1,346
347,-6.990607174365479,-4.967060971169063,9097,16492,1,347
348,-1.1087719547941255,-1.8393317660827984,9098,16492,1,348
349,3.399847413934168,-4.7665263942208576,9099,16492,1,349
350,-2.3080807106379497,5.893075395254321,9100,16492,1,350
351,-4.087294370822785,-9.13030673719664,9101,16492,1,351
352,1.4076135159950915,-9.165323285508036,9102,16492,1,352
353,-0.7835079081304723,6.936437331205987,9103,16492,1,353
354,-0.229466737956228,0.9690939982628084,9104,16492,1,354
355,-8.619655185102427,-6.232765038010357,9105,16492,1,355
356,9.211734478264365,9.529138822212651,9106,16492,1,356
357,-6.723809596461166,-1.591091478594901,9107,16492,1,357
358,-3.047963527593904,6.770461407941259,9108,16492,1,358
359,-8.93428423389544,8.421995564149466,9109,16492,1,359
360,6.3725398427399575,-1.1993717186870256,9110,16492,1,360
361,-5.471163360139039,2.949132077940685,9111,16492,1,361
362,-8.043474100436113,-5.3588630900574135,9112,16492,1,362
363,3.0533908193916304,1.7628196616733316,9113,16492,1,363
364,-7.935482378705698,6.859598053666012,9114,16492,1,364
365,-8.507899617525304,8.84584227779812,9115,16492,1,365
366,-1.9024012897141065,4.240177880289993,9116,16492,1,366
367,2.4731919820355444,8.554968084822839,9117,16492,1,367
368,-2.0085815275667063,1.622706563722469,9118,16492,1,368
369,9.790935573686305,3.201614878834354,9119,16492,1,369
370,-8.185740903808592,0.2990486426387413,9120,16492,1,370
371,-1.2536319448480384,1.8210014332040387,9121,16492,1,371
372,4.624377085522767,-0.8213522054586502,9122,16492,1,372
373,-8.051268152039924,-5.775145205204073,9123,16492,1,373
374,9.982466476008696,-8.754801660539794,9124,16492,1,374
375,-1.71401344661337,3.761722301561738,9125,16492,1,375
376,7.007492405575725,7.297432726655227,9126,16492,1,376
377,4.650642249586745,-3.722975444338039,9127,16492,1,377
378,-1.167153129895777,-4.774246707175016,9128,16492,1,378
379,-1.1807384567429224,-0.7153405743486587,9129,16492,1,379
380,6.636328739172626,-0.683454010377929,9130,16492,1,380
381,3.507132946998308,-3.501277009418784,9131,16492,1,381
382,9.094886234544033,6.860379282575845,9132,16492,1,382
383,9.862387452511124,4.310720274900227,9133,16492,1,383
384,0.833464608629896,7.293993621876524,9134,16492,1,384
385,4.821730557391115,-8.141796054171891,9135,16492,1,385
386,-2.622461361560875,6.310237417021881,9136,16492,1,386
387,3.7039005446361823,0.0233927590901856,9137,16492,1,387
388,-4.857718737467813,4.416363367204523,9138,16492,1,388
389,7.493768663494752,8.359441035752837,9139,16492,1,389
390,2.174873385880975,0.5425030101013704,9140,16492,1,390
391,-5.688693599309262,5.772447403274201,9141,16492,1,391
392,3.1119673463473774,1.821298497409124,9142,16492,1,392
393,9.31538156279355,4.619849583491995,9143,16492,1,393
394,4.814615714885576,-8.50294604857794,9144,16492,1,394
395,-7.583911185705057,-0.2664491543003393,9145,16492,1,395
396,-8.449137257905656,1.401796951192896,9146,16492,1,396
397,5.553100604302447,-9.258075283597012,9147,16492,1,397
398,9.290126565444933,3.5328942738750904,9148,16492,1,398
399,2.9784054999539915,6.88595509449657,9149,16492,1,399
400,7.949046019804019,0.95933306251961,9150,16492,1,400
401,-8.054024313083342,-9.246179463448131,9151,16492,1,401
402,9.394252307385742,2.715694257399422,9152,16492,1,402
403,-1.3679543692378289,3.781384044223593,9153,16492,1,403
404,6.003175788107036,-0.442933116533176,9154,16492,1,404
405,-3.5178291645218174,6.707921318308038,9155,16492,1,405
406,7.56670143087533,-5.795952431558642,9156,16492,1,406
407,-0.8899758713215729,-9.4773082175682,9157,16492,1,407
408,2.649137144529508,8.702249545610265,9158,16492,1,408
409,8.025521710804714,0.654216141026291,9159,16492,1,409
410,-3.671295180037326,7.815360998347902,9160,16492,1,410
411,-8.583226210179355,-3.165257827404222,9161,16492,1,411
412,7.788300458065521,-4.015433728890447,9162,16492,1,412
413,0.7680561937606445,0.4151454814733704,9163,16492,1,413
414,-7.285311423285929,8.956843761612639,9164,16492,1,414
415,4.879173624294404,-9.2542910209635,9165,16492,1,415
416,-5.310147775921119,-6.417515569942727,9166,16492,1,416
417,3.629479600234181,1.9298371084543149,9167,16492,1,417
418,0.5193022115182977,6.962662609818178,9168,16492,1,418
419,6.380532551543322,-1.2684782236527408,9169,16492,1,419
420,-8.446463046077632,-9.643279191988034,9170,16492,1,420
421,-2.8862448523611395,1.069546437718035,9171,16492,1,421
422,9.201143229031889,2.303063996770117,9172,16492,1,422
423,9.068380766868902,-5.288688126543837,9173,16492,1,423
424,-3.882897306862379,8.144251857672199,9174,16492,1,424
425,6.531334020518337,-4.617149543293384,9175,16492,1,425
426,-7.304766064631922,-5.662111341272647,9176,16492,1,426
427,6.4274281698009865,3.6478334707858,9177,16492,1,427
428,-6.350436019949006,-9.87479198129984,9178,16492,1,428
429,6.040304014274632,-7.886067816387554,9179,16492,1,429
430,5.247275420847657,9.568175174212431,9180,16492,1,430
431,0.5187813243194022,1.5411277303958926,9181,16492,1,431
432,3.272046108495436,3.5533051419763595,9182,16492,1,432
433,3.887206037750431,-0.2822372873935901,9183,16492,1,433
434,-8.60200960520566,-8.067502266811085,9184,16492,1,434
435,-9.887011283346798,0.2247745847246012,9185,16492,1,435
436,-5.916833591375803,4.284062509026196,9186,16492,1,436
437,5.429458151928813,-7.6216795680695455,9187,16492,1,437
438,-5.6491352370150905,0.5936288823788427,9188,16492,1,438
439,-6.385180828867078,0.5098784958410736,9189,16492,1,439
440,-8.06881705282841,-9.507548319432347,9190,16492,1,440
441,-3.817606753748864,-3.255253739433208,9191,16492,1,441
442,9.38411432667931,-5.833693108287799,9192,16492,1,442
443,-9.585697627822857,8.295428585695962,9193,16492,1,443
444,3.875451516739128,-3.723516136603431,9194,16492,1,444
445,5.412367035002498,4.122382479006364,9195,16492,1,445
446,4.101852182362208,1.1545132480842497,9196,16492,1,446
447,-1.374996890021766,3.8891903216968906,9197,16492,1,447
448,-9.442118689354214,-8.944337315273923,9198,16492,1,448
449,2.299235986790197,7.9772732775831585,9199,16492,1,449
450,6.741422488439998,4.06653728230272,9200,16492,1,450
451,-1.959995766210964,-7.083922092870187,9201,16492,1,451
452,5.658124460870571,-2.821008528615112,9202,16492,1,452
453,-9.850308790076298,-3.0209700892801905,9203,16492,1,453
454,0.4207050728331687,1.460610402590918,9204,16492,1,454
455,-0.108830972666043,-6.196588584208989,9205,16492,0,455
456,-8.060741301251754,0.0943176508001837,9206,16492,1,456
457,-5.170646711980318,4.329290752569241,9207,16492,1,457
458,8.640851388203114,7.338027926137247,9208,16492,1,458
459,-1.1585279070412362,5.750253755610794,9209,16492,1,459
460,5.596254676226224,0.2527938487087429,9210,16492,1,460
461,-3.785490453130331,3.5376825427183967,9211,16492,1,461
462,-8.918835120295874,7.471125197142776,9212,16492,1,462
463,6.765494808636767,3.4422793738217834,9213,16492,1,463
464,9.6112384911381,4.438982629994346,9214,16492,1,464
465,7.203995061642488,-3.4507652871222128,9215,16492,1,465
466,9.471232203039849,-4.545230133664317,9216,16492,1,466
467,2.0193030267423038,-1.265679774962221,9217,16492,1,467
468,3.9225344513784144,9.605286408353416,9218,16492,1,468
469,-4.461712718905919,-2.5672504366162947,9219,16492,1,469
470,4.1869072129982285,1.0200267002760768,9220,16492,1,470
471,-4.7365202317314825,-6.375776860774609,9221,16492,1,471
472,-4.792254376590495,5.123804997611593,9222,16492,1,472
473,7.845342559172082,6.047686320567454,9223,16492,1,473
474,3.2628116485079204,-4.892602816970215,9224,16492,1,474
475,-7.045817475436474,8.455168947213153,9225,16492,1,475
476,-1.7931675488221863,-6.132660405153132,9226,16492,1,476
477,8.161917073553486,-3.78114633996324,9227,16492,1,477
478,4.487130623493577,2.982341224479356,9228,16492,1,478
479,-4.41185484176621,7.828676062703323,9229,16492,1,479
480,-9.864701317792337,-3.1386465271274915,9230,16492,1,480
481,-5.345337957835248,-5.668535528963885,9231,16492,1,481
482,-4.00823718531824,-1.569335739431736,9232,16492,1,482
483,2.083346630330423,-6.542774249535821,9233,16492,1,483
484,3.749706365352868,-1.5006996313482528,9234,16492,1,484
485,-0.9264208730806408,6.05272804568553,9235,16492,1,485
486,7.11799949868341,-2.627721041752502,9236,16492,1,486
487,-4.121791822864274,-7.752366422568397,9237,16492,1,487
488,2.772944734993013,-3.9990671185917455,9238,16492,1,488
489,-3.278737774922691,-7.178384161983511,9239,16492,1,489
490,-8.571248061146129,2.090166797893719,9240,16492,1,490
491,1.3731492395943228,-8.5958218170701,9241,16492,1,491
492,2.184692179395748,5.213535488345055,9242,16492,1,492
493,6.950679902510487,0.2462824652570781,9243,16492,1,493
494,1.2776778406519291,7.793565447111934,9244,16492,1,494
495,7.330707740691437,7.464337506514667,9245,16492,1,495
496,6.530586500403508,4.126046696339591,9246,16492,1,496
497,-0.0969140303404518,-0.6234157476295277,9247,16492,0,497
498,-5.9654819679779125,-5.198233653295219,9248,16492,1,498
499,2.210138905363223,-1.9447774338564356,9249,16492,1,499
500,9.904449077420136,-1.7353383989824265,9250,16492,1,500
501,-7.332595254502299,-1.5193330113042336,9251,16492,1,501
502,8.859189780337847,4.575126378415391,9252,16492,1,502
503,-8.510761921735561,-4.992094020230537,9253,16492,1,503
504,-3.9370960658001657,6.372066217315751,9254,16492,1,504
505,-3.7773726547143305,-0.6558454605034427,9255,16492,1,505
506,7.036299361406151,5.92684749074559,9256,16492,1,506
507,8.486042817243458,-3.883751449963624,9257,16492,1,507
508,-4.92277026545453,-7.381448434956841,9258,16492,1,508
509,0.4635357589444133,-9.29471138102361,9259,16492,1,509
510,9.412875427208633,6.5757760815074455,9260,16492,1,510
511,5.896111789825786,2.0400626533558235,9261,16492,1,511
512,-1.43031434357831,4.85897437964522,9262,16492,1,512
513,5.322221017738178,-9.916235994369432,9263,16492,1,513
514,0.3783385444943121,-6.07352852554264,9264,16492,1,514
515,9.755408396529743,8.700586205891362,9265,16492,1,515
516,-9.653466327521304,0.910137396376726,9266,16492,1,516
517,-3.301656194073188,-9.260956473495114,9267,16492,1,517
518,-6.358194735296776,-9.533271417892166,9268,16492,1,518
519,5.799968247816432,7.423525052458643,9269,16492,1,519
520,-9.89250711445415,-2.995949679489076,9270,16492,1,520
521,-4.928842980304509,-1.4827389153172543,9271,16492,1,521
522,-3.6823250612844287,1.400962461222102,9272,16492,1,522
523,-2.058473872020397,0.9658951178852532,9273,16492,1,523
524,-5.90052520327114,-0.0013681347538749,9274,16492,1,524
525,-8.578325224969085,0.1601904868352637,9275,16492,1,525
526,-1.607840824118373,-1.3959935821524248,9276,16492,1,526
527,-9.804623679721526,-2.4944004432861755,9277,16492,1,527
528,-4.4085950869800605,6.202599952082302,9278,16492,1,528
529,-9.308214427533958,0.8626085683200095,9279,16492,1,529
530,6.627368423770548,-2.216647316860736,9280,16492,1,530
531,0.6018669601003594,0.3282799727772172,9281,16492,1,531
532,-0.7321200038111968,-8.483531981005425,9282,16492,1,532
533,-2.515342858829797,0.9508904333529262,9283,16492,1,533
534,-1.606709492834879,8.809251603561801,9284,16492,1,534
535,-4.416769710466535,6.161721119898321,9285,16492,1,535
536,-7.501635646675455,8.929928362080876,9286,16492,1,536
537,4.909019595227003,4.706348136196578,9287,16492,1,537
538,5.398305814556888,-9.899402283326618,9288,16492,1,538
539,7.10214866343938,2.9389935786895105,9289,16492,1,539
540,-0.5566371167578783,-4.002964048365167,9290,16492,1,540
541,-7.457474544063563,2.2589827348562146,9291,16492,1,541
542,4.629251473728592,-4.534047923919903,9292,16492,1,542
543,8.575621257263187,-5.406376394040304,9293,16492,1,543
544,-4.561111759732484,6.761554330955555,9294,16492,1,544
545,4.727950368069347,1.9080650110136297,9295,16492,1,545
546,-9.09173616821027,6.210519232311633,9296,16492,1,546
547,-4.9746114009068965,-6.189422561976043,9297,16492,1,547
548,4.759422549790241,-2.8725603640409547,9298,16492,1,548
549,2.9486532902825395,6.57843951100363,9299,16492,1,549
550,-4.9292890547515045,-2.7543259845508983,9300,16492,1,550
551,-1.030844743922685,6.680033750021405,9301,16492,1,551
552,-6.208394335479966,-2.7183106465279323,9302,16492,1,552
553,8.861794591282678,-7.569689906089991,9303,16492,1,553
554,-8.262862583731083,5.557260931794939,9304,16492,1,554
555,1.6760353255770395,-7.326909940558457,9305,16492,1,555
556,-9.233185021443129,-8.385494073235808,9306,16492,1,556
557,1.0565918443642437,-1.389348106905647,9307,16492,1,557
558,-4.028531640746131,-6.638287786806929,9308,16492,1,558
559,9.480058456990786,1.3701044515772836,9309,16492,1,559
560,-3.030608811531565,9.404127717950036,9310,16492,1,560
561,-5.318688346649447,-1.883952079939192,9311,16492,1,561
562,-8.7085522534071,4.7811405797795725,9312,16492,1,562
563,-9.223406063643896,1.2136823861656223,9313,16492,1,563
564,2.66656861521599,-2.425294890902996,9314,16492,1,564
565,-1.1281146303409957,-3.976713195866375,9315,16492,1,565
566,-5.46001700601467,9.922411552825768,9316,16492,1,566
567,-9.26914640668608,5.2957585812095775,9317,16492,1,567
568,8.00301037884627,3.07382554299849,9318,16492,1,568
569,-0.6063015743772109,-1.4180743388477275,9319,16492,1,569
570,-8.538590671022352,1.66264364156617,9320,16492,1,570
571,-0.6361856050015451,-0.1899756733870727,9321,16492,1,571
572,-4.13543710645051,-7.661668552176282,9322,16492,1,572
573,2.4218344002710346,-6.098831566406702,9323,16492,1,573
574,7.040761056806566,7.727786718944657,9324,16492,1,574
575,5.282114565429444,-8.995507191892338,9325,16492,1,575
576,1.225682148788101,8.530276911460096,9326,16492,1,576
577,9.332245265644794,-5.124699269219954,9327,16492,1,577
578,-5.736089956434512,-1.1620425312815374,9328,16492,1,578
579,-4.968515008227559,-1.678770303332236,9329,16492,1,579
580,7.289334786448226,-2.850961314452631,9330,16492,1,580
581,8.471760264788998,-7.820104832324453,9331,16492,1,581
582,-4.51050755377175,-9.10735148189579,9332,16492,1,582
583,3.868793227675532,-6.9882530721877085,9333,16492,1,583
584,5.637512448257178,-6.212266558860127,9334,16492,1,584
585,0.8683518432920412,-7.215976772917148,9335,16492,1,585
586,8.224282711017551,1.3350419279879606,9336,16492,1,586
587,0.8784154932144599,-9.49625871722128,9337,16492,1,587
588,-0.8304453872763133,7.73562478773594,9338,16492,1,588
589,-9.190930614139308,9.312265041852536,9339,16492,1,589
590,3.0153863678357613,2.245464535946507,9340,16492,1,590
591,-2.231569746393629,4.162419220526774,9341,16492,1,591
592,-7.744649359076035,6.268182257342069,9342,16492,1,592
593,-9.434705100724898,2.734328287565752,9343,16492,1,593
594,-8.627438263474245,-0.1205377735363928,9344,16492,1,594
595,8.278860337141161,1.076367833614542,9345,16492,1,595
596,-9.702701863114102,-4.461098493734223,9346,16492,1,596
597,7.935640847044041,-5.11461028090431,9347,16492,1,597
598,-5.726087640249522,-9.09983862890165,9348,16492,1,598
599,6.713157843802296,4.422195325893449,9349,16492,1,599
600,2.995928925804021,0.8805653738637922,9350,16492,1,600
601,-8.725725893946638,5.210920092773051,9351,16492,1,601
602,-3.7217517490585017,6.771881298465299,9352,16492,1,602
603,9.193964950496357,1.2105779059567627,9353,16492,1,603
604,-0.2840693553060838,9.83065832773239,9354,16492,1,604
605,0.833879935159576,-5.109250746546953,9355,16492,1,605
606,-1.1723104673462537,-7.271816411444987,9356,16492,1,606
607,-6.463167243939831,-9.574698680096956,9357,16492,1,607
608,-6.5321342887555245,-4.719630094656548,9358,16492,1,608
609,-5.159648791770735,-4.546997509034263,9359,16492,1,609
610,-8.892213222201477,4.905212960722064,9360,16492,1,610
611,-1.0789995218825954,5.350090365096168,9361,16492,1,611
612,-3.4802844456169213,4.699788948131509,9362,16492,1,612
613,-6.020906217006987,-5.338199574834359,9363,16492,1,613
614,-0.7402008374644105,8.45287160826134,9364,16492,1,614
615,-3.3939893268893755,8.887855504000807,9365,16492,1,615
616,5.784888383472479,-1.296766442087165,9366,16492,1,616
617,-6.446582421273021,-9.983137620453212,9367,16492,1,617
618,6.366293168599931,4.205167561063384,9368,16492,1,618
619,9.511970323485794,1.60333023283356,9369,16492,1,619
620,-6.909797305782419,8.786096051983524,9370,16492,1,620
621,1.8624558018303572,-6.5347797695778365,9371,16492,1,621
622,-2.823549129306504,9.240804620463926,9372,16492,1,622
623,1.273023084072717,-0.2856558284552619,9373,16492,1,623
624,5.819564650174534,6.369377906176382,9374,16492,1,624
0,-7.111071509909519,6.984151073529194,9375,16493,1,0
1,-6.691927199752046,-2.8362384677871777,9376,16493,1,1
2,-1.019519097601167,9.31777196328953,9377,16493,1,2
3,5.2019774870653706,8.608183358143538,9378,16493,1,3
4,5.047386231180743,-6.321863741173351,9379,16493,1,4
5,-8.845886732006011,6.508368681884647,9380,16493,1,5
6,-7.121969974128685,-5.166272667908379,9381,16493,1,6
7,-7.16354062485637,-6.464960586775739,9382,16493,1,7
8,5.262489414526785,9.34032622439484,9383,16493,1,8
9,5.182338863934062,-9.597456544076612,9384,16493,1,9
10,7.714649293708181,-1.1464052732859091,9385,16493,1,10
11,-2.3779558201660755,6.126562816124284,9386,16493,1,11
12,-5.294579005341713,-2.916623288007328,9387,16493,1,12
13,-7.178673421680952,0.0880729262986683,9388,16493,1,13
14,7.367195415184842,-0.6437098407473822,9389,16493,1,14
15,-8.29930472043438,4.638502444871991,9390,16493,1,15
16,4.720689410833474,5.047926513693133,9391,16493,1,16
17,-0.4307935901731756,5.253417875990527,9392,16493,1,17
18,3.369497370561838,-2.778832447521322,9393,16493,1,18
19,8.599841441936501,-3.851309397257081,9394,16493,1,19
20,-0.7103790048968968,-2.163716258433248,9395,16493,1,20
21,-7.506045954098344,-5.962634159794251,9396,16493,1,21
22,8.801281055979896,-7.7625097308611934,9397,16493,1,22
23,7.211056926013263,4.344826717491507,9398,16493,1,23
24,-5.172841351038258,2.722101152693705,9399,16493,1,24
25,3.773367057300643,-3.875608026706927,9400,16493,1,25
26,-1.9325135112765128,-3.0362051871766,9401,16493,1,26
27,-1.8721351408021287,-6.821060412874593,9402,16493,1,27
28,0.0777945673031865,-4.010117058414648,9403,16493,0,28
29,6.036818020250582,4.31599877302002,9404,16493,1,29
30,3.3621001034034865,-6.984542630285406,9405,16493,1,30
31,2.008770880594895,0.3183229641749214,9406,16493,1,31
32,1.0566720594499923,3.716151443687908,9407,16493,1,32
33,-4.960910949428065,5.368801257511695,9408,16493,1,33
34,6.887944159119094,-5.601075732895469,9409,16493,1,34
35,-8.570067440887549,-8.68765598818177,9410,16493,1,35
36,5.859091891293655,6.848707296588636,9411,16493,1,36
37,7.512120281177417,-5.148991131723568,9412,16493,1,37
38,5.240373554781844,0.2040724691777349,9413,16493,1,38
39,1.980124447421776,3.8603841178729255,9414,16493,1,39
40,9.064761927033535,5.07514278334294,9415,16493,1,40
41,-7.883579524072748,7.105051720531716,9416,16493,1,41
42,-9.942991131212809,-6.151822564812994,9417,16493,1,42
43,5.539956146488665,-3.807591143099347,9418,16493,1,43
44,9.60173966169291,-2.3269406152970245,9419,16493,1,44
45,1.5616464747866026,-5.601562959539423,9420,16493,1,45
46,-6.824370908951787,6.837266993615327,9421,16493,1,46
47,8.271673701284161,-1.823405308602652,9422,16493,1,47
48,-7.397834114316046,7.301592253007737,9423,16493,1,48
49,-2.485004877038934,-1.9092138245208223,9424,16493,1,49
50,-4.526897922801718,3.0238821760903445,9425,16493,1,50
51,4.2748174850034495,-1.93925994506526,9426,16493,1,51
52,6.637076447902974,6.541492214401842,9427,16493,1,52
53,1.1136886788806084,9.479259447907737,9428,16493,1,53
54,-0.4744919875511684,-2.777312361559443,9429,16493,1,54
55,2.2334604001509675,-6.37974833028127,9430,16493,1,55
56,-8.382491497676003,0.7817391984052886,9431,16493,1,56
57,-6.579214866971417,5.799243384419929,9432,16493,1,57
58,-7.839764934863791,-2.591630786923876,9433,16493,1,58
59,-7.001607445197459,-9.35473749618663,9434,16493,1,59
60,-4.2531958939643495,6.8217555219092,9435,16493,1,60
61,-5.726581679029139,-8.752532421653296,9436,16493,1,61
62,-2.590552795790904,5.843248360886651,9437,16493,1,62
63,-3.5652759702860592,5.110570881449894,9438,16493,1,63
64,5.942730329697989,4.791285261832293,9439,16493,1,64
65,4.084058414658646,6.401542276889479,9440,16493,1,65
66,-7.625116246421242,-2.625002403469667,9441,16493,1,66
67,6.347278611314756,-2.4015085093861988,9442,16493,1,67
68,5.273930731198547,-1.9405560076686277,9443,16493,1,68
69,-0.8255785186696212,-7.434609707200705,9444,16493,1,69
70,4.028969909064962,-9.652181399036577,9445,16493,1,70
71,7.329871199225849,-3.695476930039776,9446,16493,1,71
72,8.434272450204162,6.334699571487079,9447,16493,1,72
73,-4.585845280549091,2.517407975257948,9448,16493,1,73
74,1.6287909003002363,-3.807482262916509,9449,16493,1,74
75,-0.3489358388548584,-9.413316213161442,9450,16493,1,75
76,-0.9201115082137096,-6.648980045850181,9451,16493,1,76
77,-5.222335894142653,-5.55078297993435,9452,16493,1,77
78,-6.106802703400296,-1.483829641811628,9453,16493,1,78
79,6.4233197631268695,-2.719970157462201,9454,16493,1,79
80,3.712253319761565,-8.35895837654055,9455,16493,1,80
81,-8.136592918589455,9.581530148324408,9456,16493,1,81
82,0.788327051301172,0.3513259554028369,9457,16493,1,82
83,-4.015465295844436,3.714035277764333,9458,16493,1,83
84,0.0793831346034164,6.629609904696544,9459,16493,0,84
85,-5.021296365474328,3.979367782166507,9460,16493,1,85
86,-9.020524127180549,7.900606736278423,9461,16493,1,86
87,0.5824528284492203,-0.4486843692217803,9462,16493,1,87
88,1.2746898729413907,-9.537327921084076,9463,16493,1,88
89,8.989315567045871,5.006820327398522,9464,16493,1,89
90,7.06508969196469,-7.913291151186197,9465,16493,1,90
91,-4.13523501021559,0.6254332859623464,9466,16493,1,91
92,0.0235579265994623,7.721315056979428,9467,16493,0,92
93,-0.5194455762465804,0.9967027006415244,9468,16493,1,93
94,7.686707537287155,5.495481771649418,9469,16493,1,94
95,2.460121940851881,-0.7399662832901317,9470,16493,1,95
96,-4.981011053860116,-9.078134812583,9471,16493,1,96
97,8.98639602313375,6.794495337232952,9472,16493,1,97
98,9.711013117681876,9.20315699773155,9473,16493,1,98
99,-6.762957773112936,2.172152376184167,9474,16493,1,99
100,8.648196616762093,-5.822833863932839,9475,16493,1,100
101,6.431737721289231,0.820881495797714,9476,16493,1,101
102,0.6602362081138207,1.445855625080256,9477,16493,1,102
103,0.2834020367396839,0.0165167414502587,9478,16493,1,103
104,0.4513394368894925,5.650358468233474,9479,16493,1,104
105,-2.276004762926222,-7.531148609451563,9480,16493,1,105
106,-1.9839311563929505,-4.728580785352259,9481,16493,1,106
107,-5.987189443827587,-9.542439654654917,9482,16493,1,107
108,-0.6123358877669176,5.031836588565053,9483,16493,1,108
109,-1.9454500493857625,-9.626775906945364,9484,16493,1,109
110,-5.176309600142909,-1.194971727809012,9485,16493,1,110
111,-9.096735152820354,-7.715128571886134,9486,16493,1,111
112,9.158782088908795,2.9511134691823067,9487,16493,1,112
113,7.1299555113593485,-3.613261977511901,9488,16493,1,113
114,-5.5035293431097365,2.19178123329694,9489,16493,1,114
115,0.2568473821302479,-6.913690923761351,9490,16493,1,115
116,-2.586547681253002,-7.250570376527142,9491,16493,1,116
117,1.2837346069832645,0.6294629322912364,9492,16493,1,117
118,5.803922835328585,-8.375753105114379,9493,16493,1,118
119,-5.058666865970638,1.658375438029026,9494,16493,1,119
120,1.5920270567297052,1.1577514914120286,9495,16493,1,120
121,6.538474973559165,2.1815854956641,9496,16493,1,121
122,1.6025917782971728,2.7924495919985723,9497,16493,1,122
123,2.2502800585627707,2.179114523608096,9498,16493,1,123
124,7.560280018546276,-5.930498759189369,9499,16493,1,124
125,3.002703650773652,-0.2625612446368919,9500,16493,1,125
126,-4.872433867639003,2.991967554313044,9501,16493,1,126
127,-6.000546672003693,-1.2074134062362525,9502,16493,1,127
128,-7.316771848563803,-9.37122771972416,9503,16493,1,128
129,5.673290936753993,4.784343055125479,9504,16493,1,129
130,-0.1583573513204683,1.9890602898413297,9505,16493,0,130
131,-8.794236400831663,-6.74329095774665,9506,16493,1,131
132,2.7294514206026026,2.283002679349336,9507,16493,1,132
133,-3.402519146739456,-1.756481816386291,9508,16493,1,133
134,0.0495808824338368,-4.06094834732444,9509,16493,0,134
135,1.0708962512928295,7.63801170575293,9510,16493,1,135
136,-4.134090459937958,2.837756202896633,9511,16493,1,136
137,-5.61894491670397,2.842989627687418,9512,16493,1,137
138,6.5711088919874605,-8.554878619577355,9513,16493,1,138
139,1.8602290067284384,4.620116785944862,9514,16493,1,139
140,5.985405476650932,3.790479319052928,9515,16493,1,140
141,7.445918979749319,8.740049731978068,9516,16493,1,141
142,-2.8667907204652714,-2.5950296302288383,9517,16493,1,142
143,7.124299442791095,-2.442349070991609,9518,16493,1,143
144,7.145975957239109,6.941008605109246,9519,16493,1,144
145,-3.923786505531133,-5.253338179980878,9520,16493,1,145
146,-8.82535564040751,3.5861824333169032,9521,16493,1,146
147,-4.074025975649276,-5.5592149223373895,9522,16493,1,147
148,-3.792339839589836,4.162048971355453,9523,16493,1,148
149,-2.142260920971788,5.998535312266981,9524,16493,1,149
150,8.760631997495882,5.343678243603435,9525,16493,1,150
151,-5.5504498706672445,-9.904127847219556,9526,16493,1,151
152,-5.697634352712992,7.297636518788707,9527,16493,1,152
153,-0.1402666926435518,-7.795303168477821,9528,16493,0,153
154,3.37307091232184,-0.1660849681860003,9529,16493,1,154
155,8.175770112544036,5.595480909455915,9530,16493,1,155
156,4.910180292044188,-7.343151176175278,9531,16493,1,156
157,-6.278164746435735,2.7619345658047862,9532,16493,1,157
158,-9.344670859064848,5.712583718595496,9533,16493,1,158
159,-1.5416175299410444,-7.241391822401373,9534,16493,1,159
160,-2.5157120190518256,-1.9059626860831909,9535,16493,1,160
161,-3.592186354604583,0.4236920784638958,9536,16493,1,161
162,-6.537235421262915,-8.535128289532386,9537,16493,1,162
163,-4.4789249273727005,-3.969827047593285,9538,16493,1,163
164,7.581919063285799,-4.01528718721506,9539,16493,1,164
165,3.037334548442544,6.177448614526991,9540,16493,1,165
166,-6.00155292341539,2.062295978732731,9541,16493,1,166
167,1.3697032584695457,9.75641188754446,9542,16493,1,167
168,-6.676086697154116,-5.660399938989372,9543,16493,1,168
169,4.382575814024722,7.904823396477482,9544,16493,1,169
170,1.8172098735439484,7.501060552126852,9545,16493,1,170
171,-0.7065881165385619,7.72857802640911,9546,16493,1,171
172,0.7112972229197467,-1.518191795895305,9547,16493,1,172
173,5.223512268854044,5.673038040684252,9548,16493,1,173
174,-0.9309090835704374,4.450649279506882,9549,16493,1,174
175,8.976162085315671,-5.755479588210505,9550,16493,1,175
176,7.097223948958021,-9.573246032331175,9551,16493,1,176
177,8.879979668797084,7.117862970720086,9552,16493,1,177
178,4.576308264859563,2.9680184219380656,9553,16493,1,178
179,-8.519482446883512,0.1832212816875529,9554,16493,1,179
180,4.3686890070415,9.305747047784912,9555,16493,1,180
181,7.954397991764178,0.8447728534459849,9556,16493,1,181
182,-0.9128328422311504,2.517013292112312,9557,16493,1,182
183,-3.958738746486508,4.115996749076532,9558,16493,1,183
184,-3.628099021267152,9.796812129345373,9559,16493,1,184
185,3.2137031098278754,2.3111701896860737,9560,16493,1,185
186,-5.587667623543178,4.890216841071149,9561,16493,1,186
187,5.485347339127989,-3.064093714829814,9562,16493,1,187
188,-1.9080137128742043,-7.10664726796852,9563,16493,1,188
189,-9.819410456692296,-2.783494805097318,9564,16493,1,189
190,-7.084393689762633,-6.43017384634531,9565,16493,1,190
191,1.6404459114334102,-2.315286743212111,9566,16493,1,191
192,8.870326967997425,0.0764436141031676,9567,16493,1,192
193,-2.1976195963551053,8.95538164078009,9568,16493,1,193
194,6.023051918749534,1.6735085395153355,9569,16493,1,194
195,-8.180960543055447,4.653039748465735,9570,16493,1,195
196,6.206770666078029,-3.1218059663065496,9571,16493,1,196
197,-1.1195935556803622,2.7034018948282856,9572,16493,1,197
198,7.396908960121543,-1.076509018660092,9573,16493,1,198
199,-7.795011359618327,5.054207245568772,9574,16493,1,199
200,9.33136197781274,-5.860769452863915,9575,16493,1,200
201,4.57298257186881,-3.5408344707690205,9576,16493,1,201
202,-5.354913530568524,8.595554941421359,9577,16493,1,202
203,-9.361100041232946,-7.084640793594126,9578,16493,1,203
204,-6.245375121740979,3.913806318410156,9579,16493,1,204
205,-2.2203062211213087,2.603930607537407,9580,16493,1,205
206,-6.793070475965304,5.514161077619804,9581,16493,1,206
207,3.5367009236126776,5.685590393998117,9582,16493,1,207
208,8.544993396579361,8.823734344673984,9583,16493,1,208
209,-4.143035789844243,2.4663726736052816,9584,16493,1,209
210,-6.090645309271084,8.31850699759024,9585,16493,1,210
211,4.418657012728108,-9.717425529488631,9586,16493,1,211
212,-0.6749991472736294,6.170018512471245,9587,16493,1,212
213,1.6520873090091095,4.590225117125069,9588,16493,1,213
214,-1.93950885446365,5.609791266165512,9589,16493,1,214
215,-0.5166707760277855,-4.151766038141407,9590,16493,1,215
216,-4.77281924477764,-5.350241610351518,9591,16493,1,216
217,3.055160532425633,-0.895458496527155,9592,16493,1,217
218,-1.9334084608635784,3.639733455926814,9593,16493,1,218
219,-5.799388578823699,-3.202991713691146,9594,16493,1,219
220,-9.19700533883756,7.093865728902713,9595,16493,1,220
221,-1.856899123792001,2.452320748205468,9596,16493,1,221
222,2.1758874662182865,-0.971793754099231,9597,16493,1,222
223,-2.1374828044472576,-1.8419779178975144,9598,16493,1,223
224,-1.7801915649296711,0.0964287325947843,9599,16493,1,224
225,1.7985017296544503,5.565598506261454,9600,16493,1,225
226,2.7362398161440904,-0.7447559903452898,9601,16493,1,226
227,7.86561236257706,5.366390195901175,9602,16493,1,227
228,1.011586292402395,8.30135461897352,9603,16493,1,228
229,-3.239361457708738,8.756696210198488,9604,16493,1,229
230,7.035244510939819,-5.373023121797964,9605,16493,1,230
231,-5.006990145353325,-5.047871023800628,9606,16493,1,231
232,-8.947515806118485,-4.303632035691392,9607,16493,1,232
233,7.705277448654655,-9.94857683447374,9608,16493,1,233
234,-2.3640080447153844,-6.15673757815816,9609,16493,1,234
235,9.75376679584918,-4.211704514785433,9610,16493,1,235
236,1.1000488447707806,1.7419997994968064,9611,16493,1,236
237,-5.459476943309238,0.7748859579210166,9612,16493,1,237
238,1.4504961451890337,-3.42642942976378,9613,16493,1,238
239,4.081899179655446,-8.773488639877007,9614,16493,1,239
240,-9.404165939417446,-6.597619584722936,9615,16493,1,240
241,-5.981968309993211,-4.616741517796001,9616,16493,1,241
242,1.3594283877091513,-1.2318037438101967,9617,16493,1,242
243,-5.078035838551265,3.958183645534387,9618,16493,1,243
244,5.81563455864204,-4.99634101409745,9619,16493,1,244
245,8.369819911943758,4.641852821761489,9620,16493,1,245
246,1.0146196929902516,-6.113956426248317,9621,16493,1,246
247,2.6726255958148077,-2.50880967936183,9622,16493,1,247
248,-1.0644184580327387,4.151302268995359,9623,16493,1,248
249,2.9339910330988754,-3.83340041049042,9624,16493,1,249
250,-9.460588072364695,9.90843212799685,9625,16493,1,250
251,3.954936924132678,-8.303557537061357,9626,16493,1,251
252,-4.561076376267752,5.334199418296684,9627,16493,1,252
253,-5.800764499412743,-9.056125940972295,9628,16493,1,253
254,3.918815013455241,2.1131061196329317,9629,16493,1,254
255,-8.10635696780222,0.7080095385916216,9630,16493,1,255
256,9.195876999348592,-4.628210334153737,9631,16493,1,256
257,7.193581813124904,-7.782893001267537,9632,16493,1,257
258,5.944672874325271,5.0157026870279005,9633,16493,1,258
259,1.3612633116676631,8.659090507919856,9634,16493,1,259
260,9.607542217004353,8.16563127512606,9635,16493,1,260
261,0.8939686790499515,-6.962966883491228,9636,16493,1,261
262,-5.997802462385735,-8.55611610429727,9637,16493,1,262
263,-8.829350173624032,0.5475750312078702,9638,16493,1,263
264,-3.943297216481378,-1.8807658400933391,9639,16493,1,264
265,5.111246210654644,-0.8299141344403616,9640,16493,1,265
266,8.204026236353432,-3.4333705749456094,9641,16493,1,266
267,4.690568244761408,-7.573961366852946,9642,16493,1,267
268,-3.1255632227740904,6.9146220977828605,9643,16493,1,268
269,-2.204907596779078,4.173937092670199,9644,16493,1,269
270,8.4729829212278,-3.4151676616577014,9645,16493,1,270
271,2.036676787551608,1.8155017718547448,9646,16493,1,271
272,-0.373701140580911,9.401214135957566,9647,16493,1,272
273,9.833092993387162,1.6062239437480643,9648,16493,1,273
274,4.654836586691243,3.5671807975712646,9649,16493,1,274
275,1.39325046303769,6.001093718782101,9650,16493,1,275
276,-4.530452737240706,-0.6742637148341313,9651,16493,1,276
277,0.0011530151831973,3.3268421588371417,9652,16493,0,277
278,-7.737690985589289,-1.0696926827706843,9653,16493,1,278
279,4.173876461625914,-5.522574245112432,9654,16493,1,279
280,-3.939019416995249,7.241102419632142,9655,16493,1,280
281,-8.498846337397637,-1.8291915159071357,9656,16493,1,281
282,3.291281547037378,-0.3564514601153394,9657,16493,1,282
283,4.027054577384387,3.229440414176686,9658,16493,1,283
284,2.1697113785072,7.74426772815389,9659,16493,1,284
285,-8.999904304053253,-4.986419407040719,9660,16493,1,285
286,9.652758597112877,-8.666742481743416,9661,16493,1,286
287,-2.154760450515396,3.416370091406801,9662,16493,1,287
288,6.811711089386282,6.760328068348787,9663,16493,1,288
289,-3.751786610747104,-1.680589676403656,9664,16493,1,289
290,0.5353809006770209,0.4433589486296867,9665,16493,1,290
291,8.842333858720242,1.9074343122128496,9666,16493,1,291
292,4.569481798293145,-0.7066502071483391,9667,16493,1,292
293,-1.044011041109263,0.434969239897109,9668,16493,1,293
294,-2.65384335219387,-5.90737468807353,9669,16493,1,294
295,-1.612355980835794,-6.220508992601048,9670,16493,1,295
296,-4.360045437705214,-1.20292973107542,9671,16493,1,296
297,5.970492210438467,8.053725686385206,9672,16493,1,297
298,-8.558710759722114,-3.763130354499575,9673,16493,1,298
299,-2.9297814963335167,-9.25151916878589,9674,16493,1,299
300,-0.6055965780422152,-9.523690546615835,9675,16493,1,300
301,2.451303185921517,-9.026665869377045,9676,16493,1,301
302,5.128653313430938,-7.301754485050989,9677,16493,1,302
303,5.476231414682042,-3.784441005026258,9678,16493,1,303
304,-7.534138032202239,-0.5379906057370825,9679,16493,1,304
305,2.070609953561757,4.449665519751878,9680,16493,1,305
306,0.1020041542148959,9.930508388654935,9681,16493,0,306
307,-3.642417809752746,-6.142978334133882,9682,16493,1,307
308,1.527882734489765,-8.042916755040647,9683,16493,1,308
309,4.290516967645985,0.7852213896479086,9684,16493,1,309
310,-4.807567349664524,6.849481174018084,9685,16493,1,310
311,-6.1266230616154616,-9.02540248502724,9686,16493,1,311
312,-4.025249390915815,-2.1501587179672965,9687,16493,1,312
313,-5.54390745661733,-3.038824459702858,9688,16493,1,313
314,9.312782426901272,-1.0985296963609503,9689,16493,1,314
315,-9.841178331714,3.916324209892668,9690,16493,1,315
316,8.976237715051823,6.919020233974752,9691,16493,1,316
317,6.738431649391735,5.832393296297834,9692,16493,1,317
318,2.031909022764109,-2.319063278342033,9693,16493,1,318
319,1.2620805933138346,0.4811428795186607,9694,16493,1,319
320,-5.054024117516185,-1.945493253508113,9695,16493,1,320
321,-0.2684746122301611,7.962881020940806,9696,16493,1,321
322,1.1820467154860577,4.731896663965731,9697,16493,1,322
323,2.166232914386825,-1.9240722111376467,9698,16493,1,323
324,-6.797502638162955,-0.3548798685579086,9699,16493,1,324
325,-1.7214380235984947,-6.444701789448279,9700,16493,1,325
326,0.7308568749344211,-4.4592152689482445,9701,16493,1,326
327,6.5636731454933255,-1.0390081774825646,9702,16493,1,327
328,-7.677403072217444,7.0151379946989145,9703,16493,1,328
329,-6.631544343234122,-2.677593642772371,9704,16493,1,329
330,4.704989030737988,-2.849617421835693,9705,16493,1,330
331,4.085759179589219,-0.6035464730659044,9706,16493,1,331
332,-6.440219943237735,3.06323940592954,9707,16493,1,332
333,5.37246533754576,0.6610832920001286,9708,16493,1,333
334,4.775747884381957,8.870559466168125,9709,16493,1,334
335,-3.821402084135004,0.6024006007791787,9710,16493,1,335
336,-2.834792834417696,-8.965051974081481,9711,16493,1,336
337,9.805490961841418,-0.7871676452219827,9712,16493,1,337
338,-3.862147408404129,-3.756632081743378,9713,16493,1,338
339,-2.2204617200397863,-5.450135241283352,9714,16493,1,339
340,5.928755583294137,3.8054375018155735,9715,16493,1,340
341,6.753223705141991,4.6149547590016375,9716,16493,1,341
342,-8.757758687639953,-1.262567898547598,9717,16493,1,342
343,2.8823451209185524,9.374498363551051,9718,16493,1,343
344,-1.2192890842591453,6.167676544310638,9719,16493,1,344
345,-2.5685994422047376,-0.3975803342537993,9720,16493,1,345
346,7.252787837886096,4.904580160645601,9721,16493,1,346
347,-6.990607174365479,-4.967060971169063,9722,16493,1,347
348,-1.1087719547941255,-1.8393317660827984,9723,16493,1,348
349,3.399847413934168,-4.7665263942208576,9724,16493,1,349
350,-2.3080807106379497,5.893075395254321,9725,16493,1,350
351,-4.087294370822785,-9.13030673719664,9726,16493,1,351
352,1.4076135159950915,-9.165323285508036,9727,16493,1,352
353,-0.7835079081304723,6.936437331205987,9728,16493,1,353
354,-0.229466737956228,0.9690939982628084,9729,16493,1,354
355,-8.619655185102427,-6.232765038010357,9730,16493,1,355
356,9.211734478264365,9.529138822212651,9731,16493,1,356
357,-6.723809596461166,-1.591091478594901,9732,16493,1,357
358,-3.047963527593904,6.770461407941259,9733,16493,1,358
359,-8.93428423389544,8.421995564149466,9734,16493,1,359
360,6.3725398427399575,-1.1993717186870256,9735,16493,1,360
361,-5.471163360139039,2.949132077940685,9736,16493,1,361
362,-8.043474100436113,-5.3588630900574135,9737,16493,1,362
363,3.0533908193916304,1.7628196616733316,9738,16493,1,363
364,-7.935482378705698,6.859598053666012,9739,16493,1,364
365,-8.507899617525304,8.84584227779812,9740,16493,1,365
366,-1.9024012897141065,4.240177880289993,9741,16493,1,366
367,2.4731919820355444,8.554968084822839,9742,16493,1,367
368,-2.0085815275667063,1.622706563722469,9743,16493,1,368
369,9.790935573686305,3.201614878834354,9744,16493,1,369
370,-8.185740903808592,0.2990486426387413,9745,16493,1,370
371,-1.2536319448480384,1.8210014332040387,9746,16493,1,371
372,4.624377085522767,-0.8213522054586502,9747,16493,1,372
373,-8.051268152039924,-5.775145205204073,9748,16493,1,373
374,9.982466476008696,-8.754801660539794,9749,16493,1,374
375,-1.71401344661337,3.761722301561738,9750,16493,1,375
376,7.007492405575725,7.297432726655227,9751,16493,1,376
377,4.650642249586745,-3.722975444338039,9752,16493,1,377
378,-1.167153129895777,-4.774246707175016,9753,16493,1,378
379,-1.1807384567429224,-0.7153405743486587,9754,16493,1,379
380,6.636328739172626,-0.683454010377929,9755,16493,1,380
381,3.507132946998308,-3.501277009418784,9756,16493,1,381
382,9.094886234544033,6.860379282575845,9757,16493,1,382
383,9.862387452511124,4.310720274900227,9758,16493,1,383
384,0.833464608629896,7.293993621876524,9759,16493,1,384
385,4.821730557391115,-8.141796054171891,9760,16493,1,385
386,-2.622461361560875,6.310237417021881,9761,16493,1,386
387,3.7039005446361823,0.0233927590901856,9762,16493,1,387
388,-4.857718737467813,4.416363367204523,9763,16493,1,388
389,7.493768663494752,8.359441035752837,9764,16493,1,389
390,2.174873385880975,0.5425030101013704,9765,16493,1,390
391,-5.688693599309262,5.772447403274201,9766,16493,1,391
392,3.1119673463473774,1.821298497409124,9767,16493,1,392
393,9.31538156279355,4.619849583491995,9768,16493,1,393
394,4.814615714885576,-8.50294604857794,9769,16493,1,394
395,-7.583911185705057,-0.2664491543003393,9770,16493,1,395
396,-8.449137257905656,1.401796951192896,9771,16493,1,396
397,5.553100604302447,-9.258075283597012,9772,16493,1,397
398,9.290126565444933,3.5328942738750904,9773,16493,1,398
399,2.9784054999539915,6.88595509449657,9774,16493,1,399
400,7.949046019804019,0.95933306251961,9775,16493,1,400
401,-8.054024313083342,-9.246179463448131,9776,16493,1,401
402,9.394252307385742,2.715694257399422,9777,16493,1,402
403,-1.3679543692378289,3.781384044223593,9778,16493,1,403
404,6.003175788107036,-0.442933116533176,9779,16493,1,404
405,-3.5178291645218174,6.707921318308038,9780,16493,1,405
406,7.56670143087533,-5.795952431558642,9781,16493,1,406
407,-0.8899758713215729,-9.4773082175682,9782,16493,1,407
408,2.649137144529508,8.702249545610265,9783,16493,1,408
409,8.025521710804714,0.654216141026291,9784,16493,1,409
410,-3.671295180037326,7.815360998347902,9785,16493,1,410
411,-8.583226210179355,-3.165257827404222,9786,16493,1,411
412,7.788300458065521,-4.015433728890447,9787,16493,1,412
413,0.7680561937606445,0.4151454814733704,9788,16493,1,413
414,-7.285311423285929,8.956843761612639,9789,16493,1,414
415,4.879173624294404,-9.2542910209635,9790,16493,1,415
416,-5.310147775921119,-6.417515569942727,9791,16493,1,416
417,3.629479600234181,1.9298371084543149,9792,16493,1,417
418,0.5193022115182977,6.962662609818178,9793,16493,1,418
419,6.380532551543322,-1.2684782236527408,9794,16493,1,419
420,-8.446463046077632,-9.643279191988034,9795,16493,1,420
421,-2.8862448523611395,1.069546437718035,9796,16493,1,421
422,9.201143229031889,2.303063996770117,9797,16493,1,422
423,9.068380766868902,-5.288688126543837,9798,16493,1,423
424,-3.882897306862379,8.144251857672199,9799,16493,1,424
425,6.531334020518337,-4.617149543293384,9800,16493,1,425
426,-7.304766064631922,-5.662111341272647,9801,16493,1,426
427,6.4274281698009865,3.6478334707858,9802,16493,1,427
428,-6.350436019949006,-9.87479198129984,9803,16493,1,428
429,6.040304014274632,-7.886067816387554,9804,16493,1,429
430,5.247275420847657,9.568175174212431,9805,16493,1,430
431,0.5187813243194022,1.5411277303958926,9806,16493,1,431
432,3.272046108495436,3.5533051419763595,9807,16493,1,432
433,3.887206037750431,-0.2822372873935901,9808,16493,1,433
434,-8.60200960520566,-8.067502266811085,9809,16493,1,434
435,-9.887011283346798,0.2247745847246012,9810,16493,1,435
436,-5.916833591375803,4.284062509026196,9811,16493,1,436
437,5.429458151928813,-7.6216795680695455,9812,16493,1,437
438,-5.6491352370150905,0.5936288823788427,9813,16493,1,438
439,-6.385180828867078,0.5098784958410736,9814,16493,1,439
440,-8.06881705282841,-9.507548319432347,9815,16493,1,440
441,-3.817606753748864,-3.255253739433208,9816,16493,1,441
442,9.38411432667931,-5.833693108287799,9817,16493,1,442
443,-9.585697627822857,8.295428585695962,9818,16493,1,443
444,3.875451516739128,-3.723516136603431,9819,16493,1,444
445,5.412367035002498,4.122382479006364,9820,16493,1,445
446,4.101852182362208,1.1545132480842497,9821,16493,1,446
447,-1.374996890021766,3.8891903216968906,9822,16493,1,447
448,-9.442118689354214,-8.944337315273923,9823,16493,1,448
449,2.299235986790197,7.9772732775831585,9824,16493,1,449
450,6.741422488439998,4.06653728230272,9825,16493,1,450
451,-1.959995766210964,-7.083922092870187,9826,16493,1,451
452,5.658124460870571,-2.821008528615112,9827,16493,1,452
453,-9.850308790076298,-3.0209700892801905,9828,16493,1,453
454,0.4207050728331687,1.460610402590918,9829,16493,1,454
455,-0.108830972666043,-6.196588584208989,9830,16493,0,455
456,-8.060741301251754,0.0943176508001837,9831,16493,1,456
457,-5.170646711980318,4.329290752569241,9832,16493,1,457
458,8.640851388203114,7.338027926137247,9833,16493,1,458
459,-1.1585279070412362,5.750253755610794,9834,16493,1,459
460,5.596254676226224,0.2527938487087429,9835,16493,1,460
461,-3.785490453130331,3.5376825427183967,9836,16493,1,461
462,-8.918835120295874,7.471125197142776,9837,16493,1,462
463,6.765494808636767,3.4422793738217834,9838,16493,1,463
464,9.6112384911381,4.438982629994346,9839,16493,1,464
465,7.203995061642488,-3.4507652871222128,9840,16493,1,465
466,9.471232203039849,-4.545230133664317,9841,16493,1,466
467,2.0193030267423038,-1.265679774962221,9842,16493,1,467
468,3.9225344513784144,9.605286408353416,9843,16493,1,468
469,-4.461712718905919,-2.5672504366162947,9844,16493,1,469
470,4.1869072129982285,1.0200267002760768,9845,16493,1,470
471,-4.7365202317314825,-6.375776860774609,9846,16493,1,471
472,-4.792254376590495,5.123804997611593,9847,16493,1,472
473,7.845342559172082,6.047686320567454,9848,16493,1,473
474,3.2628116485079204,-4.892602816970215,9849,16493,1,474
475,-7.045817475436474,8.455168947213153,9850,16493,1,475
476,-1.7931675488221863,-6.132660405153132,9851,16493,1,476
477,8.161917073553486,-3.78114633996324,9852,16493,1,477
478,4.487130623493577,2.982341224479356,9853,16493,1,478
479,-4.41185484176621,7.828676062703323,9854,16493,1,479
480,-9.864701317792337,-3.1386465271274915,9855,16493,1,480
481,-5.345337957835248,-5.668535528963885,9856,16493,1,481
482,-4.00823718531824,-1.569335739431736,9857,16493,1,482
483,2.083346630330423,-6.542774249535821,9858,16493,1,483
484,3.749706365352868,-1.5006996313482528,9859,16493,1,484
485,-0.9264208730806408,6.05272804568553,9860,16493,1,485
486,7.11799949868341,-2.627721041752502,9861,16493,1,486
487,-4.121791822864274,-7.752366422568397,9862,16493,1,487
488,2.772944734993013,-3.9990671185917455,9863,16493,1,488
489,-3.278737774922691,-7.178384161983511,9864,16493,1,489
490,-8.571248061146129,2.090166797893719,9865,16493,1,490
491,1.3731492395943228,-8.5958218170701,9866,16493,1,491
492,2.184692179395748,5.213535488345055,9867,16493,1,492
493,6.950679902510487,0.2462824652570781,9868,16493,1,493
494,1.2776778406519291,7.793565447111934,9869,16493,1,494
495,7.330707740691437,7.464337506514667,9870,16493,1,495
496,6.530586500403508,4.126046696339591,9871,16493,1,496
497,-0.0969140303404518,-0.6234157476295277,9872,16493,0,497
498,-5.9654819679779125,-5.198233653295219,9873,16493,1,498
499,2.210138905363223,-1.9447774338564356,9874,16493,1,499
500,9.904449077420136,-1.7353383989824265,9875,16493,1,500
501,-7.332595254502299,-1.5193330113042336,9876,16493,1,501
502,8.859189780337847,4.575126378415391,9877,16493,1,502
503,-8.510761921735561,-4.992094020230537,9878,16493,1,503
504,-3.9370960658001657,6.372066217315751,9879,16493,1,504
505,-3.7773726547143305,-0.6558454605034427,9880,16493,1,505
506,7.036299361406151,5.92684749074559,9881,16493,1,506
507,8.486042817243458,-3.883751449963624,9882,16493,1,507
508,-4.92277026545453,-7.381448434956841,9883,16493,1,508
509,0.4635357589444133,-9.29471138102361,9884,16493,1,509
510,9.412875427208633,6.5757760815074455,9885,16493,1,510
511,5.896111789825786,2.0400626533558235,9886,16493,1,511
512,-1.43031434357831,4.85897437964522,9887,16493,1,512
513,5.322221017738178,-9.916235994369432,9888,16493,1,513
514,0.3783385444943121,-6.07352852554264,9889,16493,1,514
515,9.755408396529743,8.700586205891362,9890,16493,1,515
516,-9.653466327521304,0.910137396376726,9891,16493,1,516
517,-3.301656194073188,-9.260956473495114,9892,16493,1,517
518,-6.358194735296776,-9.533271417892166,9893,16493,1,518
519,5.799968247816432,7.423525052458643,9894,16493,1,519
520,-9.89250711445415,-2.995949679489076,9895,16493,1,520
521,-4.928842980304509,-1.4827389153172543,9896,16493,1,521
522,-3.6823250612844287,1.400962461222102,9897,16493,1,522
523,-2.058473872020397,0.9658951178852532,9898,16493,1,523
524,-5.90052520327114,-0.0013681347538749,9899,16493,1,524
525,-8.578325224969085,0.1601904868352637,9900,16493,1,525
526,-1.607840824118373,-1.3959935821524248,9901,16493,1,526
527,-9.804623679721526,-2.4944004432861755,9902,16493,1,527
528,-4.4085950869800605,6.202599952082302,9903,16493,1,528
529,-9.308214427533958,0.8626085683200095,9904,16493,1,529
530,6.627368423770548,-2.216647316860736,9905,16493,1,530
531,0.6018669601003594,0.3282799727772172,9906,16493,1,531
532,-0.7321200038111968,-8.483531981005425,9907,16493,1,532
533,-2.515342858829797,0.9508904333529262,9908,16493,1,533
534,-1.606709492834879,8.809251603561801,9909,16493,1,534
535,-4.416769710466535,6.161721119898321,9910,16493,1,535
536,-7.501635646675455,8.929928362080876,9911,16493,1,536
537,4.909019595227003,4.706348136196578,9912,16493,1,537
538,5.398305814556888,-9.899402283326618,9913,16493,1,538
539,7.10214866343938,2.9389935786895105,9914,16493,1,539
540,-0.5566371167578783,-4.002964048365167,9915,16493,1,540
541,-7.457474544063563,2.2589827348562146,9916,16493,1,541
542,4.629251473728592,-4.534047923919903,9917,16493,1,542
543,8.575621257263187,-5.406376394040304,9918,16493,1,543
544,-4.561111759732484,6.761554330955555,9919,16493,1,544
545,4.727950368069347,1.9080650110136297,9920,16493,1,545
546,-9.09173616821027,6.210519232311633,9921,16493,1,546
547,-4.9746114009068965,-6.189422561976043,9922,16493,1,547
548,4.759422549790241,-2.8725603640409547,9923,16493,1,548
549,2.9486532902825395,6.57843951100363,9924,16493,1,549
550,-4.9292890547515045,-2.7543259845508983,9925,16493,1,550
551,-1.030844743922685,6.680033750021405,9926,16493,1,551
552,-6.208394335479966,-2.7183106465279323,9927,16493,1,552
553,8.861794591282678,-7.569689906089991,9928,16493,1,553
554,-8.262862583731083,5.557260931794939,9929,16493,1,554
555,1.6760353255770395,-7.326909940558457,9930,16493,1,555
556,-9.233185021443129,-8.385494073235808,9931,16493,1,556
557,1.0565918443642437,-1.389348106905647,9932,16493,1,557
558,-4.028531640746131,-6.638287786806929,9933,16493,1,558
559,9.480058456990786,1.3701044515772836,9934,16493,1,559
560,-3.030608811531565,9.404127717950036,9935,16493,1,560
561,-5.318688346649447,-1.883952079939192,9936,16493,1,561
562,-8.7085522534071,4.7811405797795725,9937,16493,1,562
563,-9.223406063643896,1.2136823861656223,9938,16493,1,563
564,2.66656861521599,-2.425294890902996,9939,16493,1,564
565,-1.1281146303409957,-3.976713195866375,9940,16493,1,565
566,-5.46001700601467,9.922411552825768,9941,16493,1,566
567,-9.26914640668608,5.2957585812095775,9942,16493,1,567
568,8.00301037884627,3.07382554299849,9943,16493,1,568
569,-0.6063015743772109,-1.4180743388477275,9944,16493,1,569
570,-8.538590671022352,1.66264364156617,9945,16493,1,570
571,-0.6361856050015451,-0.1899756733870727,9946,16493,1,571
572,-4.13543710645051,-7.661668552176282,9947,16493,1,572
573,2.4218344002710346,-6.098831566406702,9948,16493,1,573
574,7.040761056806566,7.727786718944657,9949,16493,1,574
575,5.282114565429444,-8.995507191892338,9950,16493,1,575
576,1.225682148788101,8.530276911460096,9951,16493,1,576
577,9.332245265644794,-5.124699269219954,9952,16493,1,577
578,-5.736089956434512,-1.1620425312815374,9953,16493,1,578
579,-4.968515008227559,-1.678770303332236,9954,16493,1,579
580,7.289334786448226,-2.850961314452631,9955,16493,1,580
581,8.471760264788998,-7.820104832324453,9956,16493,1,581
582,-4.51050755377175,-9.10735148189579,9957,16493,1,582
583,3.868793227675532,-6.9882530721877085,9958,16493,1,583
584,5.637512448257178,-6.212266558860127,9959,16493,1,584
585,0.8683518432920412,-7.215976772917148,9960,16493,1,585
586,8.224282711017551,1.3350419279879606,9961,16493,1,586
587,0.8784154932144599,-9.49625871722128,9962,16493,1,587
588,-0.8304453872763133,7.73562478773594,9963,16493,1,588
589,-9.190930614139308,9.312265041852536,9964,16493,1,589
590,3.0153863678357613,2.245464535946507,9965,16493,1,590
591,-2.231569746393629,4.162419220526774,9966,16493,1,591
592,-7.744649359076035,6.268182257342069,9967,16493,1,592
593,-9.434705100724898,2.734328287565752,9968,16493,1,593
594,-8.627438263474245,-0.1205377735363928,9969,16493,1,594
595,8.278860337141161,1.076367833614542,9970,16493,1,595
596,-9.702701863114102,-4.461098493734223,9971,16493,1,596
597,7.935640847044041,-5.11461028090431,9972,16493,1,597
598,-5.726087640249522,-9.09983862890165,9973,16493,1,598
599,6.713157843802296,4.422195325893449,9974,16493,1,599
600,2.995928925804021,0.8805653738637922,9975,16493,1,600
601,-8.725725893946638,5.210920092773051,9976,16493,1,601
602,-3.7217517490585017,6.771881298465299,9977,16493,1,602
603,9.193964950496357,1.2105779059567627,9978,16493,1,603
604,-0.2840693553060838,9.83065832773239,9979,16493,1,604
605,0.833879935159576,-5.109250746546953,9980,16493,1,605
606,-1.1723104673462537,-7.271816411444987,9981,16493,1,606
607,-6.463167243939831,-9.574698680096956,9982,16493,1,607
608,-6.5321342887555245,-4.719630094656548,9983,16493,1,608
609,-5.159648791770735,-4.546997509034263,9984,16493,1,609
610,-8.892213222201477,4.905212960722064,9985,16493,1,610
611,-1.0789995218825954,5.350090365096168,9986,16493,1,611
612,-3.4802844456169213,4.699788948131509,9987,16493,1,612
613,-6.020906217006987,-5.338199574834359,9988,16493,1,613
614,-0.7402008374644105,8.45287160826134,9989,16493,1,614
615,-3.3939893268893755,8.887855504000807,9990,16493,1,615
616,5.784888383472479,-1.296766442087165,9991,16493,1,616
617,-6.446582421273021,-9.983137620453212,9992,16493,1,617
618,6.366293168599931,4.205167561063384,9993,16493,1,618
619,9.511970323485794,1.60333023283356,9994,16493,1,619
620,-6.909797305782419,8.786096051983524,9995,16493,1,620
621,1.8624558018303572,-6.5347797695778365,9996,16493,1,621
622,-2.823549129306504,9.240804620463926,9997,16493,1,622
623,1.273023084072717,-0.2856558284552619,9998,16493,1,623
624,5.819564650174534,6.369377906176382,9999,16493,1,624
