,0,1,vars,t
0,-5.037708767394292,1.9782285905620716,0,0
1,2.502793230030483,-1.0000000000000004,1,0
0,-2.595496991896717,0.027109738798139358,0,1
1,1.2682484523697382,-0.03506022596398666,1,1
0,-0.8698943111233965,-0.6881085435330251,0,2
1,0.39595154542683375,0.31865608768606446,1,2
0,-1.709112096513534,-0.34027418417776945,0,3
1,0.8201784469052378,0.14663211907196289,1,3
0,-1.1125160288860156,0.2340110680974157,0,4
1,0.5185974918660583,-0.13738475722526822,1,4
0,-0.2513483859608051,0.9749444667233579,0,5
1,0.08327487696009964,-0.5038186654413092,1,5
0,-0.3742038012102521,0.7119535177550295,0,6
1,0.14537862767706844,-0.3737546118642599,1,6
0,-0.3488194338603156,0.742966230859207,0,7
1,0.13254676008045022,-0.3890921707976551,1,7
0,-0.3142813893243979,0.7753203965526451,0,8
1,0.11508768345973235,-0.40509315469729096,1,8
0,-0.25238075021920187,0.8368381483329652,0,9
1,0.0837967399355525,-0.4355171985470226,1,9
0,-0.15933636907762522,0.9333140537071575,0,10
1,0.03676254905110066,-0.4832300471249211,1,10
0,-0.1541054198340084,0.8937961778561354,0,11
1,0.03411828980392708,-0.46368619916322784,1,11
0,-0.274123680006496,0.7887769343348928,0,12
1,0.09478785081678585,-0.4117481816399966,1,12
0,-0.2956089614895609,0.7823126233207628,0,13
1,0.10564871977074283,-0.40855121042338677,1,13
0,-0.3914308735234107,0.7582305365531665,0,14
1,0.15408696016975734,-0.3966412422823736,1,14
0,-0.5035592871402299,0.7292455413619654,0,15
1,0.2107681820223646,-0.382306505736239,1,15
0,-0.7111355028213255,0.683713470512568,0,16
1,0.3156985306541765,-0.3597882946507946,1,16
0,-1.4828532801776295,0.616996660654816,0,17
1,0.7058039921959277,-0.3267930194678693,1,17
0,-0.7326720078795683,0.6818515891938624,0,18
1,0.32658529326644026,-0.3588674879365706,1,18
0,-0.7502507799231926,0.640217165294267,0,19
1,0.3354714109413595,-0.33827688600913014,1,19
0,-0.7503691070678691,0.6399369134946508,0,20
1,0.3355312256388325,-0.33813828547849023,1,20
0,-0.4513884721136702,0.682186494094952,0,21
1,0.18439569136306405,-0.35903311754918454,1,21
0,-0.4617285062551419,1.9782285905620716,0,22
1,0.1896226070950493,-1.0000000000000004,1,22
0,-0.4518207338372132,0.7363671073054173,0,23
1,0.1846142008546389,-0.3858285270759664,1,23
0,-0.4206998919552595,0.739498895381344,0,24
1,0.16888252958549013,-0.3873773752538113,1,24
0,-0.4188683905428252,0.7395418604651054,0,25
1,0.1679567005780786,-0.3873986239430837,1,25
0,-0.4188683905428252,0.7395418604651054,0,26
1,0.1679567005780786,-0.3873986239430837,1,26
0,-0.6877403912585813,4.33647554102938,0,27
1,0.3038722373358203,-2.1662878852550587,1,27
0,-0.44702669232633124,1.116239857292448,0,28
1,0.18219079966948057,-0.5736973107759112,1,28
0,-0.4344273266743475,0.9581961584570965,0,29
1,0.17582178563738443,-0.4955356698773434,1,29
0,-0.4339317285200973,0.936200578595075,0,30
1,0.17557125940567644,-0.4846575986400824,1,30
0,-0.43491684334441943,0.9202070409775885,0,31
1,0.1760692376620933,-0.4767478802952972,1,31
0,-0.44248111547133373,0.9760895678051853,0,32
1,0.17989299805207187,-0.5043849833660974,1,32
0,-0.4416398012805214,0.9631178135682615,0,33
1,0.17946771141187945,-0.4979697095907905,1,33
0,-0.44147865789601093,0.961488144045763,0,34
1,0.17938625298726785,-0.4971637448801468,1,34
0,-0.44142674075299326,0.961502128251051,0,35
1,0.17936000872850696,-0.49717066086882633,1,35
0,-0.4412190721809199,0.9615580650722072,0,36
1,0.17925503169346454,-0.4971983248235458,1,36
0,-0.4402364055789034,0.9618698465900326,0,37
1,0.17875829102016486,-0.4973525186016881,1,37
0,-0.4188683905428252,0.7395418604651054,0,38
1,0.1679567005780786,-0.3873986239430837,1,38
0,-1.058409727890696,4.806635477836763,0,39
1,0.4912466077197803,-2.3988088425373726,1,39
0,-0.6065985052738416,1.933391119024698,0,40
1,0.26285479052918787,-0.9778253079690632,1,40
0,-0.5673486144287754,1.6678604817598557,0,41
1,0.24301386262413024,-0.8465052333921939,1,41
0,-0.42399681902971104,0.83238558292823,0,42
1,0.1705491353004114,-0.43331515050077446,1,42
0,-0.5107989974458572,1.3382811737627154,0,43
1,0.21442787551793258,-0.6835094309077921,1,43
0,-0.4837930142604232,1.26464016772158,0,44
1,0.2007762766510087,-0.6470897450107096,1,44
0,-0.4816746173404122,1.2887532190130064,0,45
1,0.19970542117448914,-0.6590150268783069,1,45
0,-0.461454810941564,1.3132735404373503,0,46
1,0.18948425336035732,-0.67114172710116,1,46
0,-0.4519271624790739,1.316544740457685,0,47
1,0.18466800082617368,-0.672759522452579,1,47
0,-0.42595058352141735,1.3084262750808906,0,48
1,0.1715367686310732,-0.6687444773726131,1,48
0,-0.13611135117488088,1.9782285905620716,0,49
1,0.02502223854626386,-1.0000000000000004,1,49
0,-0.41143827504042385,1.341963411323111,0,50
1,0.16420075673121998,-0.6853305078125966,1,50
0,-0.36202001907472353,1.335024070947275,0,51
1,0.13921969225693687,-0.6818986074298167,1,51
0,-0.36260568379104013,1.3391081693416196,0,52
1,0.13951574738378697,-0.6839184274824087,1,52
0,-0.3660124290473831,1.3421636555924905,0,53
1,0.14123786649206216,-0.6854295400472913,1,53
0,-0.3758665658750827,1.3441205910036287,0,54
1,0.14621915979391398,-0.6863973564423412,1,54
0,-0.39396110881713275,1.3421433235151445,0,55
1,0.15536600107827214,-0.6854194846731135,1,55
0,-0.40887442996378404,1.3362819877155983,0,56
1,0.16290472598488856,-0.682520719158727,1,56
0,-0.41237200653593625,1.332474179014363,0,57
1,0.16467276057342803,-0.6806375401486857,1,57
0,-0.41169733117940593,1.3318131415037229,0,58
1,0.16433171032284116,-0.6803106193229375,1,58
0,-0.4114373109158377,1.3318184242785405,0,59
1,0.1642002693635867,-0.680313231956984,1,59
0,-0.4114159812132971,1.3318255520002058,0,60
1,0.16418948714021628,-0.6803167570226801,1,60
0,-0.4188683905428252,0.7395418604651054,0,61
1,0.1679567005780786,-0.3873986239430837,1,61
0,-0.8012876716671202,4.69942342589134,0,62
1,0.36127070025879215,-2.3457863559345555,1,62
0,-0.5519061945214959,2.1171239372137323,0,63
1,0.23520767683703084,-1.0686916864605869,1,63
0,-0.549002055077413,2.0723401680375546,0,64
1,0.2337396263508845,-1.0465435533162228,1,64
0,-0.5373854973010816,1.893205091332826,0,65
1,0.2278674244062999,-0.9579510207387669,1,65
0,-0.4286832194510488,0.8936675962283941,0,66
1,0.1729181236183928,-0.46362260820017204,1,66
0,-0.5131670264324371,1.6705117845678856,0,67
1,0.21562492069151767,-0.847816454146464,1,67
0,-0.48451956507642435,1.5370316229489795,0,68
1,0.20114355008920842,-0.7818028861496226,1,68
0,-0.500492355350885,1.6114553424138223,0,69
1,0.20921783955740528,-0.8186096685649554,1,69
0,-0.49341020515472744,1.6095345447030815,0,70
1,0.20563779313104905,-0.817659724327936,1,70
0,-0.46508160437010265,1.6018513538601176,0,71
1,0.19131760742562626,-0.8138599473798611,1,71
0,-0.37710659816303815,1.6075337322325178,0,72
1,0.14684599953016683,-0.8166702082195304,1,72
0,-0.2979050912288034,1.6392447931213676,0,73
1,0.10680941967680853,-0.8323531400413732,1,73
0,-0.09449492947718002,1.9782285905620716,0,74
1,0.003985022778455809,-1.0000000000000004,1,74
0,-0.2877584667934822,1.6561541807973337,0,75
1,0.101680273083877,-0.840715798578747,1,75
0,-0.1304085733262851,1.8511749960825352,0,76
1,0.022139468639993498,-0.9371647367167258,1,76
0,-0.28426966682404536,1.660478229574328,0,77
1,0.0999166750921782,-0.8428542878081554,1,77
0,-0.18317375354053575,1.6595543544597986,0,78
1,0.048812412538382366,-0.842397378766738,1,78
0,-0.19014473113200253,1.655444829304771,0,79
1,0.05233626090693006,-0.840364983727909,1,79
0,-0.2350724035574412,1.64143665648331,0,80
1,0.07504732303583862,-0.8334371417336749,1,80
0,-0.13176560991609682,1.9782285905620716,0,81
1,0.02282545437303076,-1.0000000000000004,1,81
0,-0.23143464670343525,1.6532961588779242,0,82
1,0.07320842692880579,-0.8393023434103881,1,82
0,-0.29676127308819117,1.6459227544583908,0,83
1,0.10623121645698391,-0.8356557735522648,1,83
0,-0.327733353484711,1.6430892753654964,0,84
1,0.12188768838559924,-0.8342544562141833,1,84
0,-0.32778311407299626,1.6430362080615057,0,85
1,0.12191284250000392,-0.8342282113996898,1,85
0,-0.3277849955073048,1.6430322734589953,0,86
1,0.12191379357022787,-0.8342262655138972,1,86
0,-0.3277849955073048,1.6430322734589953,0,87
1,0.12191379357022787,-0.8342262655138972,1,87
0,-0.423615607825552,5.885971398835771,0,88
1,0.17035643198696354,-2.9326021369725885,1,88
0,-0.34987748840817134,2.6211863334049093,0,89
1,0.1330816095679681,-1.317979347353742,1,89
0,-0.3320131189553569,1.8302341494638097,0,90
1,0.12405112161625059,-0.9268082913437895,1,90
0,-0.3297011600648924,1.7278712343648401,0,91
1,0.12288242003065303,-0.8761839800282751,1,91
0,-0.3294253354614873,1.7277142493338375,0,92
1,0.12274298993409032,-0.8761063419591205,1,92
0,-0.3283220370478671,1.727086309209836,0,93
1,0.12218526954783955,-0.8757957896825054,1,93
0,-0.3239088433933844,1.7245745487138386,0,94
1,0.11995438800283631,-0.8745535805760484,1,94
0,-0.3224223001685493,1.7237284855586543,0,95
1,0.11920293630917102,-0.8741351539952963,1,95
0,-0.060011429561515534,1.9782285905620716,0,96
1,-0.013446481386523688,-1.0000000000000004,1,96
0,-0.3062607631303738,1.7394028090488292,0,97
1,0.11103323483216235,-0.8818870027117914,1,97
0,-0.30633902806555285,1.7387007369607421,0,98
1,0.11107279797241466,-0.8815397879424707,1,98
0,-0.30484247262346764,1.737689772317067,0,99
1,0.1103162850753584,-0.8810398081519281,1,99
0,-0.3006841058914982,1.7371432691784872,0,100
1,0.10821421924140567,-0.8807695311185362,1,100
0,-0.29496260529298,1.7376175958303337,0,101
1,0.10532198493349239,-0.8810041127545241,1,101
0,-0.2922653529136991,1.7384779423032837,0,102
1,0.10395851642831118,-0.8814296032521672,1,102
0,-0.2921061317549399,1.7387735959098185,0,103
1,0.10387802969410904,-0.8815758208565073,1,103
0,-0.2922010568793581,1.7388011514888753,0,104
1,0.10392601460589883,-0.8815894486650833,1,104
0,-0.3277849955073048,1.6430322734589953,0,105
1,0.12191379357022787,-0.8342262655138972,1,105
0,-0.4932037120104125,5.659879496954683,0,106
1,0.20553341027797548,-2.8207867708736583,1,106
0,-0.36498283255811187,2.546303871958983,0,107
1,0.14071740263152357,-1.2809456908127395,1,107
0,-0.3413675784797972,1.9728568655868821,0,108
1,0.12877982666533794,-0.9973433750183601,1,108
0,-0.3392195251400503,1.931561377262525,0,109
1,0.12769397978697664,-0.9769203961022438,1,109
0,-0.32617532598496374,1.668465519036366,0,110
1,0.12110010119411886,-0.8468044589018796,1,110
0,-0.3351516317511478,1.8495137260728098,0,111
1,0.12563764847708164,-0.9363431437592543,1,111
0,-0.3302220362722825,1.814644824953991,0,112
1,0.12314572438783125,-0.9190984794805717,1,112
0,-0.33035630636499536,1.8308917942268712,0,113
1,0.1232135982894389,-0.927133534261971,1,113
0,-0.3300190984436703,1.830786333920252,0,114
1,0.12304313875663546,-0.9270813781135382,1,114
0,-0.32867026675836775,1.8303644926937674,0,115
1,0.12236130062542187,-0.9268727535198128,1,115
0,-0.32327494001716034,1.8286771277878382,0,116
1,0.11963394810056797,-0.9260382551449076,1,116
0,-0.30169363305232944,1.8219276681641245,0,117
1,0.10872453800115255,-0.922700261645286,1,117
0,-0.14051443250027493,1.9782285905620716,0,118
1,0.027248008281066324,-1.0000000000000004,1,118
0,-0.28287976902578965,1.840172108458813,0,119
1,0.09921407792778197,-0.9317231799977288,1,119
0,-0.2781042354236825,1.8382925933499799,0,120
1,0.09680003254147546,-0.930793652366557,1,120
0,-0.2774626963674053,1.8377024670534055,0,121
1,0.0964757327819134,-0.9305018011885752,1,121
0,-0.2735339148047436,1.8365942259504011,0,122
1,0.0944897228832569,-0.9299537126297742,1,122
0,-0.26651634990081946,1.8361890746674148,0,123
1,0.09094232449997408,-0.9297533421669003,1,123
0,-0.2555406265947653,1.8368916852731891,0,124
1,0.08539406614478777,-0.9301008232639917,1,124
0,-0.2504980312578473,1.838098228580385,0,125
1,0.08284502031612286,-0.9306975278805056,1,125
0,-0.25036147882659265,1.8385470517595126,0,126
1,0.0827759926860975,-0.930919496591767,1,126
0,-0.25064968628307976,1.8385926408497604,0,127
1,0.08292168234899217,-0.9309420430022043,1,127
0,-0.2506926982970985,1.8385913006514534,0,128
1,0.08294342504052105,-0.9309413801975522,1,128
0,-0.2506926982970985,1.8385913006514534,0,129
1,0.08294342504052105,-0.9309413801975522,1,129
0,-0.29074091917846434,5.974503905242476,0,130
1,0.10318791097729901,-2.976386520814558,1,130
0,-0.2598978973005133,2.7892427340514763,0,131
1,0.08759667848521001,-1.401092841500238,1,131
0,-0.25251986670907317,2.027289043010221,0,132
1,0.08386706370426916,-1.024263197424709,1,132
0,-0.2510355105755189,1.8739946617028276,0,133
1,0.08311671759126892,-0.9484503654560092,1,133
0,-0.250941962265083,1.8699458715599049,0,134
1,0.08306942866273827,-0.9464480073515271,1,134
0,-0.2508140311004747,1.8679727957320664,0,135
1,0.08300475910674357,-0.9454722085980327,1,135
0,-0.25033218071382396,1.8642633345613673,0,136
1,0.0827611824094144,-0.9436376680621705,1,136
0,-0.24898554037382534,1.888620796021724,0,137
1,0.08208045200928615,-0.9556838247257697,1,137
0,-0.2497807253411251,1.8742378263307298,0,138
1,0.08248242019996627,-0.9485706242607899,1,138
0,-0.2496000146704608,1.870474630094709,0,139
1,0.08239107045832034,-0.9467095086642917,1,139
0,-0.2495093093587051,1.872705655290522,0,140
1,0.08234521867345163,-0.9478128781214471,1,140
0,-0.249438457320588,1.8728757937749672,0,141
1,0.08230940277307719,-0.9478970213250173,1,141
0,-0.24921559920005046,1.8730825848541752,0,142
1,0.08219674737945865,-0.947999291331311,1,142
0,-0.24845576305204758,1.8734467384396076,0,143
1,0.08181264811427369,-0.9481793860898239,1,143
0,-0.24655554064196536,1.873938570105765,0,144
1,0.08085208045331277,-0.9484226249557569,1,144
0,-0.2426062162263832,1.8744268639312773,0,145
1,0.0788556860859356,-0.9486641141573118,1,145
0,-0.23747210741429622,1.8744524778077956,0,146
1,0.0762603799435712,-0.9486767816830248,1,146
0,-0.23469993946403647,1.8739257429795941,0,147
1,0.07485904141096388,-0.9484162812088255,1,147
0,-0.23477750268370795,1.8735669636968035,0,148
1,0.07489824983209463,-0.9482388443500956,1,148
0,-0.23509506150270365,1.873496754199878,0,149
1,0.07505877668956235,-0.9482041217415602,1,149
0,-0.2351500769364114,1.873494392794043,0,150
1,0.07508658714279821,-0.9482029538914261,1,150
0,-0.2506926982970985,1.8385913006514534,0,151
1,0.08294342504052105,-0.9309413801975522,1,151
0,-0.3060596175651306,5.8505218431023716,0,152
1,0.1109315551950352,-2.9150703058039547,1,152
0,-0.26327085999687694,2.750014796095326,0,153
1,0.08930172041638794,-1.3816923843968225,1,153
0,-0.25342124817100714,2.036304171810886,0,154
1,0.0843227145154211,-1.0287216938099792,1,154
0,-0.25262059784791496,1.9870263951166647,0,155
1,0.08391798357233811,-1.004351017126018,1,155
0,-0.25121876824909717,1.9145389484547404,0,156
1,0.08320935484990119,-0.9685018322651523,1,156
0,-0.2510039841291148,1.9105753783526127,0,157
1,0.08310078088579673,-0.9665416203409712,1,157
0,-0.25095534461106783,1.9121546738732564,0,158
1,0.08307619347548474,-0.9673226722289432,1,158
0,-0.2506565041156902,1.913542300854375,0,159
1,0.08292512878215112,-0.9680089330707127,1,159
0,-0.24911255239631824,1.916854932170087,0,160
1,0.08214465693641072,-0.9696472185653974,1,160
0,-0.2448649594633597,1.921808552079632,0,161
1,0.07999748701215463,-0.9720970666983566,1,161
0,-0.24416406958922116,1.9202537782540603,0,162
1,0.07964318525072904,-0.971328142189954,1,162
0,-0.24434268243062515,1.914735959326647,0,163
1,0.0797334745339068,-0.968599265400017,1,163
0,-0.2442861113267584,1.9145855267083216,0,164
1,0.07970487768512191,-0.9685248678733849,1,164
0,-0.24408583414996074,1.9144191607486762,0,165
1,0.07960363702074504,-0.9684425903989183,1,165
0,-0.24327309780179573,1.914099340184236,0,166
1,0.0791927965587061,-0.9682844208528127,1,166
0,-0.24118689513057262,1.9137050213310542,0,167
1,0.07813821536360263,-0.9680894076455212,1,167
0,-0.23605141352746473,1.913309465176144,0,168
1,0.07554221527159687,-0.96789378252182,1,168
0,-0.22690818160545534,1.9133269729660922,0,169
1,0.07092028635719776,-0.9679024411244767,1,169
0,-0.20239385686374156,1.9782285905620716,0,170
1,0.058528227694882806,-1.0000000000000004,1,170
0,-0.2261534373711136,1.915325156566748,0,171
1,0.07053876106839024,-0.9688906571064768,1,171
0,-0.21599250447627832,1.9152792536453709,0,172
1,0.06540238150977272,-0.9688679554886136,1,172
0,-0.21588367121616703,1.9152719099678241,0,173
1,0.06534736599709119,-0.968864323620392,1,173
0,-0.21588367121616703,1.9152719099678241,0,174
1,0.06534736599709119,-0.968864323620392,1,174
0,-0.23288169433728814,5.755419361858496,0,175
1,0.07393991349246988,-2.868036693946454,1,175
0,-0.21971181768808223,2.7801164165811736,0,176
1,0.06728250458025536,-1.3965793559636641,1,176
0,-0.2166071147086296,2.0787103089140704,0,177
1,0.06571306867468577,-1.0496939520181818,1,177
0,-0.21599174304290278,1.9396872050350378,0,178
1,0.06540199660310483,-0.9809390823076357,1,178
0,-0.21593919787323473,1.9301459517323973,0,179
1,0.06537543487514354,-0.9762203872893664,1,179
0,-0.21591315338605613,1.9283609957122185,0,180
1,0.0653622693151556,-0.9753376245313622,1,180
0,-0.21588146816592074,1.9277199928638085,0,181
1,0.06534625234912518,-0.9750206119910255,1,181
0,-0.21558869134362207,1.9348571097163776,0,182
1,0.06519825285923017,-0.9785503241440069,1,182
0,-0.21565157516778338,1.930675856629318,0,183
1,0.06523004080550772,-0.9764824555437086,1,183
0,-0.21564213123173046,1.9302958056133286,0,184
1,0.06522526686982719,-0.9762944985972825,1,184
0,-0.21562782331806987,1.9303084290163088,0,185
1,0.06521803418007187,-0.976300741591455,1,185
0,-0.21557059166342726,1.9303589226282292,0,186
1,0.06518910342105051,-0.9763257135681407,1,186
0,-0.2152982764867518,1.930447629605279,0,187
1,0.06505144734936343,-0.9763695842376845,1,187
0,-0.21412589552670075,1.930643547730171,0,188
1,0.06445880554565889,-0.9764664769467023,1,188
0,-0.21212758664265624,1.9307804287462966,0,189
1,0.06344865490200804,-0.9765341724316057,1,189
0,-0.20958248596706525,1.9307472715211689,0,190
1,0.062162099502023616,-0.9765177742889198,1,190
0,-0.20848356896786355,1.9305698481702454,0,191
1,0.06160659393282686,-0.9764300283025635,1,191
0,-0.2085660552695546,1.930470434186607,0,192
1,0.0616482909854753,-0.9763808624063823,1,192
0,-0.20868745292470994,1.9304550823478723,0,193
1,0.061709657834450385,-0.9763732700448056,1,193
0,-0.20870479552283663,1.930454898042575,0,194
1,0.06171842456555992,-0.9763731788953014,1,194
0,-0.21588367121616703,1.9152719099678241,0,195
1,0.06534736599709119,-0.968864323620392,1,195
0,-0.23231731767829,5.921215919501459,0,196
1,0.07365461953721603,-2.9500325665829608,1,196
0,-0.21963373455530563,2.829405228061169,0,197
1,0.06724303334161842,-1.420955489979802,1,197
0,-0.21660223660241495,2.0904328343026775,0,198
1,0.06571060277856135,-1.055491410737516,1,198
0,-0.21613173606874916,1.9757413810902875,0,199
1,0.06547276346317063,-0.9987699327780514,1,199
0,-0.2160921387163975,1.9661441755633562,0,200
1,0.06545274689251711,-0.9940235661873297,1,200
0,-0.2158389105991181,1.9246524443341322,0,201
1,0.06532473938191505,-0.9735035339399378,1,201
0,-0.2159985729819142,1.9508133175640943,0,202
1,0.06540544915608276,-0.9864415807843362,1,202
0,-0.21594703246974242,1.9467633722848374,0,203
1,0.06537939528525222,-0.9844386513989227,1,203
0,-0.215950725392496,1.948324744820959,0,204
1,0.06538126206787347,-0.9852108393467918,1,204
0,-0.21593371710465356,1.9483959991389945,0,205
1,0.06537266433153296,-0.985246078679077,1,205
0,-0.2158656839532822,1.9486810164111261,0,206
1,0.06533827338617117,-0.9853870360082123,1,206
0,-0.21559355134779823,1.9498210854996694,0,207
1,0.06520070960472442,-0.9859508653247538,1,207
0,-0.21395934140720732,1.96539407648156,0,208
1,0.06437461197961282,-0.9936525993249898,1,208
0,-0.21554675859663233,1.950266990933126,0,209
1,0.06517705574015614,-0.9861713910440439,1,209
0,-0.21426389386278544,1.9580369824285615,0,210
1,0.06452856408455739,-0.9900140958752139,1,210
0,-0.215354917349509,1.9514289254842105,0,211
1,0.06508007946146005,-0.9867460340813705,1,211
0,-0.21455363600521363,1.9505350834352648,0,212
1,0.06467502953542094,-0.9863039781072034,1,212
0,-0.21457159972619727,1.9496503079206549,0,213
1,0.06468411024584522,-0.9858664060523958,1,213
0,-0.21456885301280468,1.9490806182564164,0,214
1,0.06468272177466136,-0.9855846619570089,1,214
0,-0.21455513034850116,1.9490998797793333,0,215
1,0.0646757849300677,-0.9855941878808412,1,215
0,-0.21442734045987327,1.9491796383836704,0,216
1,0.06461118678946998,-0.9856336330687048,1,216
0,-0.2141101062314909,1.9492791333911652,0,217
1,0.06445082401345105,-0.9856828390358134,1,217
0,-0.21315081699856564,1.9494462637081906,0,218
1,0.06396590066460156,-0.9857654945286878,1,218
0,-0.21092199805671683,1.949654613981518,0,219
1,0.06283922655197269,-0.985868535645574,1,219
0,-0.20662093185975872,1.9498194704749314,0,220
1,0.06066502574551468,-0.9859500666027268,1,220
0,-0.20149925530994792,1.949743386256796,0,221
1,0.058076004145965456,-0.9859124386088266,1,221
0,-0.1990164481659842,1.949459327885184,0,222
1,0.056820938297757216,-0.9857719555107956,1,222
0,-0.19927127239032427,1.9492938154663875,0,223
1,0.05694975264487359,-0.9856901001610573,1,223
0,-0.1996264947336044,1.9492671705702669,0,224
1,0.05712931851758154,-0.985676922737234,1,224
0,-0.19968178131238634,1.9492671038890756,0,225
1,0.057157266035399085,-0.9856768897595743,1,225
0,-0.19968178131238634,1.9492671038890756,0,226
1,0.057157266035399085,-0.9856768897595743,1,226
0,-0.2073928816001286,5.714215760967132,0,227
1,0.061055248464998546,-2.8476591586170965,1,227
0,-0.20140773148228755,2.7919631565760183,0,228
1,0.058029738599052944,-1.402438245904352,1,228
0,-0.19999352716635546,2.1014771764407976,0,229
1,0.05731485442303847,-1.0609534690829083,1,229
0,-0.19974226398788433,1.9787978011171878,0,230
1,0.057187840194415016,-1.0002815071485458,1,230
0,-0.1996951409060685,1.9557899323331427,0,231
1,0.05716401934679383,-0.9889028011894205,1,231
0,-0.19969183964056494,1.9554420646874298,0,232
1,0.057162350547991084,-0.9887307607587994,1,232
0,-0.1996769110769767,1.9546816707127725,0,233
1,0.057154804117988234,-0.9883547024836109,1,233
0,-0.19964190609284704,1.9553990575883193,0,234
1,0.057137109002116965,-0.9887094912905346,1,234
0,-0.19963435633778195,1.9559408241879777,0,235
1,0.05713329258014192,-0.9889774258347492,1,235
0,-0.19962837979441267,1.9561461871226857,0,236
1,0.05713027142101104,-0.9890789895419718,1,236
0,-0.19962510382719242,1.9561499979663965,0,237
1,0.05712861541055997,-0.9890808742219648,1,237
0,-0.19958531622983744,1.9561718432765602,0,238
1,0.05710850267053366,-0.9890916779762492,1,238
0,-0.19949528848487222,1.9561967006146446,0,239
1,0.057062993397543164,-0.9891039713504706,1,239
0,-0.19921978989163244,1.9562385827875466,0,240
1,0.05692372810001684,-0.9891246844784377,1,240
0,-0.19861381683277926,1.956285409862323,0,241
1,0.05661740705009167,-0.9891478431429697,1,241
0,-0.19754145640835571,1.9563103731471991,0,242
1,0.05607532590257424,-0.9891601889139351,1,242
0,-0.19649162896250502,1.9562710745604455,0,243
1,0.0555446352377748,-0.9891407535169644,1,243
0,-0.19617802473490667,1.9562081860844462,0,244
1,0.05538610743714827,-0.9891096515716552,1,244
0,-0.19627696901336109,1.9561836024011574,0,245
1,0.055436124042370825,-0.9890974935353705,1,245
0,-0.19632760253071277,1.9561808996440915,0,246
1,0.055461719424822184,-0.9890961568675453,1,246
0,-0.19968178131238634,1.9492671038890756,0,247
1,0.057157266035399085,-0.9856768897595743,1,247
0,-0.20721050956858864,5.952065462541888,0,248
1,0.06096305890085507,-2.96528942859506,1,248
0,-0.20139950046411337,2.86252670991836,0,249
1,0.0580255777967001,-1.4373359555727183,1,249
0,-0.19999297580212808,2.1147198537255227,0,250
1,0.05731457570690351,-1.0675027297879662,1,250
0,-0.19975135065402405,1.986255030275078,0,251
1,0.05719243352917081,-1.003969533130173,1,251
0,-0.199738525540967,1.978351552103448,0,252
1,0.05718595039920395,-1.0000608115091736,1,252
0,-0.19967813931961745,1.9567653789453026,0,253
1,0.05715542499802531,-0.9893852152836059,1,253
0,-0.1997166991025767,1.9705492874810036,0,254
1,0.05717491707449386,-0.9962021457723592,1,254
0,-0.19966093863233822,1.9559960287664975,0,255
1,0.05714673000323992,-0.98900472765364,1,255
0,-0.1996957863788452,1.9650911506039705,0,256
1,0.05716434563506006,-0.9935027851670227,1,256
0,-0.19968733455083584,1.9641469426044735,0,257
1,0.05716007321272718,-0.9930358203520111,1,257
0,-0.19968534165741852,1.9643584085245134,0,258
1,0.057159065799617194,-0.9931404023342487,1,258
0,-0.19967315347134992,1.9646476518213436,0,259
1,0.057152904637996445,-0.9932834496741039,1,259
0,-0.1996229505446242,1.9652014606314867,0,260
1,0.05712752692029227,-0.9935573397795875,1,260
0,-0.19947714330616145,1.966079241329409,0,261
1,0.05705382095973834,-0.9939914524978055,1,261
0,-0.1993842670159261,1.9661090168302557,0,262
1,0.05700687173926992,-0.9940061781845743,1,262
0,-0.19938793843728253,1.9654387977887122,0,263
1,0.05700872765287551,-0.9936747165670936,1,263
0,-0.1993883372622924,1.9647370825666552,0,264
1,0.05700892926001627,-0.9933276782884177,1,264
0,-0.19938514907165356,1.9647917760824585,0,265
1,0.05700731762086915,-0.9933547273575877,1,265
0,-0.19938205603091885,1.964791218097278,0,266
1,0.05700575408026029,-0.9933544514020278,1,266
0,-0.19936968386797987,1.9647889861565693,0,267
1,0.05699949991782532,-0.9933533475797982,1,267
0,-0.19932019521622385,1.9647800583937345,0,268
1,0.05697448326808511,-0.993348932290876,1,268
0,-0.19912224060919947,1.9647443473423891,0,269
1,0.05687441666912432,-0.9933312711351843,1,269
0,-0.19810878323289174,1.964686183534636,0,270
1,0.05636211117463162,-0.9933025058083248,1,270
0,-0.19518115813196424,1.964645450367854,0,271
1,0.054882188624277725,-0.9932823609295457,1,271
0,-0.19275959048981106,1.9647101213403577,0,272
1,0.05365807951287062,-0.9933143444212436,1,272
0,-0.1919239816430178,1.9647976968941858,0,273
1,0.05323567693979092,-0.9933576555373453,1,273
0,-0.19203884662094015,1.9648251812535724,0,274
1,0.05329374150243565,-0.9933712481237293,1,274
0,-0.19210925408518167,1.9648277224013133,0,275
1,0.05332933266949163,-0.9933725048665083,1,275
0,-0.19210925408518167,1.9648277224013133,0,276
1,0.05332933266949163,-0.9933725048665083,1,276
0,-0.1956706961333343,5.708078959861019,0,277
1,0.055129651432016806,-2.8446241597664184,1,277
0,-0.19290482860349387,2.801015777660869,0,278
1,0.05373149777928119,-1.4069152843667443,1,278
0,-0.19224907050613918,2.1117816763588833,0,279
1,0.05340001025529965,-1.0660496331702618,1,279
0,-0.19213569712797235,1.992620664504744,0,280
1,0.05334269970043884,-1.0071177030377187,1,280
0,-0.1921133526330897,1.9691354983864937,0,281
1,0.05333140449674511,-0.9955029462704131,1,281
0,-0.1921116109534637,1.9678496030057993,0,282
1,0.053330524072898164,-0.9948669975187744,1,282
0,-0.19211054355860907,1.967596615398057,0,283
1,0.05332998450186017,-0.9947418806891005,1,283
0,-0.19210802589019493,1.9673492782448745,0,284
1,0.05332871181354382,-0.9946195583321167,1,284
0,-0.1920977699652362,1.9684455307542608,0,285
1,0.053323527415235134,-0.9951617178462512,1,285
0,-0.19209864781856062,1.968051776199836,0,286
1,0.053323971172508075,-0.9949669837169459,1,286
0,-0.19209803599276204,1.9680086987309495,0,287
1,0.053323661892882124,-0.9949456794468058,1,287
0,-0.1920973528252619,1.9680094860883626,0,288
1,0.05332331654982939,-0.9949460688400407,1,288
0,-0.19210925408518167,1.9648277224013133,0,289
1,0.05332933266949163,-0.9933725048665083,1,289
0,-0.19558660563796024,5.966131941826132,0,290
1,0.055087143455044264,-2.97224610646721,1,290
0,-0.1929025953100266,2.8777062571812912,0,291
1,0.05373036884328365,-1.4448431091695522,1,291
0,-0.19224906627269983,2.1257062206930035,0,292
1,0.05340000811528443,-1.0729361160983364,1,292
0,-0.1921361877443134,1.9958196317014487,0,293
1,0.05334294770835015,-1.0086997751299158,1,293
0,-0.19211977928326754,1.9769388129461494,0,294
1,0.05333465318610753,-0.9993621312611797,1,294
0,-0.1921181186264792,1.9750973757331851,0,295
1,0.05333381371952789,-0.9984514353255753,1,295
0,-0.19210895236826125,1.968212383026728,0,296
1,0.05332918015075754,-0.995046412971146,1,296
0,-0.19211420862107656,1.9721604784695266,0,297
1,0.05333183720102997,-0.9969989717919472,1,297
0,-0.1921124747311118,1.971684138516176,0,298
1,0.05333096071487808,-0.9967633944633113,1,298
0,-0.19211211749379473,1.971813747590503,0,299
1,0.053330780130430445,-0.9968274935574197,1,299
0,-0.19211035989271977,1.971911325198298,0,300
1,0.05332989165824733,-0.996875751260803,1,300
0,-0.19210052025997845,1.9721663129873264,0,301
1,0.05332491769680102,-0.9970018572944278,1,301
0,-0.1920740851346869,1.9725333042710662,0,302
1,0.05331155466817122,-0.9971833554569236,1,302
0,-0.19204504977364142,1.9726679010122787,0,303
1,0.0532968772132077,-0.9972499212373394,1,303
0,-0.19204597233516962,1.9724380893896571,0,304
1,0.05329734357060088,-0.997136266256762,1,304
0,-0.19204707600739163,1.971969056229599,0,305
1,0.05329790147994816,-0.9969043025549763,1,305
0,-0.19204627500646868,1.9720095579538643,0,306
1,0.053297496571775974,-0.9969243329722021,1,306
0,-0.19204564394308116,1.9720075455784336,0,307
1,0.05329717756749591,-0.9969233377375483,1,307
0,-0.19204564394308116,1.9720075455784336,0,308
1,0.05329717756749591,-0.9969233377375483,1,308
0,-0.19024601488087664,5.709941222816846,0,309
1,0.05238746012089215,-2.8455451552220166,1,309
0,-0.1916435532630653,2.8071731503687367,0,310
1,0.05309391962150621,-1.4099604570501085,1,310
0,-0.1919759482999709,2.116769428463531,0,311
1,0.05326194622798183,-1.068516361624271,1,311
0,-0.19203314513692205,1.9979682890718982,0,312
1,0.05329085938656436,-1.009762408990305,1,312
0,-0.19204331971077943,1.9768351105350555,0,313
1,0.05329600266166709,-0.9993108444925428,1,313
0,-0.1920449947680854,1.9733559196021688,0,314
1,0.05329684940774783,-0.9975901857486812,1,314
0,-0.1920443429252484,1.9733256287437362,0,315
1,0.05329651989939871,-0.9975752051881327,1,315
0,-0.1920417355539008,1.9732044653099956,0,316
1,0.05329520186600259,-0.9975152829459428,1,316
0,-0.19202826673440684,1.9737957679521352,0,317
1,0.05328839334065908,-0.9978077158940334,1,317
0,-0.19203012265962494,1.973515331283363,0,318
1,0.053289331515967674,-0.9976690239350302,1,318
0,-0.19202943056985713,1.9734840557135884,0,319
1,0.05328898166268415,-0.9976535563784515,1,319
0,-0.19202857072979357,1.9734848249895318,0,320
1,0.053288547011164186,-0.9976539368293704,1,320
0,-0.19202513136953922,1.973487902093312,0,321
1,0.053286808405084665,-0.9976554586330363,1,321
0,-0.1920093916209326,1.9734929324477994,0,322
1,0.053278851918821334,-0.997657946430803,1,322
0,-0.19192679053153833,1.973507009936771,0,323
1,0.05323709684067289,-0.9976649085535968,1,323
0,-0.19173302930458602,1.973524845915738,0,324
1,0.0531391500068859,-0.9976737294644811,1,324
0,-0.1912173778701309,1.9735504680259282,0,325
1,0.05287848678681387,-0.9976864010622122,1,325
0,-0.19018573383477833,1.9735725125114485,0,326
1,0.05235698788609258,-0.9976973033200908,1,326
0,-0.18872259632610644,1.973568411154765,0,327
1,0.0516173678464006,-0.9976952749648285,1,327
0,-0.1877544543584813,1.9735306987901242,0,328
1,0.05112796941578229,-0.9976766240453403,1,328
0,-0.18769700398818534,1.973500547285873,0,329
1,0.05109892809539609,-0.9976617124034,1,329
0,-0.18782771624529093,1.9734938129339363,0,330
1,0.05116500350130681,-0.9976583818815152,1,330
0,-0.18785872290435682,1.9734936068181874,0,331
1,0.05118067745284792,-0.9976582799454996,1,331
0,-0.19204564394308116,1.9720075455784336,0,332
1,0.05329717756749591,-0.9969233377375483,1,332
0,-0.19332228922360595,5.97261478611977,0,333
1,0.05394252527231397,-2.975452243449673,1,333
0,-0.19233684340887008,2.884535644845269,0,334
1,0.053444379699331294,-1.448220631652779,1,334
0,-0.19209628368958534,2.1306966815616164,0,335
1,0.053322776098801025,-1.0754041841909294,1,335
0,-0.19205472537259666,2.000465906900524,0,336
1,0.0533017682551234,-1.010997623739524,1,336
0,-0.19204785919300904,1.9789494463849175,0,337
1,0.053298297382434606,-1.0003565043996072,1,337
0,-0.19204724459871791,1.977689837616546,0,338
1,0.053297986703327985,-0.9997335558799789,1,338
0,-0.19204192198544048,1.9723124906921174,0,339
1,0.053295296107659214,-0.9970741505231584,1,339
0,-0.192045265531773,1.9756904194746698,0,340
1,0.05329698627953754,-0.9987447293467924,1,340
0,-0.19204343408969735,1.9748613126456696,0,341
1,0.05329606048052482,-0.9983346886383504,1,341
0,-0.19204441493197355,1.975305346906949,0,342
1,0.05329655629899633,-0.9985542889560638,1,342
0,-0.19204377841522452,1.9752544014255784,0,343
1,0.053296234538027155,-0.9985290935041131,1,343
0,-0.19204202897036515,1.9752038194201027,0,344
1,0.05329535018883321,-0.9985040778117624,1,344
0,-0.1920342335191263,1.9750875499335359,0,345
1,0.05329140956676573,-0.9984465759061276,1,345
0,-0.19201411060140083,1.9749270807742192,0,346
1,0.053281237376442636,-0.9983672147364121,1,346
0,-0.19195405360003684,1.9782285905620716,0,347
1,0.053250878396873425,-1.0000000000000004,1,347
0,-0.19200552730595444,1.9753989297391124,0,348
1,0.053276898496958575,-0.9986005710146068,1,348
0,-0.19200170367870611,1.9753034424369904,0,349
1,0.05327496564285543,-0.9985533470868309,1,349
0,-0.19200106538504336,1.9753386076519548,0,350
1,0.053274642983651095,-0.9985707382952416,1,350
0,-0.19200057009851082,1.9753409453344575,0,351
1,0.05327439261494513,-0.998571894412833,1,351
0,-0.19200057009851082,1.9753409453344575,0,352
1,0.05327439261494513,-0.998571894412833,1,352
0,-0.187717904587909,5.710584378338173,0,353
1,0.051109493406110394,-2.845863232382125,1,353
0,-0.19104362880707706,2.809963370492347,0,354
1,0.052790656156984986,-1.4113403803557294,1,354
0,-0.19183581404708364,2.1190374253927287,0,355
1,0.05319110797725808,-1.0696380157164327,1,355
0,-0.19197204881359006,2.000216561218252,0,356
1,0.053259975026878396,-1.010874308050123,1,356
0,-0.19199508462486606,1.980125250659784,0,357
1,0.053271619692912275,-1.0009380068079683,1,357
0,-0.19199967880637708,1.9761183100577657,0,358
1,0.053273942064317334,-0.9989563456930706,1,358
0,-0.19199943947317,1.975972296527735,0,359
1,0.05327382108072185,-0.998884133658139,1,359
0,-0.1919988578231515,1.9759318464290498,0,360
1,0.053273527055035824,-0.9988641287727121,1,360
0,-0.1919962036243263,1.9758545647091559,0,361
1,0.05327218535022087,-0.9988259085457573,1,361
0,-0.19198813233034406,1.9763321411763248,0,362
1,0.053268105288886924,-0.9990620974011407,1,362
0,-0.19199273674342368,1.9760596991940704,0,363
1,0.053270432832377757,-0.9989273592715006,1,363
0,-0.19199152673488354,1.9759779486508093,0,364
1,0.05326982116972877,-0.9988869289560062,1,364
0,-0.19199089775833206,1.976023626559689,0,365
1,0.05326950322034999,-0.9989095192923313,1,365
0,-0.1919903381435292,1.9760268086096415,0,366
1,0.05326922033352598,-0.9989110929978768,1,366
0,-0.19198957897126007,1.9760275329883397,0,367
1,0.05326883656985357,-0.9989114512445426,1,367
0,-0.19200057009851082,1.9753409453344575,0,368
1,0.05327439261494513,-0.998571894412833,1,368
0,-0.19225622263086742,5.975623134558497,0,369
1,0.05340362567404476,-2.9769400436726414,1,369
0,-0.1920588782172536,2.8877079254018434,0,370
1,0.053303867529533325,-1.4497895056763488,1,370
0,-0.19201064605507973,2.133002867284389,0,371
1,0.05327948603873695,-1.0765447248239153,1,371
0,-0.19200231113995966,2.0025836134768644,0,372
1,0.05327527271619193,-1.0120449506634586,1,372
0,-0.19200091734126323,1.9807743708725016,0,373
1,0.053274568147112907,-1.0012590338488443,1,373
0,-0.19200071300264449,1.9775770149501444,0,374
1,0.05327446485337818,-0.9996777586238925,1,374
0,-0.1920005690032526,1.9772953640437467,0,375
1,0.05327439206128896,-0.9995384661549944,1,375
0,-0.19199970548113254,1.9765814873019283,0,376
1,0.05327395554847947,-0.9991854133097934,1,376
0,-0.19200011958071198,1.9769238248652008,0,377
1,0.0532741648769571,-0.9993547187986164,1,377
0,-0.19199968920536073,1.9768314111720902,0,378
1,0.053273947321032085,-0.9993090149461485,1,378
0,-0.19199947785488852,1.9768456892342945,0,379
1,0.053273840482786494,-0.9993160762638671,1,379
0,-0.19199772019560848,1.9768877318739437,0,380
1,0.05327295198118024,-0.999336868751811,1,380
0,-0.19199236593476454,1.97695023502607,0,381
1,0.053270245387579435,-0.9993677801324434,1,381
0,-0.1919758842335251,1.9770596356150065,0,382
1,0.05326191384221715,-0.9994218849756593,1,382
0,-0.19197631720050137,1.9770137767588074,0,383
1,0.05326213270821601,-0.9993992051505415,1,383
0,-0.19197750014911807,1.9768745030519719,0,384
1,0.053262730691999154,-0.9993303263433492,1,384
0,-0.19197711517884267,1.976889295574242,0,385
1,0.053262536088464776,-0.9993376420909701,1,385
0,-0.1919768990705901,1.9768883017566752,0,386
1,0.05326242684514815,-0.9993371505913876,1,386
0,-0.1919768990705901,1.9768883017566752,0,387
1,0.05326242684514815,-0.9993371505913876,1,387
0,-0.18654226038835306,5.70987258046715,0,388
1,0.05051520202585008,-2.84551120765734,1,388
0,-0.19076262054573645,2.8109607964140593,0,389
1,0.05264860570706171,-1.4118336644745533,1,389
0,-0.191768508443542,2.120029176447407,0,390
1,0.053157084809327404,-1.070128493289205,1,390
0,-0.19194150448811592,2.0012003908676097,0,391
1,0.053244534786240895,-1.0113608680352746,1,391
0,-0.19197045273914484,1.9813162049435933,0,392
1,0.05325916820685115,-1.0015270017615414,1,392
0,-0.19197583538836321,1.9776189315673545,0,393
1,0.05326188915085328,-0.9996984887865398,1,393
0,-0.19197648489068855,1.977172796670155,0,394
1,0.05326221747606718,-0.9994778495843176,1,394
0,-0.1919762849757718,1.977171460886382,0,395
1,0.053262116418526406,-0.999477188962905,1,395
0,-0.19197548531610623,1.9771661177512887,0,396
1,0.05326171218836326,-0.9994745464772505,1,396
0,-0.1919730388463525,1.9771497710240957,0,397
1,0.053260475491166026,-0.999466462086479,1,397
0,-0.1918654117377186,1.9782285905620716,0,398
1,0.05320606969137726,-1.0000000000000004,1,398
0,-0.1919668867807605,1.9772114373518808,0,399
1,0.05325736560506817,-0.9994969596096533,1,399
0,-0.19196706937145824,1.9772069307574915,0,400
1,0.05325745790516866,-0.9994947308411871,1,400
0,-0.1919667979942219,1.977206677238836,0,401
1,0.0532573207232284,-0.9994946054617235,1,401
0,-0.19196571248527672,1.977205663164211,0,402
1,0.05325677199546742,-0.9994941039438717,1,402
0,-0.1919768990705901,1.9768883017566752,0,403
1,0.05326242684514815,-0.9993371505913876,1,403
0,-0.19175863436094695,5.977019281696414,0,404
1,0.05315209343338543,-2.9776305182188554,1,404
0,-0.19192712038545684,2.8891808151363594,0,405
1,0.05323726358273705,-1.4505179338222411,1,405
0,-0.19196832249487664,2.1340709552004533,0,406
1,0.053258091362507524,-1.0770729553371086,1,406
0,-0.19197544419301216,2.003551800783313,0,407
1,0.05326169140052616,-1.0125237746161164,1,407
0,-0.19197663341452217,1.9817569727783986,0,408
1,0.05326229255527429,-1.0017449866446924,1,408
0,-0.19197682474324312,1.9782504968850323,0,409
1,0.053262389272469415,-1.000010833928599,1,409
0,-0.19197675789292892,1.9780222045507507,0,410
1,0.053262355479451476,-0.999897930322927,1,410
0,-0.1919759545912584,1.9769647982316458,0,411
1,0.05326194940824505,-0.9993749824698532,1,411
0,-0.1919764853415596,1.9776634382856753,0,412
1,0.0532622177039838,-0.9997204999022025,1,412
0,-0.1919761680686053,1.9775357037033368,0,413
1,0.05326205732163191,-0.9996573278515066,1,413
0,-0.19197618906301467,1.977593606019373,0,414
1,0.053262067934363555,-0.9996859638557665,1,414
0,-0.19197606996312766,1.9775909482523548,0,415
1,0.05326200772904247,-0.9996846494380907,1,415
0,-0.191975593563579,1.9775803171842778,0,416
1,0.05326176690775882,-0.9996793917673863,1,416
0,-0.19197217730549063,1.9775475098185387,0,417
1,0.053260039979887715,-0.9996631666501657,1,417
0,-0.19196130958077212,1.9779087054830926,0,418
1,0.05325454631511602,-0.9998417985477662,1,418
0,-0.19196989054253036,1.9776235118234209,0,419
1,0.053258884014914305,-0.9997007539849149,1,419
0,-0.19196576733400741,1.9776029325087459,0,420
1,0.05325679972165187,-0.9996905763377482,1,420
0,-0.19196562089417002,1.9776051370148846,0,421
1,0.053256725695910924,-0.999691666592015,1,421
0,-0.19196540891556807,1.9776065111515946,0,422
1,0.05325661854014384,-0.9996923461811491,1,422
0,-0.19196540891556807,1.9776065111515946,0,423
1,0.05325661854014384,-0.9996923461811491,1,423
0,-0.18599617849867844,5.708576199891605,0,424
1,0.05023915612686743,-2.8448700733776406,1,424
0,-0.19063182792702646,2.811139462342819,0,425
1,0.052582489678138486,-1.4119220249866618,1,425
0,-0.19173689273618214,2.120436805700894,0,426
1,0.053141102982196535,-1.0703300892501053,1,426
0,-0.19192696145778246,2.001637464823473,0,427
1,0.05323718324436025,-1.011577026084194,1,427
0,-0.1919586936918917,1.9818037517068536,0,428
1,0.053253223976083806,-1.001768121498119,1,428
0,-0.19196410185707452,1.9784234666515885,0,429
1,0.05325595781847625,-1.000096377362976,1,429
0,-0.19196516970192626,1.9777560277200779,0,430
1,0.05325649761698899,-0.9997662906687829,1,430
0,-0.191965095822277,1.977740139375972,0,431
1,0.053256460270623016,-0.9997584329746406,1,431
0,-0.19196489561275026,1.9777303340465981,0,432
1,0.053256359064155816,-0.9997535836789132,1,432
0,-0.19196408098156026,1.9777123339956884,0,433
1,0.053255947265846225,-0.9997446816250787,1,433
0,-0.191961680700026,1.9778662487633352,0,434
1,0.053254733916920774,-0.9998208012735459,1,434
0,-0.19196338824390133,1.9777567548497805,0,435
1,0.05325559708505194,-0.9997666502759736,1,435
0,-0.1919631746740193,1.9777409210620516,0,436
1,0.05325548912488849,-0.9997588195630784,1,436
0,-0.19196304189614857,1.9777537394553661,0,437
1,0.05325542200530905,-0.9997651589911145,1,437
0,-0.1919629090683069,1.9777542090585032,0,438
1,0.0532553548604693,-0.9997653912367022,1,438
0,-0.19196540891556807,1.9776065111515946,0,439
1,0.05325661854014384,-0.9996923461811491,1,439
0,-0.19152711606640316,5.977667226223995,0,440
1,0.05303506029795892,-2.9779509638162516,1,440
0,-0.1918654513905323,2.8898645364246986,0,441
1,0.05320608973598414,-1.4508560730723852,1,441
0,-0.19194821060192652,2.134566176121091,0,442
1,0.05324792474523878,-1.077317870383073,1,442
0,-0.19196251721979624,2.0039974474383304,0,443
1,0.053255156779968296,-1.0127441723546797,1,443
0,-0.19196490482143655,1.982207104421798,0,444
1,0.053256363719172195,-1.0019676024663147,1,444
0,-0.19196530365392084,1.9785671770200566,0,445
1,0.05325656533009123,-1.0001674503528901,1,445
0,-0.19196536565784503,1.9780013008867883,0,446
1,0.05325659667324575,-0.9998875922665059,1,446
0,-0.19196534123205083,1.977972001917159,0,447
1,0.05325658432593953,-0.9998731022516552,1,447
0,-0.1919652273354377,1.9779236819338442,0,448
1,0.053256526750887864,-0.9998492052585342,1,448
0,-0.19196518773480936,1.9779325123093763,0,449
1,0.0532565067326612,-0.9998535723838664,1,449
0,-0.19196510104152606,1.97793462069105,0,450
1,0.05325646290896766,-0.9998546150990953,1,450
0,-0.19196375996347959,1.977951105514704,0,451
1,0.053255784990322304,-0.9998627677864629,1,451
0,-0.1919607580780955,1.9779708983035214,0,452
1,0.05325426752899426,-0.9998725564516419,1,452
0,-0.19195967014781587,1.9779669356140277,0,453
1,0.05325371757724219,-0.9998705966752293,1,453
0,-0.19195978479856754,1.977946461905562,0,454
1,0.05325377553351291,-0.99986047125637,1,454
0,-0.19195976243213594,1.9779393086868402,0,455
1,0.053253764227220036,-0.999856933580922,1,455
0,-0.19195970611369303,1.977939823718564,0,456
1,0.05325373575809204,-0.9998571882935421,1,456
0,-0.19195970611369303,1.977939823718564,0,457
1,0.05325373575809204,-0.9998571882935421,1,457
0,-0.18574275014484296,5.710679144549812,0,458
1,0.05011104739613521,-2.8459100996894446,1,458
0,-0.1905705317087292,2.81201777937432,0,459
1,0.052551504270997244,-1.4123564029524889,1,459
0,-0.19172182202559426,2.120768451409524,0,460
1,0.05313348469649409,-1.070494107005793,1,460
0,-0.19191986358856009,2.0018617818199327,0,461
1,0.053233595251922596,-1.011687963658131,1,461
0,-0.19195291066025041,1.982019900269668,0,462
1,0.05325030063766425,-1.0018750193148105,1,462
0,-0.19195844597612083,1.9786964263210418,0,463
1,0.053253098755079324,-1.0002313715185192,1,463
0,-0.19195951960575863,1.9780518054511302,0,464
1,0.05325364147781761,-0.999912569659786,1,464
0,-0.19195954220582914,1.9780075073112589,0,465
1,0.05325365290221553,-0.9998906616980887,1,465
0,-0.19195948577715727,1.9779993216269476,0,466
1,0.05325362437736625,-0.9998866134094022,1,466
0,-0.1919593773461354,1.9779962269532207,0,467
1,0.05325356956518641,-0.9998850829163917,1,467
0,-0.19195835342541825,1.9780306232446452,0,468
1,0.05325305197044429,-0.9999020938481665,1,468
0,-0.1919585836728339,1.978010079876222,0,469
1,0.053253168361146824,-0.9998919339784769,1,469
0,-0.19195853873228297,1.9780083301373461,0,470
1,0.05325314564357467,-0.9998910686326103,1,470
0,-0.19195847816915393,1.978008394402833,0,471
1,0.05325311502874622,-0.9998911004155663,1,471
0,-0.19195970611369303,1.977939823718564,0,472
1,0.05325373575809204,-0.9998571882935421,1,472
0,-0.1914195348653355,5.977967896209267,0,473
1,0.05298067770457141,-2.9780996623065414,1,473
0,-0.19183651525490983,2.8901818116167,0,474
1,0.053191462439745006,-1.4510129837863617,1,474
0,-0.19193852398029898,2.134795873482512,0,475
1,0.05324302813133178,-1.0774314688549584,1,475
0,-0.1919561594302847,2.0042034081669646,0,476
1,0.05325194289986271,-1.0128460317051573,1,476
0,-0.19195910214915446,1.9824122481890387,0,477
1,0.053253430452354776,-1.0020690577826945,1,477
0,-0.19195959322319117,1.9787757904213472,0,478
1,0.05325367869163258,-1.000270621601593,1,478
0,-0.19195966839367018,1.978219144677389,0,479
1,0.05325371669051657,-0.9999953284702129,1,479
0,-0.19195965661881986,1.9781741488775342,0,480
1,0.0532537107382974,-0.9999730754757835,1,480
0,-0.19195950892246105,1.9779794535523925,0,481
1,0.05325363607738134,-0.9998767875111212,1,481
0,-0.19195960258935368,1.978102926509325,0,482
1,0.05325368342625345,-0.999937851944511,1,482
0,-0.1919595429316535,1.9780834853703326,0,483
1,0.05325365326912177,-0.9999282371902651,1,483
0,-0.19195953819830422,1.9780911165233086,0,484
1,0.053253650876400625,-0.9999320112315149,1,484
0,-0.19195950871439035,1.9780913517774352,0,485
1,0.053253635972200966,-0.9999321275781228,1,485
0,-0.19195939077873472,1.97809229279394,0,486
1,0.05325357635540231,-0.9999325929645638,1,486
0,-0.191958919036113,1.9780960568599517,0,487
1,0.05325333788820801,-0.9999344545103137,1,487
0,-0.1919531385061023,1.9782285905620716,0,488
1,0.05325041581436976,-1.0000000000000004,1,488
0,-0.19195885523459644,1.9780975196758521,0,489
1,0.053253305636365635,-0.9999351779563718,1,489
0,-0.19195729297866962,1.9780939635269963,0,490
1,0.05325251591169273,-0.9999334192375379,1,490
0,-0.1919572565407245,1.9780942917632294,0,491
1,0.05325249749221109,-0.9999335815691138,1,491
