,0,1,2,vars,t
0,0.0,-20.778637215920536,0.0,0,0
1,10.190770901838986,0.0,14.627439077464567,1,0
2,-38.90729987089378,0.0,0.0,2,0
0,0.0,-0.44515613676079413,0.00015100235929028854,0,1
1,1.5828839278399547,0.0,0.1050875625399068,1,1
2,-1.7197210916811088,-0.03290673326671252,0.0,2,1
0,0.0,-0.4399083287051377,0.00021719172041598003,0,2
1,1.5526783262129271,0.0,0.10674614513525411,1,2
2,-1.7243790027725214,-0.04438488392674809,0.0,2,2
0,0.0,-0.4203742418370152,0.000511400175980635,0,3
1,1.4355928670646112,0.0,0.11342615064296215,1,3
2,-1.7405295096128763,-0.0897539282908626,0.0,2,3
0,0.0,-0.3632878849150077,0.002215101361315505,0,4
1,1.0223427911378005,0.0,0.14042970775472816,1,4
2,-1.7686287100223437,-0.26344945837786016,0.0,2,4
0,0.0,-0.4937149100041979,0.1680672574924486,0,5
1,-0.1621616139032496,0.0,0.2148635975894019,1,5
2,-0.6061766466192495,-0.979704433504496,0.0,2,5
0,0.0,-0.6535131323777095,0.3055412531174972,0,6
1,-0.18537743559435169,0.0,0.10783419179768407,1,6
2,-0.46503639471791136,-0.3445103117271426,0.0,2,6
0,0.0,-0.966483543445103,0.4033419459089004,0,7
1,-0.20854142741295373,0.0,0.10802130600067757,1,7
2,-0.3953596606181491,0.36872638581129447,0.0,2,7
0,0.0,-1.1900400192585665,0.36927498835287575,0,8
1,-0.2581367765296416,0.0,0.16484946915647566,1,8
2,-0.3560348758412807,0.6335109985746151,0.0,2,8
0,0.0,-1.2908675382220554,0.33180763417551695,0,9
1,-0.2588886453924641,0.0,0.17532738325312455,1,9
2,-0.2937151885714063,0.6590460763830137,0.0,2,9
0,0.0,-1.3623869011485799,0.32241327340147014,0,10
1,-0.27373263512302515,0.0,0.17377418774824407,1,10
2,-0.2802746063930566,0.6014613500094835,0.0,2,10
0,0.0,-1.4720079714355632,0.29826661565477774,0,11
1,-0.3048174721830965,0.0,0.16115716716956052,1,11
2,-0.2531123655046199,0.4336387085904752,0.0,2,11
0,0.0,-1.540621447749267,0.24429214310837682,0,12
1,-0.3433264176434188,0.0,0.14557204603671556,1,12
2,-0.2157538587048705,0.2247076403189754,0.0,2,12
0,0.0,-1.5550819195056882,0.05613483791577632,0,13
1,-0.4300267784588341,0.0,0.1401676489065857,1,13
2,-0.13547274397290385,0.0,0.0,2,13
0,0.0,-1.1697430142300262,0.0,0,14
1,-0.4837230428487693,0.0,-0.0007618009472807679,1,14
2,-4.918953147610582e-06,0.0,0.0,2,14
0,0.0,-1.3574277150503589,0.03480326481270824,0,15
1,-0.4475483816704705,0.0,0.09287343350105277,1,15
2,-0.06326711211700914,0.0,0.0,2,15
0,0.0,-1.2089436562013687,-0.06231043011206603,0,16
1,-0.4120017147943587,0.0,0.07090867286010677,1,16
2,-0.047228866712622,0.003159263895119189,0.0,2,16
0,0.0,-0.9215824986199079,-0.1796412068441267,0,17
1,-0.3482667461107715,0.0,0.029350934044817693,1,17
2,-0.06556084559977898,0.022617074105400953,0.0,2,17
0,0.0,-0.5885095563639829,-0.14241063784988825,0,18
1,-0.14547152517329834,0.0,0.006163359440257238,1,18
2,-0.10147604711118646,0.022092339421600188,0.0,2,18
0,0.0,-0.8002020047963935,-0.17573805504668405,0,19
1,-0.26644543522403447,0.0,0.016920872075884275,1,19
2,-0.07707996517550939,0.02122052260327672,0.0,2,19
0,0.0,-0.5997899211739139,-0.13729604948528462,0,20
1,-0.14377655908447556,0.0,0.005108532942986817,1,20
2,-0.1023765273479657,0.023538574337325764,0.0,2,20
0,0.0,-0.7888224489653939,-0.17442835746678897,0,21
1,-0.2584142502749285,0.0,0.01591760156003858,1,21
2,-0.07860719233267918,0.021051395950172892,0.0,2,21
0,0.0,-0.88003260254465,-0.19836478211088254,0,22
1,-0.2995163775835438,0.0,0.014583187298930836,1,22
2,-0.10530091358676699,0.023339579534682638,0.0,2,22
0,0.0,-1.0561071087228695,-0.25609127160706074,0,23
1,-0.32378193444171166,0.0,0.02069117998688124,1,23
2,-0.14417278440210105,0.04131295478864243,0.0,2,23
0,0.0,-1.1177904877636264,-0.26391870010634816,0,24
1,-0.2970010383885301,0.0,0.02279237446271292,1,24
2,-0.15477962692323782,0.05849728913556969,0.0,2,24
0,0.0,-1.127930348095528,-0.2600641446748165,0,25
1,-0.22471624725462755,0.0,0.025881485433082534,1,25
2,-0.15057876234786835,0.10203151961797943,0.0,2,25
0,0.0,-1.101520407681207,-0.24464905739950998,0,26
1,-0.19634530663959024,0.0,0.021834927618264513,1,26
2,-0.1323167302350212,0.12199165561024809,0.0,2,26
0,0.0,-1.0807822714534727,-0.24688163223296947,0,27
1,-0.17146474380565166,0.0,0.0030199895379881317,1,27
2,-0.08010256976801505,0.18099767844431153,0.0,2,27
0,0.0,-1.1413179085403653,-0.3118490145921947,0,28
1,-0.18047951147237412,0.0,0.0,1,28
2,-0.027215458713867904,0.2420880761931935,0.0,2,28
0,0.0,-1.409706835091098,-0.2482078612834427,0,29
1,-0.22457756087595285,0.0,0.03612576006019968,1,29
2,-0.026567873522018816,0.18421195072620422,0.0,2,29
0,0.0,-1.4174731917696453,-0.23739849752145792,0,30
1,-0.22777013686695508,0.0,0.04801908361113142,1,30
2,-0.029863636887343645,0.18640044082412213,0.0,2,30
0,0.0,-1.418036915730603,-0.2157727740837332,0,31
1,-0.22787512537382595,0.0,0.057398170007831074,1,31
2,-0.033060430278970945,0.179957753709386,0.0,2,31
0,0.0,-1.4210636989258851,-0.19296604340323703,0,32
1,-0.2271833711597666,0.0,0.06173460520187003,1,32
2,-0.034464844916120736,0.1680904041731553,0.0,2,32
0,0.0,-1.431582701291584,-0.16649286321228637,0,33
1,-0.22621293991732955,0.0,0.06408891819390024,1,33
2,-0.03371354435480556,0.15208960881696257,0.0,2,33
0,0.0,-1.4413160335393644,-0.15913265851093222,0,34
1,-0.22562917878835898,0.0,0.06514730233387503,1,34
2,-0.03242858114355429,0.14787880452717464,0.0,2,34
0,0.0,-1.4517236833816287,-0.1560126539943827,0,35
1,-0.2242499611092281,0.0,0.06692127244409932,1,35
2,-0.03044618583147392,0.14690712361780023,0.0,2,35
0,0.0,-1.4640338068188876,-0.15557701647850708,0,36
1,-0.22195822484375566,0.0,0.07031845712765755,1,36
2,-0.027361818881917917,0.14880160751262592,0.0,2,36
0,0.0,-1.4746497241937055,-0.15721426923143544,0,37
1,-0.21898406788989838,0.0,0.07585896229026928,1,37
2,-0.023365515112737573,0.1534893235576938,0.0,2,37
0,0.0,-1.4718137511678056,-0.15789107241386227,0,38
1,-0.2163024598871804,0.0,0.08172989621674712,1,38
2,-0.020689882622834423,0.1572983485652435,0.0,2,38
0,0.0,-1.469850228657153,-0.15788637326152463,0,39
1,-0.21610120225025017,0.0,0.0830812679837469,1,39
2,-0.020638706894870445,0.1583728302635896,0.0,2,39
0,0.0,-1.4680878332260725,-0.15803062680707633,0,40
1,-0.21604794194568994,0.0,0.08342039452371897,1,40
2,-0.0208514239485003,0.15872906789877336,0.0,2,40
0,0.0,-1.4668607149887234,-0.1582375645557579,0,41
1,-0.2159087309960178,0.0,0.08361855238434389,1,41
2,-0.020970760042517723,0.15889152275433802,0.0,2,41
0,0.0,-1.4645185874300126,-0.15870667699932375,0,42
1,-0.21554234905818478,0.0,0.0842790159645325,1,42
2,-0.021135348895900352,0.15920914689060756,0.0,2,42
0,0.0,-1.4631273286997462,-0.1588448647270906,0,43
1,-0.21522255936547247,0.0,0.0847914585540446,1,43
2,-0.021139550114478888,0.1592743305612488,0.0,2,43
0,0.0,-1.4630349096157031,-0.1587195161534616,0,44
1,-0.21513632968485807,0.0,0.08494623569944636,1,44
2,-0.021092978382689507,0.1591923884469157,0.0,2,44
0,0.0,-1.4631678099794925,-0.15862209606636574,0,45
1,-0.2151403624606015,0.0,0.08494820380307758,1,45
2,-0.021072087372812413,0.1591391561098272,0.0,2,45
0,0.0,-1.4632440995754001,-0.15855652746342475,0,46
1,-0.2151527991671051,0.0,0.08494296735216411,1,46
2,-0.021066817552511455,0.1591095870953468,0.0,2,46
0,0.0,-1.4633072868466965,-0.1584793706784893,0,47
1,-0.21516988916218266,0.0,0.0849457119866188,1,47
2,-0.02106807285276576,0.15908329964793785,0.0,2,47
0,0.0,-1.4633172822978486,-0.15843807488474088,0,48
1,-0.2151753506407593,0.0,0.08495570130501764,1,48
2,-0.021074037271316452,0.15907737718699463,0.0,2,48
0,0.0,-1.4633172822978486,-0.15843807488474088,0,49
1,-0.2151753506407593,0.0,0.08495570130501764,1,49
2,-0.021074037271316452,0.15907737718699463,0.0,2,49
0,0.0,-1.4633172822978486,-0.15843807488474088,0,50
1,-0.2151753506407593,0.0,0.08495570130501764,1,50
2,-0.021074037271316452,0.15907737718699463,0.0,2,50
0,0.0,1.1442077410168754,-0.11470697566712601,0,51
1,-0.1428792869735211,0.0,0.06666451978208399,1,51
2,-0.015930185425155948,0.11566239943774119,0.0,2,51
0,0.0,-1.2288243289314356,-0.15387751393386037,0,52
1,-0.15996659345204836,0.0,0.08272422523712479,1,52
2,-0.020379371035850205,0.15439945429343538,0.0,2,52
0,0.0,-1.2648162058381578,-0.15511208973502078,0,53
1,-0.16814720599120805,0.0,0.0835291871554631,1,53
2,-0.020380117247580824,0.1548905363456235,0.0,2,53
0,0.0,-1.2933215814262187,-0.1577629833068697,0,54
1,-0.17542563577044754,0.0,0.08542203137245949,1,54
2,-0.02021704378797517,0.15521907573487687,0.0,2,54
0,0.0,-1.2662830939974639,-0.15888170054965917,0,55
1,-0.16973351078840188,0.0,0.08621323047643688,1,55
2,-0.02009635500659466,0.15516495561268911,0.0,2,55
0,0.0,-1.1841564386670094,-0.16440425593903754,0,56
1,-0.15345907530006647,0.0,0.089684778409981,1,56
2,-0.019913620425333914,0.15645801934541864,0.0,2,56
0,0.0,-1.1697863239355684,-0.16750539484202764,0,57
1,-0.15111861805544427,0.0,0.09135800471828165,1,57
2,-0.020049306606389167,0.15806670226475603,0.0,2,57
0,0.0,-1.1248672406563538,-0.18459440688458814,0,58
1,-0.14530810353901716,0.0,0.10035343188182773,1,58
2,-0.02092258207677916,0.16678674848583794,0.0,2,58
0,0.0,-1.1149908806683433,-0.19461366910253938,0,59
1,-0.14486890450344425,0.0,0.10562047817701868,1,59
2,-0.02129078081768183,0.16954478099056336,0.0,2,59
0,0.0,-1.1235404844565,-0.1966767003516897,0,60
1,-0.14687109842173143,0.0,0.10641871355862637,1,60
2,-0.021500920880660985,0.17030113492091134,0.0,2,60
0,0.0,-1.127588707579977,-0.19640746177451643,0,61
1,-0.14763442916023906,0.0,0.10614815946906954,1,61
2,-0.02154189768737117,0.17021897986816392,0.0,2,61
0,0.0,-1.128385556268313,-0.1962833810744787,0,62
1,-0.1477884492557788,0.0,0.10599700160900885,1,62
2,-0.021564286970182128,0.17016008060544885,0.0,2,62
0,0.0,-1.1306143038019476,-0.19600109656660616,0,63
1,-0.14831184533857564,0.0,0.10526517073322411,1,63
2,-0.021726471094313842,0.16988958903955542,0.0,2,63
0,0.0,-1.1319270007003959,-0.19603567029519414,0,64
1,-0.14886860690313067,0.0,0.10408813023775304,1,64
2,-0.022069165495064047,0.16946276202558513,0.0,2,64
0,0.0,-1.1304777490362266,-0.19667460560403455,0,65
1,-0.14922531357293664,0.0,0.10261641934899672,1,65
2,-0.022586898499178252,0.1689037680939432,0.0,2,65
0,0.0,-1.126608174613262,-0.1976049339607214,0,66
1,-0.14895382541191343,0.0,0.10219680791056493,1,66
2,-0.02290565610264902,0.16887794499398387,0.0,2,66
0,0.0,-1.1253632421582604,-0.197746074179716,0,67
1,-0.14875742711598317,0.0,0.10229859599495815,1,67
2,-0.02290330231073251,0.16881319253006732,0.0,2,67
0,0.0,-1.1250990921343134,-0.19773395016624903,0,68
1,-0.1486918363739056,0.0,0.10238922647743574,1,68
2,-0.02287960072650598,0.16882043456256965,0.0,2,68
0,0.0,-1.1249878973057437,-0.19770736051309754,0,69
1,-0.14866470447828073,0.0,0.10244703864451397,1,69
2,-0.02286820281132605,0.1688256345445737,0.0,2,69
0,0.0,-1.1248259184260694,-0.19761183790974446,0,70
1,-0.14863596505500842,0.0,0.10255675786023367,1,70
2,-0.02286025735824251,0.16881861536294493,0.0,2,70
0,0.0,-1.1247582863596184,-0.19746896698083188,0,71
1,-0.14864370406627336,0.0,0.10263072391449272,1,71
2,-0.022880007059662425,0.16878104348078501,0.0,2,71
0,0.0,-1.1247824530383925,-0.1973038108954474,0,72
1,-0.1486775774105079,0.0,0.1026411846171861,1,72
2,-0.022929483527785576,0.1687138629393807,0.0,2,72
0,0.0,-1.1248039383839727,-0.19731279009580607,0,73
1,-0.14870760250353332,0.0,0.10264024010983826,1,73
2,-0.022977501666204686,0.16868750022337697,0.0,2,73
0,0.0,-1.1248407819804336,-0.19729000025483392,0,74
1,-0.14870535797380546,0.0,0.10261728828257069,1,74
2,-0.02297648993298742,0.1686892744897203,0.0,2,74
0,0.0,-1.1248574366850135,-0.1972914533958173,0,75
1,-0.1487100192987309,0.0,0.10259705906984874,1,75
2,-0.022978979434499357,0.16868483358756503,0.0,2,75
0,0.0,-1.1248574366850135,-0.1972914533958173,0,76
1,-0.1487100192987309,0.0,0.10259705906984874,1,76
2,-0.022978979434499357,0.16868483358756503,0.0,2,76
0,0.0,-1.4633172822978486,-0.15843807488474088,0,77
1,-0.2151753506407593,0.0,0.08495570130501764,1,77
2,-0.021074037271316452,0.15907737718699463,0.0,2,77
0,0.0,4.625020561321097,-0.018162717702577068,0,78
1,-2.4974487315258083,0.0,0.022724199075286243,1,78
2,-0.005849848908145593,0.02382684840732559,0.0,2,78
0,0.0,0.06435132124417307,-0.10230112666640832,0,79
1,-0.014446381298854467,0.0,0.061223008263880344,1,79
2,-0.014526967413473669,0.1044077694130384,0.0,2,79
0,0.0,-0.7925678936381971,-0.13247712411152057,0,80
1,-0.07905680700010372,0.0,0.07390176726727868,1,80
2,-0.017957478762996103,0.13366765709801923,0.0,2,80
0,0.0,-0.8013632036183045,-0.1370070257583281,0,81
1,-0.08094288519379457,0.0,0.07638068796632631,1,81
2,-0.01819926312477084,0.13726601477697595,0.0,2,81
0,0.0,-0.8079426542958391,-0.14657992494777988,0,82
1,-0.08282598087939906,0.0,0.08004042420666464,1,82
2,-0.01874451481715107,0.14351305202440234,0.0,2,82
0,0.0,-0.7996235727887553,-0.15526005890760616,0,83
1,-0.08235121698263115,0.0,0.08536515895176686,1,83
2,-0.018084168829924748,0.1434079376149028,0.0,2,83
0,0.0,-0.02904290283966524,-0.23920744372044778,0,84
1,-0.031578600355426444,0.0,0.13481958284606507,1,84
2,-0.01463238733407156,0.14533290096286383,0.0,2,84
0,0.0,-0.6418505128647876,-0.17190310364966765,0,85
1,-0.06338846297199435,0.0,0.09504207265148282,1,85
2,-0.017353472589568594,0.14522106981300273,0.0,2,85
0,0.0,-0.2284153729530374,-0.21952912600054644,0,86
1,-0.033102128278850854,0.0,0.12630263511291648,1,86
2,-0.0138317766484691,0.1365377526123558,0.0,2,86
0,0.0,-0.6258732454612528,-0.1738127541933749,0,87
1,-0.061689306595856086,0.0,0.096241880840315,1,87
2,-0.017213720440853942,0.14506815693021885,0.0,2,87
0,0.0,-0.23443363832821063,-0.21946164471711072,0,88
1,-0.033518551204087886,0.0,0.12594692996221413,1,88
2,-0.013970562052913681,0.1374472845807725,0.0,2,88
0,0.0,-0.625634854057033,-0.1738414409942078,0,89
1,-0.0616643591834552,0.0,0.09625982147979836,1,89
2,-0.017211694297640513,0.14506615229104164,0.0,2,89
0,0.0,-0.6863712605720398,-0.1933602581484614,0,90
1,-0.07100486386629168,0.0,0.10854222339836618,1,90
2,-0.016124314707329543,0.14436069760724618,0.0,2,90
0,0.0,-0.6683428987778651,-0.1963486713795347,0,91
1,-0.0693506705373689,0.0,0.1097356306770847,1,91
2,-0.016307988673947674,0.14617815299022385,0.0,2,91
0,0.0,-0.6496074213262911,-0.20271532171491152,0,92
1,-0.06859526089418022,0.0,0.11182151705455907,1,92
2,-0.016934580537970215,0.1513037871542323,0.0,2,92
0,0.0,-0.6489936433991454,-0.2057872146597575,0,93
1,-0.06936162190518323,0.0,0.11254166619421767,1,93
2,-0.017302732829944587,0.1538785951998175,0.0,2,93
0,0.0,-0.6509737995841942,-0.20730336269653651,0,94
1,-0.07003989077948618,0.0,0.11268400381625215,1,94
2,-0.017479209035945395,0.15475698609627692,0.0,2,94
0,0.0,-0.6527715864351039,-0.20928675104142747,0,95
1,-0.07081973380589407,0.0,0.11268746626275009,1,95
2,-0.017673821329435267,0.15527975538832992,0.0,2,95
0,0.0,-0.6522360738998508,-0.21203498558132747,0,96
1,-0.07150180579248996,0.0,0.11249632839589208,1,96
2,-0.017903051373664044,0.15528525026469964,0.0,2,96
0,0.0,-0.647893531187035,-0.21478472750454422,0,97
1,-0.07170401385020485,0.0,0.11192851870210378,1,97
2,-0.018153935588235418,0.15456399191321335,0.0,2,97
0,0.0,-0.6438664393045751,-0.2158678693905002,0,98
1,-0.07158450577199164,0.0,0.11078411448878839,1,98
2,-0.01847637475092886,0.15356220114377248,0.0,2,98
0,0.0,-0.6405308634264844,-0.2159725333761802,0,99
1,-0.07140108744912332,0.0,0.10900814542483697,1,99
2,-0.018957514475857456,0.15235801415302883,0.0,2,99
0,0.0,-0.6395862888829466,-0.21554458260439374,0,100
1,-0.07139929725188632,0.0,0.1074860703939518,1,100
2,-0.019439154363412585,0.15170993940347474,0.0,2,100
0,0.0,-0.6406922498811619,-0.21493154055122773,0,101
1,-0.0717009626594094,0.0,0.10587295065013233,1,101
2,-0.020068894292995496,0.15139893325136833,0.0,2,101
0,0.0,-0.6431386643569279,-0.21415534320673288,0,102
1,-0.07212262624465011,0.0,0.10507033864297571,1,102
2,-0.020539428566664526,0.15124542816639275,0.0,2,102
0,0.0,-0.6453396077050179,-0.21339252410064236,0,103
1,-0.07253771263998061,0.0,0.10488853000390978,1,103
2,-0.02092554552731402,0.1512709452760629,0.0,2,103
0,0.0,-0.6462438887995651,-0.2127774009614074,0,104
1,-0.0726861037346238,0.0,0.10516030922840644,1,104
2,-0.021062113625934464,0.15117350321068362,0.0,2,104
0,0.0,-0.64600138593708,-0.21193731722217382,0,105
1,-0.07264904835951919,0.0,0.10573876507095284,1,105
2,-0.0211565575736562,0.15087602507122777,0.0,2,105
0,0.0,-0.6441266439213277,-0.2113890088141646,0,106
1,-0.07238161893021343,0.0,0.10630834285474992,1,106
2,-0.021219930808699407,0.15059553855267188,0.0,2,106
0,0.0,-0.6422899970934567,-0.2114052507569118,0,107
1,-0.07215709207841572,0.0,0.10662756638292084,1,107
2,-0.021281192783201404,0.1503723278826573,0.0,2,107
0,0.0,-0.6412900846285177,-0.211599282156227,0,108
1,-0.07203945348997204,0.0,0.10677223085382428,1,108
2,-0.021328955460720056,0.1503319354350623,0.0,2,108
0,0.0,-0.6407698315648954,-0.21188569232758664,0,109
1,-0.07198887253646792,0.0,0.10693806188569573,1,109
2,-0.02138933890205418,0.15038981978051583,0.0,2,109
0,0.0,-0.6409345312850616,-0.21210691698006545,0,110
1,-0.07202330418285169,0.0,0.10712711485429764,1,110
2,-0.021434989446936212,0.1505077192317069,0.0,2,110
0,0.0,-0.6411934454020126,-0.212116155379377,0,111
1,-0.0720617982400952,0.0,0.10714389207905556,1,111
2,-0.021457297242871036,0.15055451970000247,0.0,2,111
0,0.0,-0.6412746624366212,-0.21209315555260083,0,112
1,-0.07207126746657719,0.0,0.10714016440398728,1,112
2,-0.021459037671272368,0.15056049332077337,0.0,2,112
0,0.0,-0.6413037957572394,-0.2120754797833794,0,113
1,-0.07207236733260161,0.0,0.10714082643184138,1,113
2,-0.021457731991115198,0.15056106332144628,0.0,2,113
0,0.0,-0.6413037957572394,-0.2120754797833794,0,114
1,-0.07207236733260161,0.0,0.10714082643184138,1,114
2,-0.021457731991115198,0.15056106332144628,0.0,2,114
0,0.0,-1.4633172822978486,-0.15843807488474088,0,115
1,-0.2151753506407593,0.0,0.08495570130501764,1,115
2,-0.021074037271316452,0.15907737718699463,0.0,2,115
0,0.0,4.581521208983416,-0.045221355789873005,0,116
1,-2.2203494730386018,0.0,0.04046730642593076,1,116
2,-0.010568537546187536,0.05015476139098211,0.0,2,116
0,0.0,0.22948140450612314,-0.1123255500279388,0,117
1,-0.02128995319737721,0.0,0.06529954910953979,1,117
2,-0.015549140535561999,0.11358104083161571,0.0,2,117
0,0.0,0.12041453840955905,-0.11381356813009082,0,118
1,-0.017624256347348294,0.0,0.06606946587757086,1,118
2,-0.015563061197343934,0.11417705997623244,0.0,2,118
0,0.0,-0.35650962268911146,-0.13019717780175433,0,119
1,-0.030916680869165228,0.0,0.07456001646573718,1,119
2,-0.016272160145724877,0.12437019802846172,0.0,2,119
0,0.0,-0.30122872992362404,-0.12297371370157768,0,120
1,-0.02572067428483319,0.0,0.0714089344381701,1,120
2,-0.015041859746133581,0.11547764125647811,0.0,2,120
0,0.0,-0.31664544246855997,-0.1184386362906343,0,121
1,-0.02531767979106733,0.0,0.06969097450954478,1,121
2,-0.013838166201389602,0.10809359216962068,0.0,2,121
0,0.0,-0.35018573023241545,-0.1119233167840733,0,122
1,-0.024887108035527246,0.0,0.06724561415568876,1,122
2,-0.011209227032560417,0.09336650501604134,0.0,2,122
0,0.0,-0.3567937046098534,-0.11032197105021765,0,123
1,-0.02488318225889052,0.0,0.06581613198337706,1,123
2,-0.010727458399176167,0.09037693909594802,0.0,2,123
0,0.0,-0.2588504663161541,-0.0828996751742173,0,124
1,-0.013969136299455474,0.0,0.04175130201108245,1,124
2,-0.005297892049911912,0.045825934486516645,0.0,2,124
0,0.0,-0.3365874807545377,-0.10466296721334938,0,125
1,-0.02240344235038348,0.0,0.06096390735040975,1,125
2,-0.009415439020754266,0.07999753220865656,0.0,2,125
0,0.0,-0.36935499032677627,-0.09239622843344819,0,126
1,-0.02227874791036602,0.0,0.047241579085371695,1,126
2,-0.006660179725463882,0.05675998787703447,0.0,2,126
0,0.0,-0.34975030332806384,-0.0997482209271579,0,127
1,-0.02229595985911651,0.0,0.05553394654995301,1,127
2,-0.008237816809510226,0.07016893225026483,0.0,2,127
0,0.0,-0.37177413420493444,-0.09980408950409608,0,128
1,-0.02383183532608959,0.0,0.05134786537231053,1,128
2,-0.00781214831424133,0.0657166193463028,0.0,2,128
0,0.0,-0.38513442186051033,-0.10857599378712851,0,129
1,-0.026466803177686262,0.0,0.05512546324018746,1,129
2,-0.008996096754929397,0.07494862997762913,0.0,2,129
0,0.0,-0.38027091724462214,-0.12431534455524029,0,130
1,-0.029206128198120497,0.0,0.060220296355644076,1,130
2,-0.01074421802638813,0.08889131450306258,0.0,2,130
0,0.0,-0.09364321889686067,-0.1410796794190691,0,131
1,-0.019528296464730418,0.0,0.06256549867295791,1,131
2,-0.011749478723653655,0.09831188485032633,0.0,2,131
0,0.0,-0.3093383844656086,-0.12830685689151355,0,132
1,-0.025324318905213607,0.0,0.060801229269287896,1,132
2,-0.010986891669712008,0.09111645434410053,0.0,2,132
0,0.0,-0.32822184814996924,-0.1307291857100882,0,133
1,-0.026929292400186607,0.0,0.061495277731828814,1,133
2,-0.011178010207146524,0.09282482562532672,0.0,2,133
0,0.0,-0.3097864166940793,-0.1343567764249106,0,134
1,-0.026572591821518634,0.0,0.06278083898495929,1,134
2,-0.011583122134205079,0.09618775418857776,0.0,2,134
0,0.0,-0.3100549400458444,-0.1345682818336094,0,135
1,-0.026595694010973055,0.0,0.06307615514611199,1,135
2,-0.01156376913528411,0.09621537187444223,0.0,2,135
0,0.0,-0.31112834144903223,-0.13540885241203304,0,136
1,-0.026686800521656718,0.0,0.06426670787533352,1,136
2,-0.011486139641478543,0.09632654134069335,0.0,2,136
0,0.0,-0.30668690466811405,-0.13892244084336616,0,137
1,-0.026404842085389953,0.0,0.07008238204587727,1,137
2,-0.011012803067742284,0.09614515865315844,0.0,2,137
0,0.0,-0.3012109940674289,-0.13982419871364665,0,138
1,-0.026015159940150454,0.0,0.07156714294469438,1,138
2,-0.01089118786386066,0.09550282556925191,0.0,2,138
0,0.0,-0.29753849848100916,-0.1402042849146211,0,139
1,-0.025788913405486825,0.0,0.0718656039108494,1,139
2,-0.010891608005233519,0.09511567575522897,0.0,2,139
0,0.0,-0.2966006351535432,-0.14036058488435016,0,140
1,-0.025750044756774892,0.0,0.07180645556676916,1,140
2,-0.010925595603731133,0.09500899762910221,0.0,2,140
0,0.0,-0.294992376746721,-0.14092428019505499,0,141
1,-0.025730234526446842,0.0,0.0715623446858169,1,141
2,-0.011062139500212178,0.09476962268128013,0.0,2,141
0,0.0,-0.294322803304632,-0.1417735493139443,0,142
1,-0.025815273323253365,0.0,0.07125984303531552,1,142
2,-0.011266831366562818,0.09456986523587817,0.0,2,142
0,0.0,-0.2947507329349589,-0.1427475490768694,0,143
1,-0.026014039091189833,0.0,0.0710357913130464,1,143
2,-0.011516620132729031,0.09444764292641629,0.0,2,143
0,0.0,-0.2961143243132381,-0.14339500651142212,0,144
1,-0.02624467638958604,0.0,0.07091089663561809,1,144
2,-0.01172215340377958,0.0944244265996318,0.0,2,144
0,0.0,-0.29689360664723824,-0.14342230110104526,0,145
1,-0.02633248973487262,0.0,0.07091340820839474,1,145
2,-0.011776867628014474,0.09443965092898221,0.0,2,145
0,0.0,-0.2973424868892197,-0.1432611022176205,0,146
1,-0.026392212433154687,0.0,0.0709254633466196,1,146
2,-0.011827455965297672,0.09443223210058538,0.0,2,146
0,0.0,-0.2968790456504494,-0.14298967071954427,0,147
1,-0.026397450003540063,0.0,0.07082831845233643,1,147
2,-0.011910380018698373,0.09436653023879532,0.0,2,147
0,0.0,-0.2958344623594627,-0.14273895930653463,0,148
1,-0.026330879655059255,0.0,0.07082442966329146,1,148
2,-0.011975856824865695,0.09419719128780955,0.0,2,148
0,0.0,-0.2949977960922735,-0.14262834624115997,0,149
1,-0.02626485206471247,0.0,0.0708317237923121,1,149
2,-0.01201508908507212,0.09407282675659562,0.0,2,149
0,0.0,-0.2946052792935745,-0.14258437725894438,0,150
1,-0.0262249382256976,0.0,0.07085545756918202,1,150
2,-0.012039648652201673,0.09400405940726632,0.0,2,150
0,0.0,-0.2943648581355433,-0.14249114450546205,0,151
1,-0.026179908549465496,0.0,0.07092574230326253,1,151
2,-0.012082111604850296,0.09392792933559785,0.0,2,151
0,0.0,-0.29456453557059853,-0.1422403253715189,0,152
1,-0.026139145138157367,0.0,0.07108383529234402,1,152
2,-0.012151627240688611,0.09388932363611178,0.0,2,152
0,0.0,-0.29469813395405337,-0.14237918303549435,0,153
1,-0.026181240278763198,0.0,0.07116915130133332,1,153
2,-0.012299376392852746,0.09402823143870771,0.0,2,153
0,0.0,-0.2951968322735608,-0.14219737456382273,0,154
1,-0.026188487389667437,0.0,0.07117335242927324,1,154
2,-0.012274015625347391,0.09402643053684791,0.0,2,154
0,0.0,-0.29547554256059383,-0.14213533172750986,0,155
1,-0.026198544301045137,0.0,0.07115607524134612,1,155
2,-0.012261697196705362,0.09404048219444347,0.0,2,155
0,0.0,-0.2955622652165193,-0.14211679912723302,0,156
1,-0.026202833426585175,0.0,0.07113577472655386,1,156
2,-0.012259902241517524,0.09404595847222921,0.0,2,156
0,0.0,-0.29570917556808185,-0.14207030655686173,0,157
1,-0.026210489354059122,0.0,0.07106936655789728,1,157
2,-0.012263628876270236,0.09405025883042666,0.0,2,157
0,0.0,-0.2957213312463705,-0.14204233250574527,0,158
1,-0.02620931738590462,0.0,0.07102271176240854,1,158
2,-0.012269927456517326,0.09404570665750352,0.0,2,158
0,0.0,-0.2956775085589729,-0.14203598659157085,0,159
1,-0.026206361373461908,0.0,0.07101263337250659,1,159
2,-0.012274518565420578,0.09404175859623788,0.0,2,159
0,0.0,-0.29565233637712096,-0.14203541743655268,0,160
1,-0.026204951465570232,0.0,0.07101385439067041,1,160
2,-0.012276042694031342,0.09404062859698106,0.0,2,160
0,0.0,-0.29565233637712096,-0.14203541743655268,0,161
1,-0.026204951465570232,0.0,0.07101385439067041,1,161
2,-0.012276042694031342,0.09404062859698106,0.0,2,161
0,0.0,-0.29565233637712096,-0.14203541743655268,0,162
1,-0.026204951465570232,0.0,0.07101385439067041,1,162
2,-0.012276042694031342,0.09404062859698106,0.0,2,162
0,0.0,5.3228003670893305,0.006048856891751305,0,163
1,-2.4909881592696195,0.0,-0.0005407318360888345,1,163
2,-0.022948454581981696,6.94108710323981e-05,0.0,2,163
0,0.0,0.6580284766784521,-0.047492743748481156,0,164
1,-0.04659045948242623,0.0,0.030949103037151073,1,164
2,-0.0031444178406684615,0.024204656270974335,0.0,2,164
0,0.0,-0.1446635205158636,-0.12321093851575926,0,165
1,-0.016192081482634096,0.0,0.06321895418562651,1,165
2,-0.010387336249163716,0.07895056017390102,0.0,2,165
0,0.0,-0.18852755644175753,-0.12426578731906192,0,166
1,-0.017777459587952866,0.0,0.06394067054582944,1,166
2,-0.01042271189629779,0.07961722222594957,0.0,2,166
0,0.0,-0.21082146836680507,-0.12228139268846563,0,167
1,-0.018249908320761166,0.0,0.06349496798409729,1,167
2,-0.010140124021516778,0.07789062627386684,0.0,2,167
0,0.0,-0.22624812694503005,-0.11844776389712237,0,168
1,-0.018177017859029018,0.0,0.06249578020467903,1,168
2,-0.009642431552515747,0.07474692941052646,0.0,2,168
0,0.0,-0.241606707128303,-0.1123106105377409,0,169
1,-0.017789229431453227,0.0,0.059365936018601836,1,169
2,-0.008915838447921633,0.06911370479985623,0.0,2,169
0,0.0,-0.20383000351108338,-0.10982551369610348,0,170
1,-0.01587970129714826,0.0,0.0562794427018955,1,170
2,-0.008882304982470408,0.06723112135795667,0.0,2,170
0,0.0,-0.2052532255377066,-0.11163145939492293,0,171
1,-0.01626017022736852,0.0,0.05697190717436406,1,171
2,-0.00909125553877585,0.0687474179912067,0.0,2,171
0,0.0,-0.20521713760011537,-0.11333740847402447,0,172
1,-0.016579759860966867,0.0,0.05757790957632074,1,172
2,-0.009306524424824996,0.07029475479733395,0.0,2,172
0,0.0,-0.20386344146305055,-0.11361949177422613,0,173
1,-0.01660625245767326,0.0,0.05751815409170757,1,173
2,-0.009377446203011765,0.07071232377324946,0.0,2,173
0,0.0,-0.2007875012788429,-0.11368791716796968,0,174
1,-0.016609262170919774,0.0,0.05692493710794786,1,174
2,-0.009527763287098832,0.07144608838717523,0.0,2,174
0,0.0,-0.19952746404113766,-0.11317530443429959,0,175
1,-0.01660624504004012,0.0,0.05600406007636505,1,175
2,-0.00964182325443156,0.0718678785942455,0.0,2,175
0,0.0,-0.20079670781594341,-0.11158182931408225,0,176
1,-0.016648776360840074,0.0,0.05405439131154148,1,176
2,-0.009802482581504856,0.07233283229038615,0.0,2,176
0,0.0,-0.20576473421649114,-0.10938468741633081,0,177
1,-0.016723359798663014,0.0,0.05236244051419847,1,177
2,-0.00984373995078769,0.07258646423683925,0.0,2,177
0,0.0,-0.21122887737266874,-0.10752977056812292,0,178
1,-0.016766399891806266,0.0,0.05158852175373631,1,178
2,-0.009748403303933615,0.0725537702200899,0.0,2,178
0,0.0,-0.2136976090389426,-0.10683384588896426,0,179
1,-0.016761105667567666,0.0,0.051693606303490854,1,179
2,-0.0096356606580686,0.07244585063922951,0.0,2,179
0,0.0,-0.21483094097024794,-0.10638278974240986,0,180
1,-0.016719363709305653,0.0,0.0520458683001075,1,180
2,-0.009514696803399624,0.072413603889954,0.0,2,180
0,0.0,-0.21474756540496248,-0.10563047015111833,0,181
1,-0.01658843109469028,0.0,0.0524997977152635,1,181
2,-0.009342039548498911,0.07250631182113713,0.0,2,181
0,0.0,-0.21408401994898996,-0.10538074096241533,0,182
1,-0.01652552749391492,0.0,0.053026430294065126,1,182
2,-0.009227588821673988,0.07310763290600938,0.0,2,182
0,0.0,-0.21177914293029285,-0.10469261029744588,0,183
1,-0.016338838718699608,0.0,0.0528683527425614,1,183
2,-0.009127925994392376,0.07317175667490518,0.0,2,183
0,0.0,-0.21190428739894346,-0.10504262756675811,0,184
1,-0.01639597813886296,0.0,0.052902318888564934,1,184
2,-0.009167299216650745,0.07331253962610051,0.0,2,184
0,0.0,-0.21194676490651135,-0.10538523445623252,0,185
1,-0.01644331488397271,0.0,0.05288168875579242,1,185
2,-0.009189263530394285,0.07345881429751239,0.0,2,185
0,0.0,-0.2120498285518291,-0.10576905215614958,0,186
1,-0.016473521506272605,0.0,0.05289811078263029,1,186
2,-0.009154070717070008,0.0735748347762002,0.0,2,186
0,0.0,-0.21248155521699572,-0.10594444429458533,0,187
1,-0.01646444532306563,0.0,0.0528980007938623,1,187
2,-0.009026416509354577,0.0735694713035648,0.0,2,187
0,0.0,-0.2128888285218084,-0.10579324997671287,0,188
1,-0.016425035234860625,0.0,0.05288047662101038,1,188
2,-0.00888361237678356,0.07346070309548973,0.0,2,188
0,0.0,-0.21305197594303973,-0.10562161762498115,0,189
1,-0.016397264389686198,0.0,0.052852617146005754,1,189
2,-0.008783267042906476,0.07336901042098938,0.0,2,189
0,0.0,-0.2129776885675564,-0.10557770459248582,0,190
1,-0.016389942867826336,0.0,0.052827107711390535,1,190
2,-0.008711091486661996,0.07332413098223355,0.0,2,190
0,0.0,-0.2128202835448421,-0.10566688434832054,0,191
1,-0.016405229215623096,0.0,0.05282187498374207,1,191
2,-0.008669348809176485,0.07335449376038237,0.0,2,191
0,0.0,-0.21274666857905924,-0.10577324310080931,0,192
1,-0.016424266531307952,0.0,0.052823658946387145,1,192
2,-0.00866792733618383,0.07340843197489845,0.0,2,192
0,0.0,-0.2127581923628741,-0.10580168587199099,0,193
1,-0.016430786432679277,0.0,0.05282177895233695,1,193
2,-0.008673673152270522,0.07342948198199008,0.0,2,193
0,0.0,-0.21278128132158217,-0.10580477316111576,0,194
1,-0.016432516638209597,0.0,0.05281897455479022,1,194
2,-0.008675656314057204,0.07343337701570271,0.0,2,194
0,0.0,-0.21278128132158217,-0.10580477316111576,0,195
1,-0.016432516638209597,0.0,0.05281897455479022,1,195
2,-0.008675656314057204,0.07343337701570271,0.0,2,195
0,0.0,-0.29565233637712096,-0.14203541743655268,0,196
1,-0.026204951465570232,0.0,0.07101385439067041,1,196
2,-0.012276042694031342,0.09404062859698106,0.0,2,196
0,0.0,5.133767499610752,0.015606307827242717,0,197
1,-2.6141415114428823,0.0,-0.002387141322828936,1,197
2,-0.008817511381207026,0.01707148804498924,0.0,2,197
0,0.0,0.667247814714078,-0.06613678496917522,0,198
1,-0.050962194094003516,0.0,0.04081692260227865,1,198
2,-0.004636023833543008,0.03608787483643244,0.0,2,198
0,0.0,0.0626089824432894,-0.11024018070882653,0,199
1,-0.012255775450377768,0.0,0.05856172890631684,1,199
2,-0.008963720952740045,0.06851228207301013,0.0,2,199
0,0.0,-0.0007921159441079882,-0.1027387231018187,0,200
1,-0.010542649269714932,0.0,0.05549184884573916,1,200
2,-0.008128462951482864,0.06227556254426756,0.0,2,200
0,0.0,-0.08131469745661084,-0.08771670931179941,0,201
1,-0.008725388729622943,0.0,0.049109091298103216,1,201
2,-0.006514554364077366,0.050083216800154484,0.0,2,201
0,0.0,-0.10445737684568214,-0.07886687405058877,0,202
1,-0.007799792034082338,0.0,0.04498961964682988,1,202
2,-0.005615252043476777,0.04299839643185573,0.0,2,202
0,0.0,-0.10784771460583245,-0.0740738641666719,0,203
1,-0.0071590604607798935,0.0,0.04204660358495272,1,203
2,-0.005140167032107114,0.03888937634806282,0.0,2,203
0,0.0,-0.10778682310317377,-0.07157896527257171,0,204
1,-0.006822157631712597,0.0,0.039787447985831406,1,204
2,-0.004890869266768116,0.036508131877231745,0.0,2,204
0,0.0,-0.10654871745623402,-0.06968149657145568,0,205
1,-0.006578349545769295,0.0,0.03649262740870019,1,205
2,-0.004720372686212267,0.034115269802220856,0.0,2,205
0,0.0,-0.01361372005542254,-0.06746751486489008,0,206
1,-0.005322091558427954,0.0,0.02772547532705025,1,206
2,-0.004548874211989431,0.029942732611656857,0.0,2,206
0,0.0,-0.0739838482578618,-0.06890012091248474,0,207
1,-0.005940833651944061,0.0,0.03333289072661649,1,207
2,-0.004660219975103185,0.03252489962982502,0.0,2,207
0,0.0,-0.021286967280761477,-0.06809994009056033,0,208
1,-0.005429968921517124,0.0,0.027949182342501308,1,208
2,-0.004608475285634935,0.03033273042104982,0.0,2,208
0,0.0,-0.06880665714937921,-0.06882173470877932,0,209
1,-0.005866108791715573,0.0,0.03279166804256161,1,209
2,-0.004655270656995805,0.032290200055594555,0.0,2,209
0,0.0,-0.0873875748493399,-0.06896494735633499,0,210
1,-0.006219415093605142,0.0,0.030225814536172367,1,210
2,-0.004682820569949286,0.03152247390560302,0.0,2,210
0,0.0,-0.10397730953082529,-0.07307831786704905,0,211
1,-0.007096394155781004,0.0,0.032762828161462004,1,211
2,-0.005083138333824005,0.03481378653964037,0.0,2,211
0,0.0,-0.09997980769083005,-0.07711995063845048,0,212
1,-0.007599945453048617,0.0,0.03483298194992335,1,212
2,-0.005467798757772725,0.03801318857201779,0.0,2,212
0,0.0,-0.09345579331412794,-0.07758652776133408,0,213
1,-0.007603561434786073,0.0,0.03574976896677255,1,213
2,-0.005566429648340266,0.03930901399662448,0.0,2,213
0,0.0,-0.09046535965839422,-0.07626410608490618,0,214
1,-0.007407044303429449,0.0,0.03503370561205658,1,214
2,-0.005486439086383731,0.03869984077241012,0.0,2,214
0,0.0,-0.09114618089288114,-0.07029474702730835,0,215
1,-0.006625644831820655,0.0,0.03258427127709651,1,215
2,-0.004910177832737474,0.03487542001519451,0.0,2,215
0,0.0,-0.09077269761933479,-0.07353210162197382,0,216
1,-0.007045202766965593,0.0,0.03391321644993403,1,216
2,-0.005221106358097836,0.036941129486003345,0.0,2,216
0,0.0,-0.09270667793086387,-0.0708272908054747,0,217
1,-0.006728853719460436,0.0,0.03292863552451876,1,217
2,-0.0049622617358195415,0.03534035945360444,0.0,2,217
0,0.0,-0.09116987572482108,-0.07297137531455215,0,218
1,-0.006978965385267224,0.0,0.03370932998814602,1,218
2,-0.005167226163114511,0.03660847067806551,0.0,2,218
0,0.0,-0.09560771292635493,-0.0730751303693398,0,219
1,-0.0070877797602137485,0.0,0.03396716900719025,1,219
2,-0.005183991822789937,0.036917309212825336,0.0,2,219
0,0.0,-0.10256931056799858,-0.07282524439889651,0,220
1,-0.007194889572297173,0.0,0.034443364012735275,1,220
2,-0.005148283147923238,0.037126942446150585,0.0,2,220
0,0.0,-0.10419754749738587,-0.07257843316989472,0,221
1,-0.0071985244940390835,0.0,0.03456390345658952,1,221
2,-0.005121275810853272,0.0371284096964573,0.0,2,221
0,0.0,-0.10632487115143163,-0.07200013694418803,0,222
1,-0.0071777142550954525,0.0,0.03484927503361962,1,222
2,-0.005061462901870024,0.03717954123160228,0.0,2,222
0,0.0,-0.10820272864559441,-0.07083366402435914,0,223
1,-0.0070964112598272296,0.0,0.03547850044809469,1,223
2,-0.004947603685997546,0.037432667250221645,0.0,2,223
0,0.0,-0.10772809519403385,-0.06913711167733805,0,224
1,-0.006934824082230769,0.0,0.03629792810357301,1,224
2,-0.00480510046182235,0.03805667665323629,0.0,2,224
0,0.0,-0.10558906032367085,-0.066665723624082,0,225
1,-0.006719331960088042,0.0,0.0366756431140271,1,225
2,-0.0046629187502881045,0.039133125315136005,0.0,2,225
0,0.0,-0.09977785601643652,-0.06108738474025184,0,226
1,-0.006271956965752866,0.0,0.036050679182450064,1,226
2,-0.00440280763184921,0.041640953348856605,0.0,2,226
0,0.0,-0.0927630514623022,-0.052164967466859564,0,227
1,-0.005626528104983127,0.0,0.03302434021853306,1,227
2,-0.0039524974103752565,0.0453996999253675,0.0,2,227
0,0.0,-0.08934037628638708,-0.041019275091898524,0,228
1,-0.004862875968942115,0.0,0.027314289255956983,1,228
2,-0.0031555791968596227,0.049244439139171176,0.0,2,228
0,0.0,-0.0965674406333219,-0.04303027046369411,0,229
1,-0.005247194006169824,0.0,0.027559994783507607,1,229
2,-0.003441194932790277,0.049866840214996676,0.0,2,229
0,0.0,-0.13359179881228128,-0.036081717667013596,0,230
1,-0.0058905767162672875,0.0,0.02045004124839206,1,230
2,-0.0031392512905165162,0.0553215819894187,0.0,2,230
0,0.0,-0.1335022433086288,-0.04022249738918622,0,231
1,-0.0063455642895693795,0.0,0.021811617098931865,1,231
2,-0.0038163210976854757,0.05531218449711242,0.0,2,231
0,0.0,-0.13266815963495746,-0.03890590173481018,0,232
1,-0.006204045422760336,0.0,0.02093175502316761,1,232
2,-0.003727794189342154,0.05502911542400884,0.0,2,232
0,0.0,-0.13220293850785098,-0.038034143549043546,0,233
1,-0.006143173043853859,0.0,0.019670061421655578,1,233
2,-0.003852109959144445,0.054382826031791086,0.0,2,233
0,0.0,-0.1332498717801499,-0.03833880490890845,0,234
1,-0.00619806252447667,0.0,0.01934921024890785,1,234
2,-0.0040280693689919095,0.05371684423322644,0.0,2,234
0,0.0,-0.13455140762560158,-0.03859075922058293,0,235
1,-0.006243551388705406,0.0,0.019355850053813666,1,235
2,-0.004083947947146611,0.05338149784641915,0.0,2,235
0,0.0,-0.13432237463038726,-0.038672273964718534,0,236
1,-0.006248871888257017,0.0,0.01937699186624223,1,236
2,-0.0040953096417836845,0.0534057673617049,0.0,2,236
0,0.0,-0.1342169696588092,-0.0387253517427906,0,237
1,-0.0062547238314894695,0.0,0.019378372229077893,1,237
2,-0.004100822017046507,0.05342205562505785,0.0,2,237
0,0.0,-0.13414141170003827,-0.038766641857282,0,238
1,-0.006260608295285504,0.0,0.019375550160238383,1,238
2,-0.004093702410349886,0.053433231847917484,0.0,2,238
0,0.0,-0.13411905345428063,-0.03878569842925586,0,239
1,-0.006266485617063624,0.0,0.01936124718316558,1,239
2,-0.004064218373962335,0.05343174998508847,0.0,2,239
0,0.0,-0.1341745393536976,-0.03876133634480045,0,240
1,-0.0062653488882670515,0.0,0.01935341054360976,1,240
2,-0.004048174646186859,0.053420705787439945,0.0,2,240
0,0.0,-0.13420022394911088,-0.03874944192281128,0,241
1,-0.00626421930104431,0.0,0.019351513677203253,1,241
2,-0.004044507384861338,0.05341572520656333,0.0,2,241
0,0.0,-0.13421080783984615,-0.03874577979628109,0,242
1,-0.0062638743781724794,0.0,0.019351345884937532,1,242
2,-0.004043369290306174,0.053415328808870066,0.0,2,242
0,0.0,-0.13421080783984615,-0.03874577979628109,0,243
1,-0.0062638743781724794,0.0,0.019351345884937532,1,243
2,-0.004043369290306174,0.053415328808870066,0.0,2,243
0,0.0,-0.29565233637712096,-0.14203541743655268,0,244
1,-0.026204951465570232,0.0,0.07101385439067041,1,244
2,-0.012276042694031342,0.09404062859698106,0.0,2,244
0,0.0,5.501437864933347,0.02170117465265183,0,245
1,-2.694548884638666,0.0,-0.0028014519635734584,1,245
2,-0.007756419203929257,0.019011503975737316,0.0,2,245
0,0.0,0.7204977498859474,-0.0675071379347438,0,246
1,-0.05770393305522522,0.0,0.04153499470264407,1,246
2,-0.004569180627845548,0.036232023881993265,0.0,2,246
0,0.0,0.1074062317204297,-0.10895155825767527,0,247
1,-0.012693158067829594,0.0,0.058051955655666114,1,247
2,-0.008701712750305016,0.06697511559857605,0.0,2,247
0,0.0,0.05704129758498457,-0.09720352733589165,0,248
1,-0.009890024158930557,0.0,0.053237082977174464,1,248
2,-0.007437909792163365,0.057559004242305645,0.0,2,248
0,0.0,-0.0031428933857752133,-0.07436292789998314,0,249
1,-0.006084853505000687,0.0,0.04353232271736616,1,249
2,-0.005057384982474365,0.03991300409011771,0.0,2,249
0,0.0,-0.029954686793349415,-0.05916582446813491,0,250
1,-0.004167258361176321,0.0,0.036622588339495464,1,250
2,-0.003557790531513276,0.02871751544541096,0.0,2,250
0,0.0,-0.044934547647426,-0.04760217292190862,0,251
1,-0.0029461689590200998,0.0,0.030721412915342743,1,251
2,-0.002487849265631176,0.020433839084706685,0.0,2,251
0,0.0,-0.0502536326199548,-0.04126493370371391,0,252
1,-0.0023407822658976715,0.0,0.02668820181396452,1,252
2,-0.0019357268394899416,0.015765158876791956,0.0,2,252
0,0.0,-0.05042215063413617,-0.03880519817083973,0,253
1,-0.0020896060814278904,0.0,0.02421169579429123,1,253
2,-0.0017196564769973919,0.013525226701725453,0.0,2,253
0,0.0,-0.04836026041472757,-0.03829888118349586,0,254
1,-0.001991234263857952,0.0,0.022494315385431365,1,254
2,-0.0016539473071793865,0.012376088050736637,0.0,2,254
0,0.0,-0.04279201803198809,-0.038908713018017634,0,255
1,-0.0019341129691595282,0.0,0.01996368603367904,1,255
2,-0.0016192137552365085,0.011174755593559575,0.0,2,255
0,0.0,-0.03920684486945252,-0.040572383361468026,0,256
1,-0.0020207825893102547,0.0,0.019484831422895883,1,256
2,-0.0016859388009471492,0.011335672451468534,0.0,2,256
0,0.0,-0.01518525600084648,-0.053272753166987416,0,257
1,-0.0027626062318890244,0.0,0.015627093456917884,1,257
2,-0.002036742985287042,0.012580925900716218,0.0,2,257
0,0.0,-0.03839499126859521,-0.054062859160975335,0,258
1,-0.0028671615290424323,0.0,0.011598291882527303,1,258
2,-0.0019385859803568543,0.0116011259125808,0.0,2,258
0,0.0,-0.04060171677878802,-0.05241023386799679,0,259
1,-0.002708327696580451,0.0,0.01263759326361836,1,259
2,-0.0018000759937997527,0.01103169773985754,0.0,2,259
0,0.0,-0.009465700942409727,-0.04297906088807743,0,260
1,-0.0016520136469886748,0.0,0.022622574932443337,1,260
2,-0.0010872800094780248,0.009266124284004631,0.0,2,260
0,0.0,-0.03056502229980129,-0.04426465252179511,0,261
1,-0.001835629654537396,0.0,0.023234180324595028,1,261
2,-0.001157953242108711,0.009827608496496902,0.0,2,261
0,0.0,-0.0395874516223233,-0.04518437339855327,0,262
1,-0.001966718509265633,0.0,0.02442715353356238,1,262
2,-0.0012021658501660925,0.010402153724929862,0.0,2,262
0,0.0,-0.03864926346510177,-0.04543007648562033,0,263
1,-0.0019747754142116565,0.0,0.02467285451160839,1,263
2,-0.0012086162171892447,0.010508160049837213,0.0,2,263
0,0.0,-0.03489237074918872,-0.04642139268643514,0,264
1,-0.0020096293778292446,0.0,0.025665636652753544,1,264
2,-0.001234563394270658,0.010939705008088876,0.0,2,264
0,0.0,-0.028320084438216472,-0.04944001755782763,0,265
1,-0.002147850251587393,0.0,0.026120246682397204,1,265
2,-0.0012969887135664835,0.01144822033284658,0.0,2,265
0,0.0,-0.016341218183138894,-0.05756598708763625,0,266
1,-0.002532496339073156,0.0,0.020554725916459876,1,266
2,-0.0013817019193978594,0.010974377687853273,0.0,2,266
0,0.0,-0.023117039515624174,-0.05372548400757201,0,267
1,-0.002181946387125809,0.0,0.01938365279970925,1,267
2,-0.001142615775476713,0.009265716869363647,0.0,2,267
0,0.0,-0.03950489158827086,-0.050183806090183525,0,268
1,-0.0019551928261460788,0.0,0.018750181133635132,1,268
2,-0.0009400520383346613,0.007865420003910063,0.0,2,268
0,0.0,-0.042881503148302816,-0.05087603412377099,0,269
1,-0.0020320005742635516,0.0,0.01979875389159572,1,269
2,-0.0009665649232661323,0.0082102347556878,0.0,2,269
0,0.0,-0.046561879759330856,-0.05116743520349873,0,270
1,-0.0020711275386047206,0.0,0.02226321201782012,1,270
2,-0.0009626143905587908,0.008618322967574277,0.0,2,270
0,0.0,-0.0341871323499672,-0.050214719108149904,0,271
1,-0.0018874452354672184,0.0,0.024877906631004858,1,271
2,-0.0009024913530720676,0.008719512493109377,0.0,2,271
0,0.0,-0.03912047045218403,-0.04852131028892528,0,272
1,-0.0017659259872501597,0.0,0.027057214635524296,1,272
2,-0.0008024843358568654,0.008469406381378821,0.0,2,272
0,0.0,-0.04106002441055037,-0.04764663348541125,0,273
1,-0.0016912461172764709,0.0,0.027731186817069042,1,273
2,-0.000741898136986237,0.008168294079689675,0.0,2,273
0,0.0,-0.04499524422717305,-0.04590299408040616,0,274
1,-0.0015065867890713671,0.0,0.029502582819495835,1,274
2,-0.0005869211516622782,0.007306433297683725,0.0,2,274
0,0.0,-0.04195297468776648,-0.04446831014264,0,275
1,-0.0012434517142725385,0.0,0.03157992438783494,1,275
2,-0.0004167768878841944,0.006140766497631819,0.0,2,275
0,0.0,-0.03945500468668514,-0.045321037529612536,0,276
1,-0.001054824352233434,0.0,0.03308924862261443,1,276
2,-0.0002830641111470088,0.004862958356596682,0.0,2,276
0,0.0,-0.03358618237368379,-0.05493880702119485,0,277
1,-0.001205437137033868,0.0,0.03269073369873509,1,277
2,-0.0002775833319747264,0.004558289429464702,0.0,2,277
0,0.0,-0.028196373847730938,-0.06907230270909737,0,278
1,-0.0016903897552301437,0.0,0.03246470326468406,1,278
2,-0.00037270423676492897,0.005567159971469785,0.0,2,278
0,0.0,-0.0300649299428661,-0.06392416377448594,0,279
1,-0.0014572146299597366,0.0,0.03263908445477776,1,279
2,-0.0003147669053671171,0.004947738771670314,0.0,2,279
0,0.0,-0.02974378365849841,-0.06550549749469087,0,280
1,-0.0015244419624381596,0.0,0.03256433206438417,1,280
2,-0.0003301450414200046,0.005112842226226037,0.0,2,280
0,0.0,-0.029702976597749644,-0.0656132847797089,0,281
1,-0.0015275628150500905,0.0,0.032585938799451944,1,281
2,-0.0003302972707653613,0.005119188136071932,0.0,2,281
0,0.0,-0.029620804401348774,-0.0658673191384405,0,282
1,-0.001534642262846369,0.0,0.03268738109199731,1,282
2,-0.0003294874444464663,0.00513540520336056,0.0,2,282
0,0.0,-0.029472135631088452,-0.06608011431119432,0,283
1,-0.00153955150520748,0.0,0.03286597426324362,1,283
2,-0.000326189863543331,0.005150824520684571,0.0,2,283
0,0.0,-0.029331377020606782,-0.06615416429178589,0,284
1,-0.0015402736359425202,0.0,0.03304178541839862,1,284
2,-0.00031890378063065484,0.005154975449917852,0.0,2,284
0,0.0,-0.02955169042444127,-0.06615210751274211,0,285
1,-0.0015448473655686145,0.0,0.03271802868966754,1,285
2,-0.0003107000943434844,0.005129827114388436,0.0,2,285
0,0.0,-0.028779147206089935,-0.0657511623723011,0,286
1,-0.0015345524957989121,0.0,0.03267369565494134,1,286
2,-0.0003074739032258228,0.005133621274405764,0.0,2,286
0,0.0,-0.02959809036433822,-0.06561103179339224,0,287
1,-0.0015339835284610924,0.0,0.03257974510711154,1,287
2,-0.00030717307326145674,0.00511789743447986,0.0,2,287
0,0.0,-0.029712416491822043,-0.0655516642383019,0,288
1,-0.0015323844206859853,0.0,0.032562592604337026,1,288
2,-0.000307403642931924,0.00511319950550486,0.0,2,288
0,0.0,-0.029767370616678255,-0.06550851973656467,0,289
1,-0.0015308565752919744,0.0,0.03255028040419126,1,289
2,-0.00030739451973933475,0.005109184531679079,0.0,2,289
0,0.0,-0.02989254016969455,-0.06539814777934275,0,290
1,-0.001526215074039406,0.0,0.03251911106961192,1,290
2,-0.00030653731885903483,0.005097126300630785,0.0,2,290
0,0.0,-0.03004151497629933,-0.06526294733426714,0,291
1,-0.0015192874360088037,0.0,0.03248628033197787,1,291
2,-0.0003036994677692532,0.0050801481580401205,0.0,2,291
0,0.0,-0.030250659786522215,-0.06509096085761956,0,292
1,-0.001507691339539031,0.0,0.032457283230524284,1,292
2,-0.00029552521941966526,0.00505486167742721,0.0,2,292
0,0.0,-0.030495539153829326,-0.0649950941249941,0,293
1,-0.0014946483914575937,0.0,0.032459317962962725,1,293
2,-0.0002787881336993209,0.005034228644868271,0.0,2,293
0,0.0,-0.030650667749984963,-0.06520725336525234,0,294
1,-0.0014910496252806083,0.0,0.03250332473783011,1,294
2,-0.000255650975815939,0.005047273328307202,0.0,2,294
0,0.0,-0.028343779530553292,-0.06577133787491472,0,295
1,-0.0014736192339551313,0.0,0.032772965555118994,1,295
2,-0.00023196811091926014,0.005020295386730656,0.0,2,295
0,0.0,-0.02946945732528371,-0.06549710956866472,0,296
1,-0.0014820179534419475,0.0,0.03264204214472516,1,296
2,-0.0002433795117685323,0.005033521983340736,0.0,2,296
0,0.0,-0.029838558553854158,-0.06574575670079756,0,297
1,-0.0014950857738624773,0.0,0.03269332505550154,1,297
2,-0.0002371569062578085,0.0050776697396856165,0.0,2,297
0,0.0,-0.029847682312901934,-0.06589714110464934,0,298
1,-0.0015038811773603112,0.0,0.03273391013223052,1,298
2,-0.00023782680055020911,0.005103763352864147,0.0,2,298
0,0.0,-0.029801466137333508,-0.06591421370930935,0,299
1,-0.0015050413553254305,0.0,0.03273975575404829,1,299
2,-0.00023895919915378167,0.0051067189796929,0.0,2,299
0,0.0,-0.029784389815974956,-0.06592145114228541,0,300
1,-0.001505363648813874,0.0,0.03274283906082358,1,300
2,-0.0002394110522632667,0.005107825349086229,0.0,2,300
0,0.0,-0.029781444816473678,-0.0659244754985129,0,301
1,-0.001505456316459889,0.0,0.03274447500100363,1,301
2,-0.00023950591762820976,0.0051083618937972615,0.0,2,301
0,0.0,-0.029781444816473678,-0.0659244754985129,0,302
1,-0.001505456316459889,0.0,0.03274447500100363,1,302
2,-0.00023950591762820976,0.0051083618937972615,0.0,2,302
0,0.0,-0.029781444816473678,-0.0659244754985129,0,303
1,-0.001505456316459889,0.0,0.03274447500100363,1,303
2,-0.00023950591762820976,0.0051083618937972615,0.0,2,303
0,0.0,2.438682053871192,1.1704467440916806,0,304
1,-1.015224699196566,0.0,-0.3457515915888103,1,304
2,-0.11724312655009629,1.7273402762549914,0.0,2,304
0,0.0,0.34510244420898245,0.171067998351443,0,305
1,-0.020132690252692303,0.0,-0.0349631653331673,1,305
2,-0.0017254877299729399,0.027520801508831082,0.0,2,305
0,0.0,0.04279586722350908,-0.018732689048375363,0,306
1,-0.0002717544453705755,0.0,0.019306465896054566,1,306
2,-1.9591024842259488e-05,0.0008160061411542033,0.0,2,306
0,0.0,-0.006603982149598388,-0.050788584102282056,0,307
1,-0.0008546816682794993,0.0,0.02843576915367429,1,307
2,-0.00014273812109847148,0.0032806203729397973,0.0,2,307
0,0.0,-0.02504131531555029,-0.04765170275415691,0,308
1,-0.0008023415569862457,0.0,0.02697645403836763,1,308
2,-0.0001256732907898894,0.0029103814703635832,0.0,2,308
0,0.0,-0.02340234089753727,-0.04816849103391708,0,309
1,-0.0008117460483896275,0.0,0.02668887342204445,1,309
2,-0.0001283581297419279,0.002929438059781416,0.0,2,309
0,0.0,-0.017880856444091885,-0.05113668287506193,0,310
1,-0.0008876079897677684,0.0,0.024017191173334573,1,310
2,-0.00014409920517828345,0.0029790732513913175,0.0,2,310
0,0.0,-0.00635928561191583,-0.05270031868844362,0,311
1,-0.0009147750199819828,0.0,0.021915158726043868,1,311
2,-0.00015231478426360913,0.00296974844424748,0.0,2,311
0,0.0,-0.013013788496283896,-0.05179634386182817,0,312
1,-0.0008961479747755706,0.0,0.023130322210848656,1,312
2,-0.00014754180004951888,0.0029731495091676516,0.0,2,312
0,0.0,-0.01473736097215871,-0.051270465238314376,0,313
1,-0.0008818801559374471,0.0,0.022746128202749124,1,313
2,-0.00014441706956026075,0.0029013893934377575,0.0,2,313
0,0.0,-0.01801755390840518,-0.04804694976480625,0,314
1,-0.0007839167183731512,0.0,0.022883551612719086,1,314
2,-0.0001262774684350729,0.002634566481017932,0.0,2,314
0,0.0,-0.021894776782625303,-0.03670312334434073,0,315
1,-0.0004786585373357748,0.0,0.018420974479721696,1,315
2,-7.273133760974172e-05,0.0015677170892528583,0.0,2,315
0,0.0,-0.0183369667309065,-0.0471180704588517,0,316
1,-0.0007554820561577509,0.0,0.02251789261828593,1,316
2,-0.00012131105913203865,0.002536289044025475,0.0,2,316
0,0.0,-0.02133509963430469,-0.04002872548441665,0,317
1,-0.0005604029387743647,0.0,0.019694145811901702,1,317
2,-8.673755269051975e-05,0.0018470608385103857,0.0,2,317
0,0.0,-0.018508950155367944,-0.046713212632854974,0,318
1,-0.0007433572542028988,0.0,0.022356555495084186,1,318
2,-0.00011917125474449284,0.0024938178859889,0.0,2,318
0,0.0,-0.021387311714447767,-0.04855405618663493,0,319
1,-0.0008097889146899067,0.0,0.023539938469559048,1,319
2,-0.00012854293115588316,0.0027103047545249657,0.0,2,319
0,0.0,-0.020883320783033343,-0.04784641976517275,0,320
1,-0.0007845964478717865,0.0,0.0227134744818435,1,320
2,-0.0001245106059361314,0.002596403514460404,0.0,2,320
0,0.0,-0.020903108276102287,-0.04781709802277423,0,321
1,-0.0007832809485372598,0.0,0.022935839403758568,1,321
2,-0.00012421459219268596,0.002605732998314143,0.0,2,321
0,0.0,-0.020677044032306923,-0.047341016203216506,0,322
1,-0.0007628431418699812,0.0,0.024457908871189045,1,322
2,-0.00012027462069470578,0.002642878399961844,0.0,2,322
0,0.0,-0.02063111527220639,-0.047243839059111226,0,323
1,-0.0007563988924359323,0.0,0.024811975462475145,1,323
2,-0.00011877499465826816,0.0026425412423485687,0.0,2,323
0,0.0,-0.02023150059958302,-0.04707699632983518,0,324
1,-0.0007241074850539807,0.0,0.026256829995328135,1,324
2,-0.00011016316996371841,0.002596632079534471,0.0,2,324
0,0.0,-0.0178925263433256,-0.04798394904168039,0,325
1,-0.000713556431657058,0.0,0.026570401895458402,1,325
2,-0.00010558544496797109,0.002534050770654922,0.0,2,325
0,0.0,-0.023709613585287427,-0.0483838201419027,0,326
1,-0.0007125859873153671,0.0,0.025396146630388687,1,326
2,-9.788976338089331e-05,0.002332298570329118,0.0,2,326
0,0.0,-0.018202683987864565,-0.048798988553803185,0,327
1,-0.0007137129256125024,0.0,0.02495419178670274,1,327
2,-0.00010200882806074907,0.0023755499961147777,0.0,2,327
0,0.0,-0.01879451865445893,-0.04893175475629327,0,328
1,-0.0007199798487282537,0.0,0.024503066007525283,1,328
2,-0.0001026948750393609,0.002361894327368433,0.0,2,328
0,0.0,-0.018949727379973507,-0.04898332125258214,0,329
1,-0.0007225422371218588,0.0,0.024296260229304322,1,329
2,-0.00010297619602237907,0.00235646088075328,0.0,2,329
0,0.0,-0.018991438654307413,-0.04899604800680156,0,330
1,-0.0007231906169719492,0.0,0.02422946794440384,1,330
2,-0.00010289506749983201,0.002354176140455828,0.0,2,330
0,0.0,-0.01917010560958433,-0.04905761211273986,0,331
1,-0.0007260763645000766,0.0,0.02394117329844346,1,331
2,-0.00010166013276785731,0.0023439396229155223,0.0,2,331
0,0.0,-0.019248491800752054,-0.04910337912484843,0,332
1,-0.000727495059613989,0.0,0.023785603294722475,1,332
2,-9.91341847257706e-05,0.002336490512867884,0.0,2,332
0,0.0,-0.019165178194308106,-0.04912259183317794,0,333
1,-0.0007265019511352487,0.0,0.023877967051128716,1,333
2,-9.477914966376446e-05,0.0023356471236689737,0.0,2,333
0,0.0,-0.01886317894110714,-0.048907301503949854,0,334
1,-0.0007166871027982592,0.0,0.024144105641015882,1,334
2,-9.044221338203787e-05,0.0023239007920045685,0.0,2,334
0,0.0,-0.01879071842874065,-0.04904206575832282,0,335
1,-0.0007197095596328875,0.0,0.0245273454571022,1,335
2,-8.886988975161347e-05,0.0023538173260545777,0.0,2,335
0,0.0,-0.01863122581601681,-0.048988374866709594,0,336
1,-0.0007162313965396168,0.0,0.024640874833608436,1,336
2,-8.821989060621663e-05,0.002351553723505872,0.0,2,336
0,0.0,-0.018298922703932807,-0.048968331491724505,0,337
1,-0.0007103331694762092,0.0,0.024838450734600042,1,337
2,-8.648411649420016e-05,0.0023476291482803766,0.0,2,337
0,0.0,-0.018496301616580207,-0.04897509761488178,0,338
1,-0.0007049642915549675,0.0,0.024996933100554883,1,338
2,-8.304241537121419e-05,0.0023385062524416446,0.0,2,338
0,0.0,-0.015591918724327195,-0.04943715153536031,0,339
1,-0.0006963491409594693,0.0,0.02489901924372671,1,339
2,-7.39136457472278e-05,0.002330492069995342,0.0,2,339
0,0.0,-0.01700793133788636,-0.04921247004842765,0,340
1,-0.0007003528781269843,0.0,0.02494677254732023,1,340
2,-7.831698366516062e-05,0.0023343946911385987,0.0,2,340
0,0.0,-0.017752739539347008,-0.04939439876795162,0,341
1,-0.0007020604964115165,0.0,0.024869043526817073,1,341
2,-7.359739457545894e-05,0.0023295718786812735,0.0,2,341
0,0.0,-0.01880538294087268,-0.049739925784129904,0,342
1,-0.0007090157523307939,0.0,0.024484192721435653,1,342
2,-6.559084401459424e-05,0.0023248380822216037,0.0,2,342
0,0.0,-0.019002482700632116,-0.049740740321172254,0,343
1,-0.0007099873026975419,0.0,0.024307747147298008,1,343
2,-6.254131619657989e-05,0.0023238323384940805,0.0,2,343
0,0.0,-0.019099909109103287,-0.04919074098257962,0,344
1,-0.0006974606113325062,0.0,0.024342995694610802,1,344
2,-5.781972503303316e-05,0.002312383531793196,0.0,2,344
0,0.0,-0.018981183347991492,-0.04923723585077137,0,345
1,-0.0007009421003650615,0.0,0.024410584551088497,1,345
2,-5.8838398385685126e-05,0.0023312464825506482,0.0,2,345
0,0.0,-0.018935210723669636,-0.049217021459183614,0,346
1,-0.0007006515538994516,0.0,0.024439589883646615,1,346
2,-5.928609579647378e-05,0.0023326018897201223,0.0,2,346
0,0.0,-0.018932501047121922,-0.049215840781926604,0,347
1,-0.0007006126559911708,0.0,0.024444290799912522,1,347
2,-5.934344276043347e-05,0.0023326929009477543,0.0,2,347
0,0.0,-0.018932501047121922,-0.049215840781926604,0,348
1,-0.0007006126559911708,0.0,0.024444290799912522,1,348
2,-5.934344276043347e-05,0.0023326929009477543,0.0,2,348
0,0.0,-0.029781444816473678,-0.0659244754985129,0,349
1,-0.001505456316459889,0.0,0.03274447500100363,1,349
2,-0.00023950591762820976,0.0051083618937972615,0.0,2,349
0,0.0,2.5767367227065923,0.9789064173307872,0,350
1,-0.9655951644483297,0.0,-0.3108728910922062,1,350
2,-0.1048430282765853,1.460868356082302,0.0,2,350
0,0.0,0.3490571460487314,0.14420573094834246,0,351
1,-0.01761030681256357,0.0,-0.031198689401132917,1,351
2,-0.001264650541249224,0.02013747879565838,0.0,2,351
0,0.0,0.06508666332169671,-0.011374070333961582,0,352
1,-0.00040290528250511853,0.0,0.01621543978972189,1,352
2,-7.306971168336561e-06,0.00047975966160948276,0.0,2,352
0,0.0,0.005227788423640802,-0.012566347992969793,0,353
1,-5.493519177234077e-05,0.0,0.01529562157311217,1,353
2,-8.895695403543952e-06,0.0004625175644151366,0.0,2,353
0,0.0,-0.011393226603816269,-0.0187771542743808,0,354
1,-0.0001282187820517102,0.0,0.016393530279766293,1,354
2,-1.9780066965570727e-05,0.0006746318447210292,0.0,2,354
0,0.0,-0.023635585382183116,-0.028480436569300854,0,355
1,-0.0003158335021301705,0.0,0.01691586596758776,1,355
2,-4.514198473238578e-05,0.0010805383887731786,0.0,2,355
0,0.0,-0.015275849365161305,-0.027312168057727307,0,356
1,-0.0002665688626749326,0.0,0.016237074863685495,1,356
2,-4.147941855274114e-05,0.0009937580047838413,0.0,2,356
0,0.0,-0.01166166090460754,-0.028421600753233283,0,357
1,-0.00027832246144418983,0.0,0.015729639276773524,1,357
2,-4.4775686705109034e-05,0.001020690931131913,0.0,2,357
0,0.0,-0.010800265298905841,-0.028959113226505132,0,358
1,-0.00028656411946869796,0.0,0.015227978212196248,1,358
2,-4.639335321105761e-05,0.0010234232532301713,0.0,2,358
0,0.0,-0.010135468633341218,-0.030209492382287376,0,359
1,-0.00030871227649220093,0.0,0.013373269031392418,1,359
2,-5.018108340094674e-05,0.0010069716886598763,0.0,2,359
0,0.0,-0.008587498193015953,-0.03148300112989571,0,360
1,-0.0003291707150162671,0.0,0.011164737229425053,1,360
2,-5.3675653617025904e-05,0.000985578163524817,0.0,2,360
0,0.0,0.0,-0.028853478863275217,0,361
1,-0.0002634009406839236,0.0,0.006812735639799431,1,361
2,-4.2879129030948565e-05,0.0007188660457883296,0.0,2,361
0,0.0,-0.004014679084296292,-0.02953685895840654,0,362
1,-0.0002776532069525188,0.0,0.00859922154341804,1,362
2,-4.500577812108676e-05,0.0007875976772683924,0.0,2,362
0,0.0,-0.012202605869306533,-0.030709263108654506,0,363
1,-0.0003117825327559825,0.0,0.011970308153353103,1,363
2,-4.879391965206927e-05,0.0009370392638555874,0.0,2,363
0,0.0,-0.012382161203091498,-0.030070625866629043,0,364
1,-0.00029965943766384833,0.0,0.012262067631898545,1,364
2,-4.673028829860362e-05,0.0009147760591748671,0.0,2,364
0,0.0,-0.012299556200066938,-0.026323950436858656,0,365
1,-0.00023153460663064894,0.0,0.013578397934824078,1,365
2,-3.5522156367049866e-05,0.000787415347723335,0.0,2,365
0,0.0,-0.01254437516356629,-0.027875158883334146,0,366
1,-0.0002588852017356959,0.0,0.013991267756747652,1,366
2,-3.99129703912468e-05,0.0008699588564677241,0.0,2,366
0,0.0,-0.011889371954959285,-0.028168285262421447,0,367
1,-0.00026261368490060967,0.0,0.014154669152628549,1,367
2,-4.071863494806521e-05,0.0008883931281685874,0.0,2,367
0,0.0,-0.01087203448092965,-0.028433581665154126,0,368
1,-0.00026488204420607606,0.0,0.014442667139455948,1,368
2,-4.1323424083819565e-05,0.0009084799090664235,0.0,2,368
0,0.0,-0.009618555793187142,-0.028814650425679076,0,369
1,-0.0002680878863472594,0.0,0.014815759466078913,1,369
2,-4.196712717902532e-05,0.0009325352148315764,0.0,2,369
0,0.0,-0.007545829328616786,-0.029478354509338656,0,370
1,-0.00027240279458514734,0.0,0.015428239245848657,1,370
2,-4.2436466967414625e-05,0.0009630553539847718,0.0,2,370
0,0.0,-0.0049228693733524955,0.0,0,371
1,-2.0145733455914724e-06,0.0,0.001203675690266431,1,371
2,-4.802954344057287e-14,1.683297083632794e-06,0.0,2,371
0,0.0,-0.007385065275915608,-0.027771492666484685,0,372
1,-0.00024111037681436386,0.0,0.014599550948708054,1,372
2,-3.737793210321424e-05,0.000852288210417845,0.0,2,372
0,0.0,-0.005214831093240652,-0.028135098498491957,0,373
1,-0.0002318495366220551,0.0,0.015398020249213261,1,373
2,-3.44496637448385e-05,0.0008321919460079894,0.0,2,373
0,0.0,-0.011919155745034167,-0.03134646485468738,0,374
1,-0.00026343077934962286,0.0,0.013243034013561342,1,374
2,-3.362827516021951e-05,0.0007548651785067887,0.0,2,374
0,0.0,-0.007873815260415059,-0.02928314654261391,0,375
1,-0.00022911398030201285,0.0,0.015335178797502402,1,375
2,-3.0446391027402813e-05,0.0007602494506228299,0.0,2,375
0,0.0,-0.009930426648843887,-0.03002688226820638,0,376
1,-0.00024231394494338287,0.0,0.014876825779820144,1,376
2,-3.1651475641391655e-05,0.0007669457676955511,0.0,2,376
0,0.0,-0.010049829280098848,-0.03004028603795042,0,377
1,-0.00024253303720616712,0.0,0.014873371478200142,1,377
2,-3.161877589790065e-05,0.0007665012507094375,0.0,2,377
0,0.0,-0.010358344281573256,-0.030030727971847502,0,378
1,-0.0002424610642130554,0.0,0.014911964459674158,1,378
2,-3.1417773422271154e-05,0.0007653557182491331,0.0,2,378
0,0.0,-0.010645058500755027,-0.029981139987438822,0,379
1,-0.00024182683937032934,0.0,0.014981146666555931,1,379
2,-3.1099699806739014e-05,0.0007640348599021328,0.0,2,379
0,0.0,-0.011045190432071642,-0.029875629998538558,0,380
1,-0.00024042368774383267,0.0,0.015110197107126336,1,380
2,-3.043405159383535e-05,0.0007619040728843522,0.0,2,380
0,0.0,-0.011491640701895886,-0.02973815897759733,0,381
1,-0.0002384755366488519,0.0,0.015281148517559101,1,381
2,-2.923981159910144e-05,0.0007589878426379948,0.0,2,381
0,0.0,-0.011789134768970113,-0.029682299435537345,0,382
1,-0.00023713474616509717,0.0,0.015403243189894576,1,382
2,-2.7271844650649943e-05,0.0007553830564912738,0.0,2,382
0,0.0,0.0,-0.02770206892192799,0,383
1,-0.0002088580147340893,0.0,0.016927394372027647,1,383
2,-2.4190614327137175e-05,0.00079870091872054,0.0,2,383
0,0.0,-0.010240017984785839,-0.029417935876096295,0,384
1,-0.0002320876728598212,0.0,0.01561480334065043,1,384
2,-2.6861671982505237e-05,0.0007605606222665263,0.0,2,384
0,0.0,-0.010197096376145857,-0.029687951063366625,0,385
1,-0.00023527025533458392,0.0,0.015433111962984756,1,385
2,-2.4956435885460948e-05,0.000759679407234088,0.0,2,385
0,0.0,-0.00856705311753618,-0.0302563348646537,0,386
1,-0.00023894401283694835,0.0,0.014425243009243473,1,386
2,-2.514046211411224e-05,0.0007391491782137446,0.0,2,386
0,0.0,-0.009617616046853218,-0.029889361943297086,0,387
1,-0.00023651326590002258,0.0,0.015076730698346206,1,387
2,-2.5022470701631957e-05,0.0007520901878705196,0.0,2,387
0,0.0,-0.009679909865757898,-0.030036633948944718,0,388
1,-0.00023908933727170327,0.0,0.015032526389064734,1,388
2,-2.476387574207354e-05,0.0007567739687987599,0.0,2,388
0,0.0,-0.009845491548488149,-0.03013369385330226,0,389
1,-0.00024165235090310545,0.0,0.014909674819145867,1,389
2,-2.488140756647921e-05,0.0007601752088962767,0.0,2,389
0,0.0,-0.009973447674621314,-0.030200952304611624,0,390
1,-0.0002436097882290281,0.0,0.014803498540052553,1,390
2,-2.509954377233114e-05,0.0007628485680765348,0.0,2,390
0,0.0,-0.010150800268398229,-0.030257880321421904,0,391
1,-0.0002454870148158807,0.0,0.014672442074098508,1,391
2,-2.5076848820936958e-05,0.0007649116640231329,0.0,2,391
0,0.0,-0.010415970157054779,-0.03044349551795957,0,392
1,-0.0002497134318667342,0.0,0.014453703096282163,1,392
2,-2.4746936830238842e-05,0.0007720439648192732,0.0,2,392
0,0.0,-0.010916427767211127,-0.030493861157453866,0,393
1,-0.00025143169184978236,0.0,0.014153059639030916,1,393
2,-2.2468583786713895e-05,0.0007725353415524218,0.0,2,393
0,0.0,-0.010851402410272588,-0.03121841793479309,0,394
1,-0.00025974777817411874,0.0,0.014056286474798688,1,394
2,-1.8556076467376962e-05,0.000800141336623992,0.0,2,394
0,0.0,-0.011287007476391435,-0.030762576727885228,0,395
1,-0.0002472518072017852,0.0,0.014067021266857735,1,395
2,-1.085134535855732e-05,0.0007753153970097887,0.0,2,395
0,0.0,-0.01047858989005116,-0.030559214766262076,0,396
1,-0.0002341536552802253,0.0,0.01468360565016278,1,396
2,-5.451065798162093e-06,0.0007628518415827826,0.0,2,396
0,0.0,-0.010739669848187278,-0.030384516589530577,0,397
1,-0.00022871074926394995,0.0,0.014971087306748997,1,397
2,-5.0821420165646635e-06,0.0007506594864095864,0.0,2,397
0,0.0,-0.008158314795712756,-0.030340663515903483,0,398
1,-0.0002239629094212634,0.0,0.015054263053687053,1,398
2,-4.593126107013459e-06,0.0007481540621218813,0.0,2,398
0,0.0,-0.010137508299370148,-0.030374344021914114,0,399
1,-0.00022751552984514494,0.0,0.014990449307634426,1,399
2,-4.967471465137008e-06,0.0007500742296838459,0.0,2,399
0,0.0,-0.010127591586796183,-0.030406270417658414,0,400
1,-0.00022845079403496855,0.0,0.014989357600056338,1,400
2,-5.324701372779324e-06,0.0007522819929088053,0.0,2,400
0,0.0,-0.010140600824079148,-0.03040608602130039,0,401
1,-0.0002285916733104591,0.0,0.015047825770422595,1,401
2,-5.3310110478222075e-06,0.0007543792575433495,0.0,2,401
0,0.0,-0.010158737073441823,-0.030381412439530325,0,402
1,-0.00022832623518062917,0.0,0.015076480644923384,1,402
2,-5.288004153008641e-06,0.0007546580163959224,0.0,2,402
0,0.0,-0.010159071627215733,-0.03037381616499483,0,403
1,-0.00022821952615369696,0.0,0.015079706044215251,1,403
2,-5.281561271440883e-06,0.0007545383882590913,0.0,2,403
0,0.0,-0.010157296782572158,-0.030370296492426542,0,404
1,-0.00022816771408299322,0.0,0.015081687216589295,1,404
2,-5.28362386245283e-06,0.000754506312957771,0.0,2,404
0,0.0,-0.010157296782572158,-0.030370296492426542,0,405
1,-0.00022816771408299322,0.0,0.015081687216589295,1,405
2,-5.28362386245283e-06,0.000754506312957771,0.0,2,405
0,0.0,-0.010157296782572158,-0.030370296492426542,0,406
1,-0.00022816771408299322,0.0,0.015081687216589295,1,406
2,-5.28362386245283e-06,0.000754506312957771,0.0,2,406
0,0.0,1.632072376693326,1.7969275975083532,0,407
1,-0.9764381853145687,0.0,-0.4687219362588906,1,407
2,-0.021198706928140094,2.1584444842305524,0.0,2,407
0,0.0,0.2483592027403189,0.2876483056745056,0,408
1,-0.024603230591990252,0.0,-0.06458762905629675,1,408
2,-0.0004841294607037262,0.05206820063257076,0.0,2,408
0,0.0,0.038232001596735524,0.02972930339483021,0,409
1,-0.00032111931416298954,0.0,5.6980535693548324e-05,1,409
2,-5.082671346530526e-06,0.0005044608101696489,0.0,2,409
0,0.0,-0.0026899579875088297,-0.021081044491978618,0,410
1,-0.00010679539549388352,0.0,0.012759722415376993,1,410
2,-2.5472848056373864e-06,0.00041746514189840085,0.0,2,410
0,0.0,-0.010017380104961232,-0.02289822817817173,0,411
1,-0.00013285666396180927,0.0,0.01281277972862565,1,411
2,-3.0048235974423455e-06,0.0004642664295633706,0.0,2,411
0,0.0,-0.008948975668149268,-0.023782932414312553,0,412
1,-0.0001412057445796152,0.0,0.012796489325116832,1,412
2,-3.2411952798794115e-06,0.00048731641754203513,0.0,2,412
0,0.0,-0.007919769612852495,-0.02469214024122493,0,413
1,-0.00015042348543652201,0.0,0.01243193201096336,1,413
2,-3.493006473269847e-06,0.0005030270089602018,0.0,2,413
0,0.0,-0.005876282169890549,-0.02474784842417804,0,414
1,-0.00014894753899696338,0.0,0.011871502866452454,1,414
2,-3.5078065818396855e-06,0.0004907308820022776,0.0,2,414
0,0.0,-0.004160983955805555,-0.024455544582326395,0,415
1,-0.00014417767350869779,0.0,0.011096593420041968,1,415
2,-3.423652170951176e-06,0.0004643870940187343,0.0,2,415
0,0.0,-0.0024727319837610988,-0.018459633752345758,0,416
1,-8.180376228913805e-05,0.0,0.008369665037731048,1,416
2,-1.9481365296120523e-06,0.00026421301537149153,0.0,2,416
0,0.0,-0.003952823154298492,-0.023716670979047862,0,417
1,-0.0001355352786064809,0.0,0.010760528028347602,1,417
2,-3.219386619212757e-06,0.00043667771081184933,0.0,2,417
0,0.0,-0.0025082056398708,-0.01880493471225454,0,418
1,-8.489058331078575e-05,0.0,0.008629437656048207,1,418
2,-2.021765466098237e-06,0.00027598316442433547,0.0,2,418
0,0.0,-0.003949183661659411,-0.023704303394530658,0,419
1,-0.00013539280757983283,0.0,0.01075516160118682,1,419
2,-3.2160209227414114e-06,0.0004362267646607918,0.0,2,419
0,0.0,-0.005364246507037429,-0.02375559829649785,0,420
1,-0.0001369536897949447,0.0,0.010932692664735365,1,420
2,-3.2296707544764194e-06,0.00044146675387882715,0.0,2,420
0,0.0,-0.007521877398481586,-0.023369081621877917,0,421
1,-0.0001346710316062476,0.0,0.011097235554013572,1,421
2,-3.1249065456447313e-06,0.0004347142554949038,0.0,2,421
0,0.0,-0.0077372196527697844,-0.023290002474054626,0,422
1,-0.0001340302053698253,0.0,0.011141460764714426,1,422
2,-3.103552051308665e-06,0.0004335845733680172,0.0,2,422
0,0.0,-0.007954168359459111,-0.023116187726513863,0,423
1,-0.00013234126105920524,0.0,0.01128968798174959,1,423
2,-3.0566267826532937e-06,0.00043227519902719715,0.0,2,423
0,0.0,-0.007832964144747044,-0.023017758824040863,0,424
1,-0.00013109363668556347,0.0,0.01142783323759972,1,424
2,-3.0297380200129484e-06,0.0004327674680202563,0.0,2,424
0,0.0,-0.007648106901297125,-0.022986270721175664,0,425
1,-0.00013050908151762523,0.0,0.011494216130849215,1,425
2,-3.020324544185628e-06,0.00043336572497263586,0.0,2,425
0,0.0,-0.007476451458191437,-0.022978983789550385,0,426
1,-0.00013020174469187098,0.0,0.011531871610660481,1,426
2,-3.0168759856009524e-06,0.00043389697588219213,0.0,2,426
0,0.0,-0.0072639638431351745,-0.022980353927633656,0,427
1,-0.0001299123911059548,0.0,0.011568334664225056,1,427
2,-3.0139793732187275e-06,0.0004344586045781323,0.0,2,427
0,0.0,-0.006926777785997593,-0.022990604348259034,0,428
1,-0.0001294744682156843,0.0,0.01162044159435069,1,428
2,-3.0076994893005787e-06,0.00043505393864888385,0.0,2,428
0,0.0,-0.00647424705350617,-0.02301517652271892,0,429
1,-0.0001288239375671746,0.0,0.01168626434370794,1,429
2,-2.9923524868719587e-06,0.0004350772170361345,0.0,2,429
0,0.0,-0.006046916717893899,-0.023068323100727,0,430
1,-0.00012803114646924894,0.0,0.011748178552500288,1,430
2,-2.9606437765228117e-06,0.0004333983880504602,0.0,2,430
0,0.0,-0.006084820048144201,-0.02313877072041588,0,431
1,-0.00012743954187890795,0.0,0.011747555672534625,1,431
2,-2.9127916923723042e-06,0.00042878620175745873,0.0,2,431
0,0.0,-0.006672299530531888,-0.02295262106343359,0,432
1,-0.00012505421142986617,0.0,0.011555282504585264,1,432
2,-2.7979344430993972e-06,0.00041538070372251014,0.0,2,432
0,0.0,-0.0071505585913151475,-0.02305373702371714,0,433
1,-0.00012661464841991725,0.0,0.011533509123719768,1,433
2,-2.8154861643211676e-06,0.00041739110550756517,0.0,2,433
0,0.0,-0.007432306983909758,-0.023156588530621667,0,434
1,-0.00012812395474629519,0.0,0.01151142795783753,1,434
2,-2.8419485348559115e-06,0.00041995631553325174,0.0,2,434
0,0.0,-0.007430273352097872,-0.02316339186503239,0,435
1,-0.00012820301909515207,0.0,0.011507088805638895,1,435
2,-2.843141423262826e-06,0.000420069150208493,0.0,2,435
0,0.0,-0.00740992000214446,-0.023191673490960765,0,436
1,-0.0001285063037051546,0.0,0.01148518503395005,1,436
2,-2.842536113266971e-06,0.0004203967151311397,0.0,2,436
0,0.0,-0.0073867515365508805,-0.023215144714295748,0,437
1,-0.00012874153169867582,0.0,0.011463575544760476,1,437
2,-2.8328422510805955e-06,0.00042054937033480816,0.0,2,437
0,0.0,-0.007346460830694151,-0.02325022284102066,0,438
1,-0.0001290746974847702,0.0,0.011428744785108642,1,438
2,-2.79481003446078e-06,0.0004206679153866016,0.0,2,438
0,0.0,-0.007300171464659811,-0.023286474729845394,0,439
1,-0.00012939267856958402,0.0,0.011392538008218026,1,439
2,-2.6995079256224985e-06,0.00042069493792861514,0.0,2,439
0,0.0,-0.007274769613887066,-0.023304131503870777,0,440
1,-0.00012948879761703108,0.0,0.011381847195688927,1,440
2,-2.5113248411169996e-06,0.0004206266815068568,0.0,2,440
0,0.0,-0.007319575669236033,-0.023292426167582123,0,441
1,-0.00012922137787705693,0.0,0.011435058595319837,1,441
2,-2.2963879204459747e-06,0.0004207185870175233,0.0,2,441
0,0.0,-0.007397339796923903,-0.023204006312770708,0,442
1,-0.00012834830076521002,0.0,0.011499448054594519,1,442
2,-2.1688178399474257e-06,0.0004199481151729442,0.0,2,442
0,0.0,-0.0073949212614292555,-0.023162888075225166,0,443
1,-0.0001278889752772743,0.0,0.011532449059672809,1,443
2,-2.1659745319908174e-06,0.00041960381515120717,0.0,2,443
0,0.0,-0.00740510735097495,-0.023139141339343788,0,444
1,-0.00012762127967674361,0.0,0.011550841069758316,1,444
2,-2.1748895866158648e-06,0.00041933731092255294,0.0,2,444
0,0.0,-0.007424576716119866,-0.023113446363437797,0,445
1,-0.0001272992672243469,0.0,0.011570997589616269,1,445
2,-2.176199606746026e-06,0.0004189117156151811,0.0,2,445
0,0.0,-0.007427366859107251,-0.023082454303386603,0,446
1,-0.00012679748723785239,0.0,0.011594956540322563,1,446
2,-2.143057805198595e-06,0.00041809262658407944,0.0,2,446
0,0.0,-0.0075835358442900664,-0.023080214482289172,0,447
1,-0.00012661848330443792,0.0,0.011617385184638361,1,447
2,-2.0279357350544064e-06,0.0004175283017124545,0.0,2,447
0,0.0,-0.007529480744481465,-0.02308264078580276,0,448
1,-0.00012617595406264046,0.0,0.01161899547948587,1,448
2,-1.8319065559601245e-06,0.00041643987170703804,0.0,2,448
0,0.0,-0.007962514935609137,-0.02326880041771993,0,449
1,-0.00012775777204076334,0.0,0.011549195027556435,1,449
2,-1.2061248110532588e-06,0.0004175595235025514,0.0,2,449
0,0.0,-0.007552531194559657,-0.02322864364722104,0,450
1,-0.0001267409087014765,0.0,0.011528828272106694,1,450
2,-1.0187575305814466e-06,0.00041603296594423626,0.0,2,450
0,0.0,-0.00728979021980402,-0.023221631960637666,0,451
1,-0.00012641980074463164,0.0,0.011473772537233126,1,451
2,-7.749267577597501e-07,0.0004155279071851284,0.0,2,451
0,0.0,-0.007253354328846279,-0.02323177949416071,0,452
1,-0.00012656525474895577,0.0,0.01145984196712805,1,452
2,-5.573380775306306e-07,0.0004164164402302515,0.0,2,452
0,0.0,-0.007194874384315815,-0.023335146696154642,0,453
1,-0.0001275726532694403,0.0,0.01155644764539436,1,453
2,-4.45010752055675e-07,0.00042157117124147714,0.0,2,453
0,0.0,-0.007223350692302055,-0.02328484259028775,0,454
1,-0.00012708177513222772,0.0,0.011509454961389635,1,454
2,-4.999538811304622e-07,0.0004190579413519393,0.0,2,454
0,0.0,-0.007304009383825779,-0.023255528373543746,0,455
1,-0.00012692457298843493,0.0,0.01151128457591836,1,455
2,-4.5554949873513413e-07,0.00041882332167209084,0.0,2,455
0,0.0,-0.007403699903530526,-0.02321454320647022,0,456
1,-0.00012661499212375738,0.0,0.011527148678264577,1,456
2,-4.282044291701027e-07,0.0004184098573982092,0.0,2,456
0,0.0,-0.007420954079758159,-0.023200203976981273,0,457
1,-0.0001264708041992013,0.0,0.011536177297141225,1,457
2,-4.3786721358988316e-07,0.0004182364855069518,0.0,2,457
0,0.0,-0.0074232941054151,-0.02319463851769894,0,458
1,-0.0001264103353239593,0.0,0.011539082743081035,1,458
2,-4.5701481326668057e-07,0.0004181501123051627,0.0,2,458
0,0.0,-0.007444462207252827,-0.02320654590581838,0,459
1,-0.0001265821642628027,0.0,0.011523895258152136,1,459
2,-4.853934967004671e-07,0.00041823397922365643,0.0,2,459
0,0.0,-0.007417527454626435,-0.02320407936646187,0,460
1,-0.00012653404169125625,0.0,0.011526109427668291,1,460
2,-4.978424830119984e-07,0.0004182158638824416,0.0,2,460
0,0.0,-0.007407969936068314,-0.023205009972027804,0,461
1,-0.00012653758795534326,0.0,0.011524659553092833,1,461
2,-4.996152657037089e-07,0.00041821949560389435,0.0,2,461
0,0.0,-0.007407969936068314,-0.023205009972027804,0,462
1,-0.00012653758795534326,0.0,0.011524659553092833,1,462
2,-4.996152657037089e-07,0.00041821949560389435,0.0,2,462
0,0.0,-0.010157296782572158,-0.030370296492426542,0,463
1,-0.00022816771408299322,0.0,0.015081687216589295,1,463
2,-5.28362386245283e-06,0.000754506312957771,0.0,2,463
0,0.0,2.225118811306002,1.8113881482424645,0,464
1,-1.1511254902694554,0.0,-0.532013175313294,1,464
2,-0.022864137694861154,2.318661675827539,0.0,2,464
0,0.0,0.3343062993181934,0.2944991421728859,0,465
1,-0.029393330691392265,0.0,-0.0752753357961254,1,465
2,-0.000512285006523575,0.05627225997725459,0.0,2,465
0,0.0,0.055605667675711845,0.03251231251170169,0,466
1,-0.00048486272115821845,0.0,-0.0023666090706330285,1,466
2,-6.090087482849489e-06,0.000609843344121939,0.0,2,466
0,0.0,0.015645054030585224,-0.005655033670610829,0,467
1,-2.596992021281331e-05,0.0,0.008224587317925235,1,467
2,-1.8360623691449202e-07,8.664464148351752e-05,0.0,2,467
0,0.0,0.0015459892601527307,-0.007995890911868711,0,468
1,-1.5474357794145282e-05,0.0,0.008281906403947874,1,468
2,-3.6687027073980866e-07,0.00010577422194648404,0.0,2,468
0,0.0,-0.008963100201445964,-0.013291457421915193,0,469
1,-4.8257630831762555e-05,0.0,0.008679534446323047,1,469
2,-1.012919029291286e-06,0.0001767156026944966,0.0,2,469
0,0.0,-0.005468495199415596,-0.013382821689756337,0,470
1,-4.506512518635043e-05,0.0,0.00829400965659022,1,470
2,-1.0268380374554755e-06,0.00017148439484471418,0.0,2,470
0,0.0,-0.004243205540788873,-0.01419033267456224,0,471
1,-4.949486832098048e-05,0.0,0.007918343009067305,1,471
2,-1.1543324703560047e-06,0.00017798929599820666,0.0,2,471
0,0.0,-0.004048244193956106,-0.014614936016055279,0,472
1,-5.229122016068999e-05,0.0,0.00742331183782364,1,472
2,-1.2241610439200045e-06,0.0001772475895596349,0.0,2,472
0,0.0,-0.004173293619176009,-0.015040642131259939,0,473
1,-5.535956645280943e-05,0.0,0.006591146161335201,1,473
2,-1.2954347381006709e-06,0.00017253998026669787,0.0,2,473
0,0.0,0.0,-0.01567710130340675,0,474
1,-5.863813326836708e-05,0.0,0.00533019854381258,1,474
2,-1.4037117265836605e-06,0.00016813819096724969,0.0,2,474
0,0.0,-0.00215559141347145,-0.01513827438201862,0,475
1,-5.503119216724452e-05,0.0,0.005819899278248912,1,475
2,-1.3091548805538976e-06,0.000164242079516445,0.0,2,475
0,0.0,-0.003920913831626083,-0.014263171503711291,0,476
1,-4.967700878798644e-05,0.0,0.0068858417597439285,1,476
2,-1.1614394633399475e-06,0.00016320385860304104,0.0,2,476
0,0.0,-0.004344577236628757,-0.013427111244728894,0,477
1,-4.436553929907267e-05,0.0,0.007998253083917845,1,477
2,-1.027121661941995e-06,0.00016647942169227428,0.0,2,477
0,0.0,-0.004244783942757847,-0.001116868975171291,0,478
1,-1.642736148476442e-06,0.0,0.0031684457820969998,1,478
2,-7.056477320263855e-09,1.0747933086304383e-05,0.0,2,478
0,0.0,-0.004341632463807645,-0.013065111453536489,0,479
1,-4.2073923736688895e-05,0.0,0.007856168672291743,1,479
2,-9.722817067914918e-07,0.00015875560048439648,0.0,2,479
0,0.0,-0.004464333558688219,-0.013553309335055498,0,480
1,-4.5240999433835036e-05,0.0,0.007834960470379307,1,480
2,-1.0458909842787862e-06,0.00016573478021004166,0.0,2,480
0,0.0,-0.004682429047842879,0.0,0,481
1,-1.6379269612042828e-06,0.0,0.0,1,481
2,0.0,0.0,0.0,2,481
0,0.0,-0.004470434283294524,-0.013176278550364531,0,482
1,-4.28368017808139e-05,0.0,0.007616852472875067,1,482
2,-9.881710771259558e-07,0.00015659960645510258,0.0,2,482
0,0.0,-0.004661614080340715,-0.014100608073337347,0,483
1,-4.893743672757334e-05,0.0,0.006636050045532794,1,483
2,-1.1301936490702365e-06,0.0001566753989876098,0.0,2,483
0,0.0,-0.004611571661441605,-0.014107584467304167,0,484
1,-4.894453760141253e-05,0.0,0.00677851355551207,1,484
2,-1.131034732335743e-06,0.0001586830088308271,0.0,2,484
0,0.0,-0.004542311368706981,-0.014005123865311152,0,485
1,-4.819427716286006e-05,0.0,0.006998774539661365,1,485
2,-1.1137500162082773e-06,0.00016002033336386278,0.0,2,485
0,0.0,-0.004525282208436,-0.01393901704752574,0,486
1,-4.772399112161012e-05,0.0,0.0070660035002023565,1,486
2,-1.1022597957531203e-06,0.0001598354824481602,0.0,2,486
0,0.0,-0.0044731418913235045,-0.013708591262556032,0,487
1,-4.60642558584041e-05,0.0,0.007265296469595644,1,487
2,-1.0604233633408026e-06,0.00015857879670696273,0.0,2,487
0,0.0,-0.004416619631346423,-0.013466766057062023,0,488
1,-4.425829584941438e-05,0.0,0.007463435988339968,1,488
2,-1.0124664917217887e-06,0.0001567728259106843,0.0,2,488
0,0.0,-0.004322092431838681,-0.01316809496864752,0,489
1,-4.180596619332069e-05,0.0,0.007715260312981564,1,489
2,-9.415352341611831e-07,0.00015352819623094507,0.0,2,489
0,0.0,-0.004203657830070426,-0.013098288026511104,0,490
1,-4.047904227340601e-05,0.0,0.007817941565248416,1,490
2,-8.890978413592626e-07,0.0001498825375219425,0.0,2,490
0,0.0,-0.005505513725185427,-0.013493419891302073,0,491
1,-4.2926794132364945e-05,0.0,0.007598022607525795,1,491
2,-8.899373612093038e-07,0.00014796849476874323,0.0,2,491
0,0.0,-0.003753124732782778,-0.014058433710889311,0,492
1,-4.4720360283888944e-05,0.0,0.00719004443222509,1,492
2,-9.365462469679994e-07,0.00014826217158763364,0.0,2,492
0,0.0,-0.004447703940784734,-0.014152627370236648,0,493
1,-4.6056461190818534e-05,0.0,0.007137225476964943,1,493
2,-9.653161918706752e-07,0.00015039860873551015,0.0,2,493
0,0.0,-0.004338149564722645,-0.01423982786848685,0,494
1,-4.655941154257273e-05,0.0,0.00707323690054199,1,494
2,-9.77336210555224e-07,0.00015094023224588774,0.0,2,494
0,0.0,-0.004310648999742893,-0.01424795476966685,0,495
1,-4.659512956699901e-05,0.0,0.007062398416906875,1,495
2,-9.777945726562758e-07,0.00015092628560218322,0.0,2,495
0,0.0,-0.0042588635648873555,-0.01425773056322899,0,496
1,-4.6622059139555824e-05,0.0,0.007042710410998735,1,496
2,-9.762750199940423e-07,0.00015080403008418743,0.0,2,496
0,0.0,-0.0042002807525622216,-0.014263741363935094,0,497
1,-4.661647744874331e-05,0.0,0.007019758174472774,1,497
2,-9.707160073961876e-07,0.0001505640384454549,0.0,2,497
0,0.0,-0.004112489426681746,-0.014266813629542803,0,498
1,-4.6565479576225675e-05,0.0,0.0069824447063487815,1,498
2,-9.533220105396118e-07,0.00015005654919515236,0.0,2,498
0,0.0,-0.004006905124494221,-0.01426438427634755,0,499
1,-4.645727518483378e-05,0.0,0.00693249825248189,1,499
2,-9.112190703477464e-07,0.00014925636728853556,0.0,2,499
0,0.0,-0.003901873975972313,-0.01425904345661646,0,500
1,-4.631288392891708e-05,0.0,0.006879509464972935,1,500
2,-8.18610856073036e-07,0.00014830190514260381,0.0,2,500
0,0.0,-0.003851164735879434,-0.014274156988371721,0,501
1,-4.631273362359139e-05,0.0,0.006875549288935564,1,501
2,-6.663018572596862e-07,0.000148206724060332,0.0,2,501
0,0.0,-0.004325664309150076,-0.01410498627224886,0,502
1,-4.549876720594882e-05,0.0,0.00688639165837463,1,502
2,-4.965214151238883e-07,0.0001457781320998988,0.0,2,502
0,0.0,-0.004253135850198797,-0.01420812022942873,0,503
1,-4.610568137227817e-05,0.0,0.006963327343202036,1,503
2,-4.995855491386655e-07,0.0001482792128366226,0.0,2,503
0,0.0,-0.004298355101626211,-0.014251700378916309,0,504
1,-4.6418683145621596e-05,0.0,0.007071003988101028,1,504
2,-4.944898124879285e-07,0.00015035491274876088,0.0,2,504
0,0.0,-0.0043307997722987985,-0.01424291902927853,0,505
1,-4.638679705929431e-05,0.0,0.00708533682003926,1,505
2,-4.94796572246201e-07,0.00015043082659736324,0.0,2,505
0,0.0,-0.00439517563958833,-0.014220356475116623,0,506
1,-4.629102370061011e-05,0.0,0.007110766283941609,1,506
2,-4.953023565924426e-07,0.00015047301113474664,0.0,2,506
0,0.0,-0.004460044356871615,-0.014192158006811456,0,507
1,-4.615846645394688e-05,0.0,0.0071394474903837355,1,507
2,-4.9115826005394e-07,0.0001504852771542258,0.0,2,507
0,0.0,-0.004565011420261926,-0.014136211258930314,0,508
1,-4.5873092368316086e-05,0.0,0.00719321189491787,1,508
2,-4.693825997098927e-07,0.00015047692233502086,0.0,2,508
0,0.0,-0.004692540296981342,-0.014055470254302342,0,509
1,-4.5429497884585314e-05,0.0,0.007266476098646901,1,509
2,-4.068162880399892e-07,0.0001504426172585375,0.0,2,509
0,0.0,-0.004842927691130769,-0.013958407835611933,0,510
1,-4.4848717546110327e-05,0.0,0.007347826924573423,1,510
2,-2.5019845095864557e-07,0.00015041382121648003,0.0,2,510
0,0.0,-0.00494385514852412,-0.013919983871742855,0,511
1,-4.450024008554707e-05,0.0,0.00737123075346888,1,511
2,0.0,0.00015053479392730554,0.0,2,511
0,0.0,-0.004612082423804136,-0.014012170875658751,0,512
1,-4.475113899018218e-05,0.0,0.00726736755232972,1,512
2,0.0,0.00015045906451225825,0.0,2,512
0,0.0,-0.00450093151489869,-0.014148056291088824,0,513
1,-4.5462453598904375e-05,0.0,0.0071390945249244,1,513
2,0.0,0.00015060090869624748,0.0,2,513
0,0.0,-0.004358655466034244,-0.01424431970018554,0,514
1,-4.595483564455193e-05,0.0,0.0070790921805222425,1,514
2,0.0,0.0001510699512849172,0.0,2,514
0,0.0,-0.004302606538989125,-0.014293711635395237,0,515
1,-4.623331289350614e-05,0.0,0.007040829057137389,1,515
2,0.0,0.00015114232649250452,0.0,2,515
0,0.0,-0.004298415413573209,-0.0142734351024795,0,516
1,-4.610286407105331e-05,0.0,0.007032188865274619,1,516
2,0.0,0.00015065364469083332,0.0,2,516
0,0.0,-0.004327928123476274,-0.014272670676385381,0,517
1,-4.6111042940776314e-05,0.0,0.0070411199528517925,1,517
2,0.0,0.00015066826185358362,0.0,2,517
0,0.0,-0.004326099921550778,-0.014255361349728688,0,518
1,-4.597262886689795e-05,0.0,0.007057568858538941,1,518
2,0.0,0.00015044604645574806,0.0,2,518
0,0.0,-0.0044884998341306066,-0.014276352702855025,0,519
1,-4.608943242314602e-05,0.0,0.007051282032679435,1,519
2,0.0,0.00015012887476436912,0.0,2,519
0,0.0,-0.004382943035311426,-0.014255886653308127,0,520
1,-4.5854151903802354e-05,0.0,0.007078050906683231,1,520
2,0.0,0.00015005399798488956,0.0,2,520
0,0.0,-0.004310903592555196,-0.014262789426345953,0,521
1,-4.5808780181198284e-05,0.0,0.00709055517267708,1,521
2,0.0,0.00015021823610000758,0.0,2,521
0,0.0,-0.004312124788352263,-0.014269580154674682,0,522
1,-4.5846800348942164e-05,0.0,0.007087399813024844,1,522
2,0.0,0.00015027388071153883,0.0,2,522
0,0.0,-0.004314691996337982,-0.014270675645529723,0,523
1,-4.5855221888122555e-05,0.0,0.007086472577760485,1,523
2,0.0,0.00015027988805490337,0.0,2,523
0,0.0,-0.004314691996337982,-0.014270675645529723,0,524
1,-4.5855221888122555e-05,0.0,0.007086472577760485,1,524
2,0.0,0.00015027988805490337,0.0,2,524
0,0.0,-0.004314691996337982,-0.014270675645529723,0,525
1,-4.5855221888122555e-05,0.0,0.007086472577760485,1,525
2,0.0,0.00015027988805490337,0.0,2,525
0,0.0,1.3392500142400319,1.9302396688202774,0,526
1,-0.9245928772047889,0.0,-0.48666437800046,1,526
2,0.0,2.105511439967714,0.0,2,526
0,0.0,0.2098047432137797,0.3171861339434074,0,527
1,-0.025255468286100324,0.0,-0.07299414756051106,1,527
2,0.0,0.056544165619133904,0.0,2,527
0,0.0,0.03391907906147488,0.04519492060188091,0,528
1,-0.0005302483746967957,0.0,-0.007256095944325057,1,528
2,0.0,0.0010919666382826659,0.0,2,528
0,0.0,0.002310738767913757,-0.003959658027234588,0,529
1,-3.814368095323323e-06,0.0,0.004599738081824083,1,529
2,0.0,2.754484764562784e-05,0.0,2,529
0,0.0,-0.002327893536393987,-0.011178400867927688,0,530
1,-2.7701290379320644e-05,0.0,0.006340704711906936,1,530
2,0.0,0.00010088849980927616,0.0,2,530
0,0.0,-0.004295642815478004,-0.011045043265506422,0,531
1,-2.7999428420849782e-05,0.0,0.00611013665647821,1,531
2,0.0,9.672421539739773e-05,0.0,2,531
0,0.0,-0.004155415080153305,-0.011151169819702631,0,532
1,-2.8428001930477262e-05,0.0,0.005990210074950985,1,532
2,0.0,9.658484673564976e-05,0.0,2,532
0,0.0,0.0,-0.011703437321382426,0,533
1,-2.9929811295739127e-05,0.0,0.004942474909364523,1,533
2,0.0,9.243190288881006e-05,0.0,2,533
0,0.0,-0.002009785249224756,-0.011511967213064056,0,534
1,-2.9252363319245952e-05,0.0,0.005283213884330554,1,534
2,0.0,9.338490548459668e-05,0.0,2,534
0,0.0,-0.0027002477423121044,-0.011495838221918317,0,535
1,-2.9406788385791576e-05,0.0,0.005362442177906995,1,535
2,0.0,9.39722581626908e-05,0.0,2,535
0,0.0,-0.005159401945876878,-0.008024871894468091,0,536
1,-1.600154943142893e-05,0.0,0.004156660489204789,1,536
2,0.0,4.879679286821927e-05,0.0,2,536
0,0.0,-0.0030873555980737537,-0.010949522034458495,0,537
1,-2.6889209837367906e-05,0.0,0.005172653680144396,1,537
2,0.0,8.586730239785312e-05,0.0,2,537
0,0.0,-0.003403253316502549,-0.010969857575732555,0,538
1,-2.71348850213464e-05,0.0,0.005322803231972255,1,538
2,0.0,8.754755267090819e-05,0.0,2,538
0,0.0,-0.003352254762989724,-0.01095799897464806,0,539
1,-2.7052793892851064e-05,0.0,0.00534564275335291,1,539
2,0.0,8.763871275698316e-05,0.0,2,539
0,0.0,-0.0032514677500797575,-0.010899112220463286,0,540
1,-2.6722222241252988e-05,0.0,0.005405373051262036,1,540
2,0.0,8.757048612964772e-05,0.0,2,540
0,0.0,-0.00326170436476492,-0.01089229231200025,0,541
1,-2.6694172743627662e-05,0.0,0.005411586882251016,1,541
2,0.0,8.755486798310842e-05,0.0,2,541
0,0.0,-0.0033046948509884923,-0.010878417935061514,0,542
1,-2.6646656537024225e-05,0.0,0.0054280773244336205,1,542
2,0.0,8.755679050082559e-05,0.0,2,542
0,0.0,-0.003333640439550362,-0.010872545232830252,0,543
1,-2.6630366344121374e-05,0.0,0.005437460905561572,1,543
2,0.0,8.757526094248118e-05,0.0,2,543
0,0.0,-0.0033957394878867493,-0.010862015502155271,0,544
1,-2.6602277106879754e-05,0.0,0.005456897175516855,1,544
2,0.0,8.761590630900572e-05,0.0,2,544
0,0.0,-0.0034760297071989264,-0.010849890164843338,0,545
1,-2.6565453122260353e-05,0.0,0.005481948477170328,1,545
2,0.0,8.764664916562403e-05,0.0,2,545
0,0.0,-0.0035800903662679693,-0.010837638120893167,0,546
1,-2.6513141172874848e-05,0.0,0.005514079253147738,1,546
2,0.0,8.762023448954182e-05,0.0,2,546
0,0.0,-0.0036416816644408434,-0.010835613273350092,0,547
1,-2.6445976179631255e-05,0.0,0.005536824100887387,1,547
2,0.0,8.741924211092358e-05,0.0,2,547
0,0.0,-0.0035490081650636127,-0.01086392389940074,0,548
1,-2.6415805784620208e-05,0.0,0.005524085522290111,1,548
2,0.0,8.707756763345083e-05,0.0,2,548
0,0.0,-0.0033662226115333594,-0.010846419183272869,0,549
1,-2.61808470170485e-05,0.0,0.0054503935064102406,1,549
2,0.0,8.587425810064434e-05,0.0,2,549
0,0.0,-0.0032885700826136154,-0.01088328804170105,0,550
1,-2.632379281760077e-05,0.0,0.005424458709341078,1,550
2,0.0,8.60538050782132e-05,0.0,2,550
0,0.0,-0.003242136462785176,-0.010914982261385455,0,551
1,-2.6461017787816477e-05,0.0,0.005416631741382792,1,551
2,0.0,8.636853256195636e-05,0.0,2,551
0,0.0,-0.0032391988983685766,-0.01091762775854769,0,552
1,-2.647176432369316e-05,0.0,0.005419434228473865,1,552
2,0.0,8.642357639667038e-05,0.0,2,552
0,0.0,-0.0032391988983685766,-0.01091762775854769,0,553
1,-2.647176432369316e-05,0.0,0.005419434228473865,1,553
2,0.0,8.642357639667038e-05,0.0,2,553
0,0.0,-0.004314691996337982,-0.014270675645529723,0,554
1,-4.5855221888122555e-05,0.0,0.007086472577760485,1,554
2,0.0,0.00015027988805490337,0.0,2,554
0,0.0,2.088144171204148,2.141106700623566,0,555
1,-1.2522089559727334,0.0,-0.6203885298816596,1,555
2,0.0,2.6160839267735834,0.0,2,555
0,0.0,0.3253910689385413,0.35555293886571554,0,556
1,-0.035371488092948405,0.0,-0.09351396541635952,1,556
2,0.0,0.0729017826259323,0.0,2,556
0,0.0,0.05424015151170718,0.05176910704811499,0,557
1,-0.0007996908509387634,0.0,-0.010835008215718126,1,557
2,0.0,0.0014774012577085203,0.0,2,557
0,0.0,0.009571557894308698,0.0013999833344994481,0,558
1,-7.077986690532713e-06,0.0,0.0028342388767797406,1,558
2,0.0,8.42104041800582e-06,0.0,2,558
0,0.0,0.0006554058197101822,-0.001282591068897916,0,559
1,-3.9072987568436035e-07,0.0,0.0031268671314049613,1,559
2,0.0,9.871373649915849e-06,0.0,2,559
0,0.0,-0.005203878913398943,-0.007111404297796565,0,560
1,-1.3018047706623157e-05,0.0,0.004130702624342181,1,560
2,0.0,4.156474169585291e-05,0.0,2,560
0,0.0,-0.001594180777124479,-0.006032821415566683,0,561
1,-8.13864066466952e-06,0.0,0.003689376750716123,1,561
2,0.0,3.114340057095797e-05,0.0,2,561
0,0.0,-0.0019263817131665608,-0.006584092381629924,0,562
1,-9.743509119589396e-06,0.0,0.0037345324663326063,1,562
2,0.0,3.500146646097573e-05,0.0,2,562
0,0.0,-0.00214195551835185,-0.006817782028591734,0,563
1,-1.0491451859498572e-05,0.0,0.0036533614014593826,1,563
2,0.0,3.6044740839931315e-05,0.0,2,563
0,0.0,-0.0024269792690317935,-0.0071409396380296706,0,564
1,-1.1571199025977851e-05,0.0,0.0033961384640093482,1,564
2,0.0,3.666889079231366e-05,0.0,2,564
0,0.0,-0.0026519900235981845,-0.007378199877226249,0,565
1,-1.240572273999681e-05,0.0,0.0030766529733261567,1,565
2,0.0,3.651146837738274e-05,0.0,2,565
0,0.0,0.0,-0.0077437220101364305,0,566
1,-1.3098578934145194e-05,0.0,0.0024985587086503646,1,566
2,0.0,3.6337992797279426e-05,0.0,2,566
0,0.0,-0.0007514072740501459,-0.007282571077269039,0,567
1,-1.162556173869633e-05,0.0,0.0026512557140431357,1,567
2,0.0,3.35292263668977e-05,0.0,2,567
0,0.0,-0.00141422648086622,-0.005672479394340149,0,568
1,-7.1712007324973605e-06,0.0,0.0027206548136669275,1,568
2,0.0,2.322776688546797e-05,0.0,2,568
0,0.0,-0.0016563957069507473,-0.006335199291639964,0,569
1,-8.963269501203645e-06,0.0,0.0030299688913462026,1,569
2,0.0,2.8926543254414917e-05,0.0,2,569
0,0.0,-0.0019579039730941326,-0.006743659904045939,0,570
1,-1.0209143936018998e-05,0.0,0.003267096446123675,1,570
2,0.0,3.3028069503985205e-05,0.0,2,570
0,0.0,-0.001980989446693343,-0.006676901134634049,0,571
1,-1.0019945725751279e-05,0.0,0.0032545241721076423,1,571
2,0.0,3.249510825553154e-05,0.0,2,571
0,0.0,-0.0020104953234756015,-0.006654053921522731,0,572
1,-9.961810581221334e-06,0.0,0.0032654525113755837,1,572
2,0.0,3.240485085319822e-05,0.0,2,572
0,0.0,-0.0020345092593271347,-0.006630007808744651,0,573
1,-9.898701106947713e-06,0.0,0.0032892958536202784,1,573
2,0.0,3.2384428146528966e-05,0.0,2,573
0,0.0,-0.0020236639709017025,-0.006615874916437337,0,574
1,-9.854011509863269e-06,0.0,0.003310229456222851,1,574
2,0.0,3.2413693815807645e-05,0.0,2,574
0,0.0,-0.0019821565066929885,-0.00660136985743632,0,575
1,-9.798469120277214e-06,0.0,0.0033394053345627284,1,575
2,0.0,3.248763658583977e-05,0.0,2,575
0,0.0,-0.0019268258650387876,-0.00659169011254762,0,576
1,-9.751571595871243e-06,0.0,0.003373096718220215,1,576
2,0.0,3.261595848580688e-05,0.0,2,576
0,0.0,-0.001843434127760766,-0.006582835911528916,0,577
1,-9.694702918163118e-06,0.0,0.003422814523158655,1,577
2,0.0,3.2828318632983786e-05,0.0,2,577
0,0.0,-0.0017244861861228672,-0.006575161227159988,0,578
1,-9.620094146827813e-06,0.0,0.0034936608505215924,1,578
2,0.0,3.3126047840186634e-05,0.0,2,578
0,0.0,-0.0015891131614799662,-0.006571886316085726,0,579
1,-9.529034338323924e-06,0.0,0.003573070281120312,1,579
2,0.0,3.338584697852138e-05,0.0,2,579
0,0.0,-0.001544972399840493,-0.006581733555750863,0,580
1,-9.461453588252368e-06,0.0,0.0036059274434073136,1,580
2,0.0,3.325841312648401e-05,0.0,2,580
0,0.0,-0.0008976969946163526,-0.00650418554269131,0,581
1,-9.045627916636969e-06,0.0,0.0033430393031932517,1,581
2,0.0,3.072402404855967e-05,0.0,2,581
0,0.0,-0.0012725705953300635,-0.006549331956872894,0,582
1,-9.278731239739162e-06,0.0,0.003495769911579767,1,582
2,0.0,3.217339658896451e-05,0.0,2,582
0,0.0,-0.001628475305696982,-0.006612141927599759,0,583
1,-9.474837549211707e-06,0.0,0.003451021606868707,1,583
2,0.0,3.204984767389395e-05,0.0,2,583
0,0.0,-0.0018991433390208009,-0.006675501848530203,0,584
1,-9.711549911946372e-06,0.0,0.0033568453012074845,1,584
2,0.0,3.184233783618859e-05,0.0,2,584
0,0.0,-0.001936632621595198,-0.006686347445261331,0,585
1,-9.759984408035164e-06,0.0,0.0033242871368684254,1,585
2,0.0,3.175241277600725e-05,0.0,2,585
0,0.0,-0.001935548264554537,-0.006685879233926197,0,586
1,-9.760930627175998e-06,0.0,0.00331983473571097,1,586
2,0.0,3.173448141760993e-05,0.0,2,586
0,0.0,-0.001934757958662602,-0.006685789787881773,0,587
1,-9.760617630390333e-06,0.0,0.003319883901949442,1,587
2,0.0,3.1734903813798784e-05,0.0,2,587
0,0.0,-0.001934757958662602,-0.006685789787881773,0,588
1,-9.760617630390333e-06,0.0,0.003319883901949442,1,588
2,0.0,3.1734903813798784e-05,0.0,2,588
0,0.0,-0.001934757958662602,-0.006685789787881773,0,589
1,-9.760617630390333e-06,0.0,0.003319883901949442,1,589
2,0.0,3.1734903813798784e-05,0.0,2,589
0,0.0,1.2553860283474163,2.0137439828479367,0,590
1,-0.9423354109821527,0.0,-0.5056682164767469,1,590
2,0.0,2.155713683099621,0.0,2,590
0,0.0,0.19876508921093256,0.33479912007763324,0,591
1,-0.02666886417983381,0.0,-0.07855830867022137,1,591
2,0.0,0.060560673605845355,0.0,2,591
0,0.0,0.032695679422083054,0.052412766081607484,0,592
1,-0.0006606711576274975,0.0,-0.010827137038953272,1,592
2,0.0,0.0014522495618026652,0.0,2,592
0,0.0,0.004668030245794368,0.004585422545520755,0,593
1,-6.038769195396079e-06,0.0,0.0006219363117885927,1,593
2,0.0,1.0656692692168152e-05,0.0,2,593
0,0.0,-0.0008963037790475344,-0.00491302130520512,0,594
1,-5.182765563651236e-06,0.0,0.002895544696737846,1,594
2,0.0,1.930306716211337e-05,0.0,2,594
0,0.0,-0.0019227781216207642,-0.005143737027502873,0,595
1,-5.884441146019197e-06,0.0,0.0028515884888946864,1,595
2,0.0,2.021591586662283e-05,0.0,2,595
0,0.0,-0.001834319211442138,-0.005297451961820615,0,596
1,-6.201166470580105e-06,0.0,0.0028192309905966492,1,596
2,0.0,2.0839553163470604e-05,0.0,2,596
0,0.0,-0.0010585614546236319,-0.005625410508399935,0,597
1,-6.799500950205548e-06,0.0,0.0026313070245096134,1,597
2,0.0,2.168395948863363e-05,0.0,2,597
0,0.0,-0.0010558557204321589,-0.005551208759367166,0,598
1,-6.62299287940399e-06,0.0,0.002569345017193264,1,598
2,0.0,2.0990228709863515e-05,0.0,2,598
0,0.0,-0.001020837644685976,-0.0035973447139610736,0,599
1,-2.8226221485579217e-06,0.0,0.0017457310841985686,1,599
2,0.0,9.059310996147105e-06,0.0,2,599
0,0.0,-0.001048543484852653,-0.005143228788574324,0,600
1,-5.6955097496444706e-06,0.0,0.002397368173221304,1,600
2,0.0,1.8089787823568283e-05,0.0,2,600
0,0.0,-0.0009813095436870514,-0.004115486884729771,0,601
1,-3.66535011748824e-06,0.0,0.0019770969369890075,1,601
2,0.0,1.1786036182003383e-05,0.0,2,601
0,0.0,-0.001046768037660174,-0.005116089779794019,0,602
1,-5.636125497765714e-06,0.0,0.0023862702710483507,1,602
2,0.0,1.790596242474406e-05,0.0,2,602
0,0.0,-0.0013790729761077008,-0.005230340655878397,0,603
1,-5.945299455870215e-06,0.0,0.0024650677744325914,1,603
2,0.0,1.882588696690063e-05,0.0,2,603
0,0.0,-0.001509375450239959,-0.005155226836413047,0,604
1,-5.806857427270331e-06,0.0,0.00248521756840999,1,604
2,0.0,1.853207623755181e-05,0.0,2,604
0,0.0,-0.0014995469909403485,-0.005134630036054538,0,605
1,-5.759712745444117e-06,0.0,0.002493054822129309,1,605
2,0.0,1.8462828374169153e-05,0.0,2,605
0,0.0,-0.0014723918634569687,-0.005100448399123884,0,606
1,-5.679562691283984e-06,0.0,0.0025254812180534815,1,606
2,0.0,1.8435965514204726e-05,0.0,2,606
0,0.0,-0.0014720965266217974,-0.005101733811604224,0,607
1,-5.682258202911294e-06,0.0,0.0025334077220451777,1,607
2,0.0,1.8477985365206462e-05,0.0,2,607
0,0.0,-0.001474236995716044,-0.005103635760870094,0,608
1,-5.686796142881178e-06,0.0,0.0025361317204518593,1,608
2,0.0,1.8499627549796813e-05,0.0,2,608
0,0.0,-0.0014775930360434453,-0.005106048352969299,0,609
1,-5.692644895612384e-06,0.0,0.002539103211903613,1,609
2,0.0,1.8524704106653354e-05,0.0,2,609
0,0.0,-0.0014828561164733406,-0.0051095673510929765,0,610
1,-5.7011395181903e-06,0.0,0.0025432905359757106,1,610
2,0.0,1.856010595638775e-05,0.0,2,610
0,0.0,-0.001491518731492961,-0.005115312405701137,0,611
1,-5.714725913174931e-06,0.0,0.0025498396523466636,1,611
2,0.0,1.8615273544408296e-05,0.0,2,611
0,0.0,-0.0015040360660399479,-0.005123794947063832,0,612
1,-5.733941170644259e-06,0.0,0.0025593311761474002,1,612
2,0.0,1.8692386535452944e-05,0.0,2,612
0,0.0,-0.0015194261828000415,-0.00513498104627551,0,613
1,-5.757046413856334e-06,0.0,0.0025709370875423394,1,613
2,0.0,1.8780961901247547e-05,0.0,2,613
0,0.0,-0.0015262674764330538,-0.005143633487290717,0,614
1,-5.768501801499647e-06,0.0,0.0025792119651391393,1,614
2,0.0,1.8822460834495107e-05,0.0,2,614
0,0.0,-0.001520035612581534,-0.00513541636843996,0,615
1,-5.738079054796065e-06,0.0,0.0025723047543319026,1,615
2,0.0,1.8699635400991694e-05,0.0,2,615
0,0.0,-0.0013011568141244134,-0.005164807055097656,0,616
1,-5.750029801360278e-06,0.0,0.002560770818045852,1,616
2,0.0,1.8761660535279548e-05,0.0,2,616
0,0.0,-0.0014613377644342395,-0.005143292914026905,0,617
1,-5.740571061367452e-06,0.0,0.002569214313229193,1,617
2,0.0,1.8716175647246204e-05,0.0,2,617
0,0.0,-0.0014704586566922997,-0.005123952061979925,0,618
1,-5.6970131275735155e-06,0.0,0.002549021785821245,1,618
2,0.0,1.8512264169019635e-05,0.0,2,618
0,0.0,-0.0014678449130007484,-0.005110783186408306,0,619
1,-5.668508564670445e-06,0.0,0.0025373502287656933,1,619
2,0.0,1.8396445089640526e-05,0.0,2,619
0,0.0,-0.0014657869577283792,-0.005109030959462546,0,620
1,-5.664904174699014e-06,0.0,0.0025363809952144564,1,620
2,0.0,1.83861069656222e-05,0.0,2,620
0,0.0,-0.0014657869577283792,-0.005109030959462546,0,621
1,-5.664904174699014e-06,0.0,0.0025363809952144564,1,621
2,0.0,1.83861069656222e-05,0.0,2,621
0,0.0,-0.001934757958662602,-0.006685789787881773,0,622
1,-9.760617630390333e-06,0.0,0.003319883901949442,1,622
2,0.0,3.1734903813798784e-05,0.0,2,622
0,0.0,2.0164686381511805,2.247676225578367,0,623
1,-1.2834051956021137,0.0,-0.6509091543256234,1,623
2,0.0,2.713654705355868,0.0,2,623
0,0.0,0.3162183157411417,0.37668179692693604,0,624
1,-0.03733198044488832,0.0,-0.10059993140531724,1,624
2,0.0,0.078659241009528,0.0,2,624
0,0.0,0.05267619116219001,0.05936627548988983,0,625
1,-0.0009489718136520778,0.0,-0.014542700323164954,1,625
2,0.0,0.0019175366713336177,0.0,2,625
0,0.0,0.008804343576723238,0.006307178266613325,0,626
1,-1.4047148870003242e-05,0.0,-0.00019356156743077514,1,626
2,0.0,1.954374816169105e-05,0.0,2,626
0,0.0,0.0025161709779537643,-0.0013005258783260923,0,627
1,-8.165413388036968e-07,0.0,0.0018636525957140499,1,627
2,0.0,3.922263998713035e-06,0.0,2,627
0,0.0,0.00022718145836520055,-0.0018745563087822054,0,628
1,-7.49794142371444e-07,0.0,0.0018868066695506742,1,628
2,0.0,4.893407402751946e-06,0.0,2,628
0,0.0,-0.0017937156734389298,-0.0032213430710956027,0,629
1,-2.4356432541445966e-06,0.0,0.0019391411514103206,1,629
2,0.0,8.43739577375772e-06,0.0,2,629
0,0.0,-0.000952607240393704,-0.0029975505575527647,0,630
1,-1.9732601315291005e-06,0.0,0.001839207521951238,1,630
2,0.0,7.418647048192958e-06,0.0,2,630
0,0.0,-0.0008985304477004439,-0.003092432077716316,0,631
1,-2.088702807039301e-06,0.0,0.0017804745316601241,1,631
2,0.0,7.512693468446836e-06,0.0,2,631
0,0.0,-0.0009477530691048381,-0.0032922237989986385,0,632
1,-2.3660651395159125e-06,0.0,0.0015468486727179766,1,632
2,0.0,7.445946153273751e-06,0.0,2,632
0,0.0,-0.0009431057755220064,-0.0033714148143109755,0,633
1,-2.4774218789312748e-06,0.0,0.0014442381391907497,1,633
2,0.0,7.4312609411009485e-06,0.0,2,633
0,0.0,0.0,-0.003006165527176396,0,634
1,-1.9183234539205226e-06,0.0,0.0009729018079302656,1,634
2,0.0,5.273430238323508e-06,0.0,2,634
0,0.0,-0.0003622960320666977,-0.003109654871966795,0,635
1,-2.062171512507807e-06,0.0,0.0011800023175986489,1,635
2,0.0,5.980726029214458e-06,0.0,2,635
0,0.0,-0.0008910002949491431,-0.0032695186699647064,0,636
1,-2.3265422777975e-06,0.0,0.0014252245327374513,1,636
2,0.0,7.04955245588687e-06,0.0,2,636
0,0.0,-0.0009263136393128505,-0.0031933674429984638,0,637
1,-2.2266960762120394e-06,0.0,0.001433940359145603,1,637
2,0.0,6.830392919219032e-06,0.0,2,637
0,0.0,-0.0009757358899899413,-0.0031256146036058316,0,638
1,-2.1425925678745783e-06,0.0,0.0014983198358379953,1,638
2,0.0,6.78848220476446e-06,0.0,2,638
0,0.0,-0.0009005293045063715,-0.003103724316485028,0,639
1,-2.1034338298132146e-06,0.0,0.0015403012934076638,1,639
2,0.0,6.8351121550083926e-06,0.0,2,639
0,0.0,-0.0008966974364479325,-0.0031084116636062955,0,640
1,-2.1091094168193385e-06,0.0,0.001544911642550359,1,640
2,0.0,6.862016127679521e-06,0.0,2,640
0,0.0,-0.0008945995505541206,-0.0031102780757342645,0,641
1,-2.111291520571569e-06,0.0,0.001545642980236859,1,641
2,0.0,6.869673649797566e-06,0.0,2,641
0,0.0,-0.0008884116045670848,-0.0031160505549657565,0,642
1,-2.1180610547737837e-06,0.0,0.0015477613841923317,1,642
2,0.0,6.89285000085901e-06,0.0,2,642
0,0.0,-0.0008804430838019069,-0.0031234439712205194,0,643
1,-2.1266816241808133e-06,0.0,0.0015504350327850832,1,643
2,0.0,6.9221589691337636e-06,0.0,2,643
0,0.0,-0.0008661387146608849,-0.003136372203923338,0,644
1,-2.1415827449988048e-06,0.0,0.0015549422001306507,1,644
2,0.0,6.972195261544472e-06,0.0,2,644
0,0.0,-0.0008451018251772536,-0.003155350209590551,0,645
1,-2.1631030563317643e-06,0.0,0.001561502064049893,1,645
2,0.0,7.043495765326902e-06,0.0,2,645
0,0.0,-0.0008163578815945631,-0.003181451269092673,0,646
1,-2.1916600972077887e-06,0.0,0.0015705974028707422,1,646
2,0.0,7.136193528586781e-06,0.0,2,646
0,0.0,-0.0007905881537811725,-0.0032061605066188,0,647
1,-2.215595535751169e-06,0.0,0.0015793947145321876,1,647
2,0.0,7.20913867509534e-06,0.0,2,647
0,0.0,-0.0007912794829387624,-0.0032045070935436105,0,648
1,-2.203759206361715e-06,0.0,0.0015797022082556416,1,648
2,0.0,7.162016253359128e-06,0.0,2,648
0,0.0,-0.0009083500450583002,-0.003156484729221401,0,649
1,-2.147142424458618e-06,0.0,0.0015894936002293883,1,649
2,0.0,7.011319180948574e-06,0.0,2,649
0,0.0,-0.0008619407206184741,-0.003122741630105925,0,650
1,-2.096086480258473e-06,0.0,0.0015709018257070466,1,650
2,0.0,6.8545249461308385e-06,0.0,2,650
0,0.0,-0.0008693035904592087,-0.0031119723910521036,0,651
1,-2.0839411829300237e-06,0.0,0.001561816901534426,1,651
2,0.0,6.8017442797253675e-06,0.0,2,651
0,0.0,-0.0008808484460287032,-0.003112742764876018,0,652
1,-2.0868272464298015e-06,0.0,0.001555488051622328,1,652
2,0.0,6.788660883927313e-06,0.0,2,652
0,0.0,-0.0008858904744773689,-0.003116810662713182,0,653
1,-2.092769259057509e-06,0.0,0.0015504833627804197,1,653
2,0.0,6.787200544831841e-06,0.0,2,653
0,0.0,-0.0008854235661187734,-0.0031191258657922378,0,654
1,-2.0955818586183107e-06,0.0,0.0015489792572881207,1,654
2,0.0,6.78939126461037e-06,0.0,2,654
0,0.0,-0.0008854235661187734,-0.0031191258657922378,0,655
1,-2.0955818586183107e-06,0.0,0.0015489792572881207,1,655
2,0.0,6.78939126461037e-06,0.0,2,655
0,0.0,-0.0008854235661187734,-0.0031191258657922378,0,656
1,-2.0955818586183107e-06,0.0,0.0015489792572881207,1,656
2,0.0,6.78939126461037e-06,0.0,2,656
0,0.0,1.2290837254783162,2.0586978072695254,0,657
1,-0.9579944347022239,0.0,-0.5166567092935576,1,657
2,0.0,2.192462362509537,0.0,2,657
0,0.0,0.1954931873306366,0.3440564466886876,0,658
1,-0.027552604523783098,0.0,-0.08148015891143691,1,658
2,0.0,0.06284841778922108,0.0,2,658
0,0.0,0.032375244271741876,0.05581328093855569,0,659
1,-0.0007285494253162187,0.0,-0.01252237575814303,1,659
2,0.0,0.001638582796718693,0.0,2,659
0,0.0,0.0051618544790006165,0.007597301891023753,0,660
1,-1.4018711100851677e-05,0.0,-0.001009664618184447,1,660
2,0.0,2.8703902905989727e-05,0.0,2,660
0,0.0,2.9672672297345314e-05,-0.00149744115010374,0,661
1,-4.70027087876438e-07,0.0,0.0011617883470254593,1,661
2,0.0,2.262806013012867e-06,0.0,2,661
0,0.0,-0.0005043220617931938,-0.0024437566606063917,0,662
1,-1.269979426279546e-06,0.0,0.0013877291812160633,1,662
2,0.0,4.564400937580782e-06,0.0,2,662
0,0.0,-0.000878231177591188,-0.0024187799051127957,0,663
1,-1.2817997339689465e-06,0.0,0.0013359199112410846,1,663
2,0.0,4.382267272912451e-06,0.0,2,663
0,0.0,-0.0008751918995527465,-0.002439366308003186,0,664
1,-1.3023761016411957e-06,0.0,0.0013001260350592831,1,664
2,0.0,4.3477955682034464e-06,0.0,2,664
0,0.0,0.0,-0.00240204514281711,0,665
1,-1.2092691795887213e-06,0.0,0.0010605367462788826,1,665
2,0.0,3.7652397519557956e-06,0.0,2,665
0,0.0,-0.00031225653660874974,-0.0024662769914128345,0,666
1,-1.2818379053636682e-06,0.0,0.0011380906501068727,1,666
2,0.0,4.065275606839537e-06,0.0,2,666
0,0.0,-0.0006165557019452004,-0.0024507356267099824,0,667
1,-1.2862013573349016e-06,0.0,0.001170635038127533,1,667
2,0.0,4.0942759226073426e-06,0.0,2,667
0,0.0,-0.0006796565151504514,-0.0024164834227056583,0,668
1,-1.257157853790778e-06,0.0,0.001164229953099098,1,668
2,0.0,4.000848699374668e-06,0.0,2,668
0,0.0,-0.0006883156516575892,-0.0023956972987267946,0,669
1,-1.2370471771573272e-06,0.0,0.001163122626333426,1,669
2,0.0,3.950394269552746e-06,0.0,2,669
0,0.0,-0.0006848588660347272,-0.0023851165150337826,0,670
1,-1.2261020904480025e-06,0.0,0.0011683947135551704,1,670
2,0.0,3.936785592846675e-06,0.0,2,670
0,0.0,-0.0006768044366211401,-0.0023780993914171325,0,671
1,-1.218304148743473e-06,0.0,0.0011789746828931747,1,671
2,0.0,3.942428846252879e-06,0.0,2,671
0,0.0,-0.0006746825830267577,-0.0023794109772159616,0,672
1,-1.219403766271883e-06,0.0,0.0011817955474467923,1,672
2,0.0,3.9512628232836265e-06,0.0,2,672
0,0.0,-0.0006744087822792417,-0.0023802080503991965,0,673
1,-1.220171018849464e-06,0.0,0.001182180238385652,1,673
2,0.0,3.953881894637432e-06,0.0,2,673
0,0.0,-0.0006744087822792417,-0.0023802080503991965,0,674
1,-1.220171018849464e-06,0.0,0.001182180238385652,1,674
2,0.0,3.953881894637432e-06,0.0,2,674
0,0.0,-0.0008854235661187734,-0.0031191258657922378,0,675
1,-2.0955818586183107e-06,0.0,0.0015489792572881207,1,675
2,0.0,6.78939126461037e-06,0.0,2,675
0,0.0,1.9864683447713343,2.2965526417121236,0,676
1,-1.2986839355077087,0.0,-0.6650642740337575,1,676
2,0.0,2.7578181428877517,0.0,2,676
0,0.0,0.3123929994314132,0.38643009051395366,0,677
1,-0.038277858191194836,0.0,-0.10390173414026804,1,677
2,0.0,0.0813395085354464,0.0,2,677
0,0.0,0.05201040159885042,0.0628514662508975,0,678
1,-0.001023063173586291,0.0,-0.016267279428340123,1,678
2,0.0,0.002135484659367873,0.0,2,678
0,0.0,0.008700103365262548,0.008837859041274928,0,679
1,-2.1828617593543077e-05,0.0,-0.001679940472648411,1,679
2,0.0,4.0107169813829794e-05,0.0,2,679
0,0.0,0.0016557771381382853,5.083081463438321e-05,0,680
1,-1.9822669015471007e-07,0.0,0.0006929517314473235,1,680
2,0.0,4.218986969123381e-07,0.0,2,680
0,0.0,0.00020829042600896993,-0.00045087241014110907,0,681
1,-4.5734521916626896e-08,0.0,0.0007481071886691262,1,681
2,0.0,5.882283200208454e-07,0.0,2,681
0,0.0,-0.0010861644058131979,-0.0017876857618726466,0,682
1,-7.548689613968048e-07,0.0,0.0009464349679288523,1,682
2,0.0,2.3244803664258353e-06,0.0,2,682
0,0.0,-0.00025448580499768845,-0.0012409528851567938,0,683
1,-3.2742642232122645e-07,0.0,0.0008188280741293726,1,683
2,0.0,1.3293346648094589e-06,0.0,2,683
0,0.0,-0.0003920762059241209,-0.0014049279828981345,0,684
1,-4.247718925851668e-07,0.0,0.000828672714925376,1,684
2,0.0,1.5525810906325955e-06,0.0,2,684
0,0.0,-0.0004597325048943772,-0.001485040802383707,0,685
1,-4.774512933572169e-07,0.0,0.0008073367763582369,1,685
2,0.0,1.6335523179619523e-06,0.0,2,685
0,0.0,-0.0004924864520971245,-0.0015332414911681694,0,686
1,-5.10190913239828e-07,0.0,0.0007677802178111215,1,686
2,0.0,1.6490635506519313e-06,0.0,2,686
0,0.0,-0.0005298238786505811,-0.0015919961050136998,0,687
1,-5.514256706052774e-07,0.0,0.0006860201427699885,1,687
2,0.0,1.633399301004503e-06,0.0,2,687
0,0.0,0.0,-0.0016599924060421625,0,688
1,-5.775224304210137e-07,0.0,0.0005816335343965984,1,688
2,0.0,1.6239943168642995e-06,0.0,2,688
0,0.0,-0.00019200489351085096,-0.0015755466950734007,0,689
1,-5.229171486613301e-07,0.0,0.00061846945324423,1,689
2,0.0,1.5310795497646976e-06,0.0,2,689
0,0.0,-0.0003041265170775674,-0.0014621893444332922,0,690
1,-4.547563632919011e-07,0.0,0.0006844598398277691,1,690
2,0.0,1.440482684978613e-06,0.0,2,690
0,0.0,-0.0003436584571374505,-0.0013078411886261827,0,691
1,-3.669908359517726e-07,0.0,0.0007374112679962679,1,691
2,0.0,1.3004187225698853e-06,0.0,2,691
0,0.0,-0.00037541604678177485,-0.0013608252868434266,0,692
1,-3.982709084587969e-07,0.0,0.0007366917256589714,1,692
2,0.0,1.3676113384230926e-06,0.0,2,692
0,0.0,-0.00040814435184861626,-0.001399900941284809,0,693
1,-4.2272876209018983e-07,0.0,0.000750832977359981,1,693
2,0.0,1.4380118669493809e-06,0.0,2,693
0,0.0,-0.00040609972494662106,-0.001427486687034456,0,694
1,-4.3895469438119794e-07,0.0,0.0007497858859301504,1,694
2,0.0,1.4742116518420776e-06,0.0,2,694
0,0.0,-0.000397353855235915,-0.0014432893044963228,0,695
1,-4.479552648759731e-07,0.0,0.0007404719723552969,1,695
2,0.0,1.4839075177652533e-06,0.0,2,695
0,0.0,-0.00039614714041164316,-0.0014519281761023403,0,696
1,-4.531272203554196e-07,0.0,0.0007262909271886081,1,696
2,0.0,1.4777332645022556e-06,0.0,2,696
0,0.0,-0.00040617725560029486,-0.0014508960015639856,0,697
1,-4.530785339062116e-07,0.0,0.0007201183256957844,1,697
2,0.0,1.4684644347914324e-06,0.0,2,697
0,0.0,-0.00041028842086229063,-0.0014497858595471126,0,698
1,-4.5264515656147143e-07,0.0,0.0007195003581248737,1,698
2,0.0,1.4661313496060071e-06,0.0,2,698
0,0.0,-0.0004112869792705709,-0.001449479542393753,0,699
1,-4.5251783321581034e-07,0.0,0.0007195414252037899,1,699
2,0.0,1.4657536862696419e-06,0.0,2,699
0,0.0,-0.0004112869792705709,-0.001449479542393753,0,700
1,-4.5251783321581034e-07,0.0,0.0007195414252037899,1,700
2,0.0,1.4657536862696419e-06,0.0,2,700
0,0.0,-0.0004112869792705709,-0.001449479542393753,0,701
1,-4.5251783321581034e-07,0.0,0.0007195414252037899,1,701
2,0.0,1.4657536862696419e-06,0.0,2,701
0,0.0,1.2424717328643404,2.0845335222870824,0,702
1,-0.9732269225291853,0.0,-0.5225400750442825,1,702
2,0.0,2.2188437465812267,0.0,2,702
0,0.0,0.19877086685412862,0.3491978306622754,0,703
1,-0.02834987770444815,0.0,-0.0829763558604103,1,703
2,0.0,0.06463908458606231,0.0,2,703
0,0.0,0.03304013205626947,0.05751013194319113,0,704
1,-0.0007717768691228675,0.0,-0.013331921313924747,1,704
2,0.0,0.0017488646386605614,0.0,2,704
0,0.0,0.005427379707308383,0.008841186233914456,0,705
1,-1.850563499062724e-05,0.0,-0.0017328858584861153,1,705
2,0.0,4.028899661005188e-05,0.0,2,705
0,0.0,0.0007083093709046098,0.0005237913846309819,0,706
1,-9.367433858596744e-08,0.0,0.0002492795879013082,1,706
2,0.0,1.8661392083534498e-07,0.0,2,706
0,0.0,-0.00021128009678682635,-0.0010969713594097,0,707
1,-2.554130352900472e-07,0.0,0.0006355330885947046,1,707
2,0.0,9.335621717870216e-07,0.0,2,707
0,0.0,-0.00040769221163020574,-0.001118787853828087,0,708
1,-2.743100223200334e-07,0.0,0.0006191214701804632,1,708
2,0.0,9.38814053340514e-07,0.0,2,708
0,0.0,-0.00040278969025927283,-0.0011427322815233778,0,709
1,-2.853721933063436e-07,0.0,0.0006083183913209931,1,709
2,0.0,9.532870183119194e-07,0.0,2,709
0,0.0,-0.00011591584548468413,-0.0012331282052607476,0,710
1,-3.196520436541888e-07,0.0,0.0005392987739077491,1,710
2,0.0,9.873696743679856e-07,0.0,2,710
0,0.0,-0.00020870031746077165,-0.0011946751700323123,0,711
1,-3.0225844710830924e-07,0.0,0.0005433891469944151,1,711
2,0.0,9.46271399177511e-07,0.0,2,711
0,0.0,-0.00030668925005778293,-0.0011437651684139934,0,712
1,-2.8094918509191387e-07,0.0,0.0005361538550040305,1,712
2,0.0,8.820704155298826e-07,0.0,2,712
0,0.0,-0.00032710978497480896,-0.0011187782820149175,0,713
1,-2.700339990119783e-07,0.0,0.0005411304886162896,1,713
2,0.0,8.59528671868265e-07,0.0,2,713
0,0.0,-0.0003199544442445106,-0.0011126292045248102,0,714
1,-2.6682433112974564e-07,0.0,0.0005417589049498278,1,714
2,0.0,8.535132967913188e-07,0.0,2,714
0,0.0,-0.00031171877258013176,-0.0011061658985957656,0,715
1,-2.634433603155828e-07,0.0,0.0005449909250131017,1,715
2,0.0,8.496792501763154e-07,0.0,2,715
0,0.0,-0.0003107600124307244,-0.0011051496323274887,0,716
1,-2.6292909147744227e-07,0.0,0.000547401448786635,1,716
2,0.0,8.509020251249831e-07,0.0,2,716
0,0.0,-0.0003120733430381557,-0.0011052821282682332,0,717
1,-2.630489199985498e-07,0.0,0.0005492280922474766,1,717
2,0.0,8.527954622261623e-07,0.0,2,717
0,0.0,-0.000313111969037905,-0.0011054330367854118,0,718
1,-2.63165104788647e-07,0.0,0.000549801570601479,1,718
2,0.0,8.535058295865653e-07,0.0,2,718
0,0.0,-0.000313111969037905,-0.0011054330367854118,0,719
1,-2.63165104788647e-07,0.0,0.000549801570601479,1,719
2,0.0,8.535058295865653e-07,0.0,2,719
0,0.0,-0.0004112869792705709,-0.001449479542393753,0,720
1,-4.5251783321581034e-07,0.0,0.0007195414252037899,1,720
2,0.0,1.4657536862696419e-06,0.0,2,720
0,0.0,1.988708513212625,2.3066549221383665,0,721
1,-1.3041987715701566,0.0,-0.6679985355477034,1,721
2,0.0,2.768004493665644,0.0,2,721
0,0.0,0.3133087644782042,0.3888690334706266,0,722
1,-0.03869183702815593,0.0,-0.1048840668941859,1,722
2,0.0,0.08235232321669345,0.0,2,722
0,0.0,0.05215131835256323,0.06411530673058437,0,723
1,-0.00105762147062351,0.0,-0.016978069749095784,1,723
2,0.0,0.0022330624093202557,0.0,2,723
0,0.0,0.008716291180824395,0.00993714650520272,0,724
1,-2.6173428657049558e-05,0.0,-0.002353796105811231,1,724
2,0.0,5.2428660188718594e-05,0.0,2,724
0,0.0,0.0014576410508138683,0.0008820223399205624,0,725
1,-3.162474215433703e-07,0.0,9.025247388337514e-05,1,725
2,0.0,3.8194755636671924e-07,0.0,2,725
0,0.0,0.00036985906726927224,-0.0004749929049972815,0,726
1,-5.71482775623254e-08,0.0,0.0004565205658659689,1,726
2,0.0,2.912628692752161e-07,0.0,2,726
0,0.0,-1.4527583712963607e-05,-0.0005254115760273499,0,727
1,-5.7870701666002865e-08,0.0,0.0004438237421601517,1,727
2,0.0,3.055498693539023e-07,0.0,2,727
0,0.0,-0.0002773207576955656,-0.0006305465678730561,0,728
1,-8.887116569167607e-08,0.0,0.0004208226122882413,1,728
2,0.0,3.4668057006471753e-07,0.0,2,728
0,0.0,-0.0002559407256949289,-0.0006660844737679335,0,729
1,-9.770629589370065e-08,0.0,0.0003991963939402024,1,729
2,0.0,3.533463762416454e-07,0.0,2,729
0,0.0,-0.00019841616113307358,-0.0007102790675369959,0,730
1,-1.0856971667788494e-07,0.0,0.00034979471257537913,1,730
2,0.0,3.5023935854118946e-07,0.0,2,730
0,0.0,-0.00018985301016641266,-0.0007189366214214719,0,731
1,-1.1092303689147532e-07,0.0,0.0003280958296297303,1,731
2,0.0,3.4331496556986654e-07,0.0,2,731
0,0.0,0.0,-0.0007378344832196171,0,732
1,-1.1409283744896881e-07,0.0,0.00026713920081364133,1,732
2,0.0,3.2479174852356824e-07,0.0,2,732
0,0.0,-9.420441214916035e-05,-0.0007179962443209047,0,733
1,-1.0868002993853343e-07,0.0,0.00028846793885613627,1,733
2,0.0,3.2125826297583267e-07,0.0,2,733
0,0.0,-0.0001672731217058615,-0.000684538830022356,0,734
1,-1.002231739665046e-07,0.0,0.00032950469668172186,1,734
2,0.0,3.2086435704753486e-07,0.0,2,734
0,0.0,-0.00019085742194573004,-0.0006580474551958818,0,735
1,-9.337785914327537e-08,0.0,0.00037005667919107107,1,735
2,0.0,3.2857705546603494e-07,0.0,2,735
0,0.0,-0.00020355245299431195,-0.00040419004052516386,0,736
1,-3.722510114348527e-08,0.0,0.0002807031035872683,1,736
2,0.0,1.477247521579538e-07,0.0,2,736
0,0.0,-0.00019292859774637088,-0.000616631472286593,0,737
1,-8.23710799768729e-08,0.0,0.0003554789222784908,1,737
2,0.0,2.9387733025960695e-07,0.0,2,737
0,0.0,-0.00019820485630023312,-0.000628394737313152,0,738
1,-8.558878701910646e-08,0.0,0.0003768437468495981,1,738
2,0.0,3.1463619847664073e-07,0.0,2,738
0,0.0,-0.0002387799469716399,0.0,0,739
1,-4.111075236656851e-09,0.0,0.0,1,739
2,-0.0,0.0,0.0,2,739
0,0.0,-0.00019833095080837326,-0.0006264420178463202,0,740
1,-8.507884589534487e-08,0.0,0.00037567270513270913,1,740
2,0.0,3.1268367934637885e-07,0.0,2,740
0,0.0,-0.00020367546773233196,-0.0006619228189732443,0,741
1,-9.481338830965236e-08,0.0,0.000336251964761035,1,741
2,0.0,3.101213939097593e-07,0.0,2,741
0,0.0,-0.0001907719132741413,-0.0006705220695364646,0,742
1,-9.68476189761359e-08,0.0,0.00033697122248706494,1,742
2,0.0,3.1606541598686886e-07,0.0,2,742
0,0.0,-0.00018901469037453048,-0.00067184599933434,0,743
1,-9.717189507387487e-08,0.0,0.00033619080431081916,1,743
2,0.0,3.164611900459232e-07,0.0,2,743
0,0.0,-0.00018872844090591205,-0.0006731628895211891,0,744
1,-9.753517024497661e-08,0.0,0.0003346216393667541,1,744
2,0.0,3.163919146234286e-07,0.0,2,744
0,0.0,-0.00019000121517717125,-0.0006734863540773324,0,745
1,-9.766106290243172e-08,0.0,0.00033389316947642425,1,745
2,0.0,3.1617451667409447e-07,0.0,2,745
0,0.0,-0.00019136685538257317,-0.0006735369254899452,0,746
1,-9.771264302698716e-08,0.0,0.0003333118993229773,1,746
2,0.0,3.158665187416952e-07,0.0,2,746
0,0.0,-0.00019136685538257317,-0.0006735369254899452,0,747
1,-9.771264302698716e-08,0.0,0.0003333118993229773,1,747
2,0.0,3.158665187416952e-07,0.0,2,747
0,0.0,-0.00019136685538257317,-0.0006735369254899452,0,748
1,-9.771264302698716e-08,0.0,0.0003333118993229773,1,748
2,0.0,3.158665187416952e-07,0.0,2,748
0,0.0,1.2606973466673206,2.1000655925551164,0,749
1,-0.985104600558589,0.0,-0.5206362279432427,1,749
2,0.0,2.2336538924085194,0.0,2,749
0,0.0,0.20218982255404988,0.35215832927259916,0,750
1,-0.028862047886550734,0.0,-0.08291591395389952,1,750
2,0.0,0.06555958237764596,0.0,2,750
0,0.0,0.03366162722320785,0.05838816592033727,0,751
1,-0.0007959758557675355,0.0,-0.013581110932555748,1,751
2,0.0,0.0018033749975443524,0.0,2,751
0,0.0,0.00558080421405208,0.009395816423210046,0,752
1,-2.0746181876153028e-05,0.0,-0.00203888159628636,1,752
2,0.0,4.616959694600709e-05,0.0,2,752
0,0.0,0.0008747134850491762,0.0011861582529101179,0,753
1,-3.5002673913415466e-07,0.0,-0.00010480627047624162,1,753
2,0.0,6.874414137496567e-07,0.0,2,753
0,0.0,-4.429330198330535e-05,-0.0004169796932791121,0,754
1,-3.657988270775002e-08,0.0,0.0002728705649971812,1,754
2,0.0,1.4898578158671358e-07,0.0,2,754
0,0.0,-0.00018932420502498206,-0.0005079966856785117,0,755
1,-5.6666346846429275e-08,0.0,0.0002836766320095176,1,755
2,0.0,1.9481260870122728e-07,0.0,2,755
0,0.0,-0.0001542130647031169,-0.0005405512310402597,0,756
1,-6.29502886268487e-08,0.0,0.0002835685230053513,1,756
2,0.0,2.1120378356576358e-07,0.0,2,756
0,0.0,-0.0001484088777591453,-0.0005504057821202183,0,757
1,-6.507667393406779e-08,0.0,0.0002768180924647792,1,757
2,0.0,2.1306947474360457e-07,0.0,2,757
0,0.0,-9.058940552635685e-05,-0.0005495763645738158,0,758
1,-6.388894574391335e-08,0.0,0.00025720763320443633,1,758
2,0.0,2.0345615356291143e-07,0.0,2,758
0,0.0,-5.275643650765137e-05,-0.0004526150858824783,0,759
1,-4.3133059745966335e-08,0.0,0.0002100451535178795,1,759
2,0.0,1.3733819509002817e-07,0.0,2,759
0,0.0,-7.90267851836523e-05,-0.0005199428484402456,0,760
1,-5.71054431584129e-08,0.0,0.0002427937297453873,1,760
2,0.0,1.8187430772412932e-07,0.0,2,760
0,0.0,-0.00010620719354668193,-0.0005253028344312055,0,761
1,-5.864255214124888e-08,0.0,0.00024618202275105035,1,761
2,0.0,1.8602446200964117e-07,0.0,2,761
0,0.0,-0.00013982694204747753,-0.0005197292232406742,0,762
1,-5.8018290660544486e-08,0.0,0.00024829533204763927,1,762
2,0.0,1.8413362916607034e-07,0.0,2,762
0,0.0,-0.00014723364197976693,-0.0005181424766371451,0,763
1,-5.782645364463614e-08,0.0,0.0002493929964830361,1,763
2,0.0,1.8381869424345737e-07,0.0,2,763
0,0.0,-0.00015024744318830333,-0.0005164507606524519,0,764
1,-5.7524277667946695e-08,0.0,0.0002510408585536383,1,764
2,0.0,1.836977221021926e-07,0.0,2,764
0,0.0,-0.0001494820300743905,-0.0005139813073331817,0,765
1,-5.697440802325786e-08,0.0,0.00025391790579228605,1,765
2,0.0,1.8374412974555234e-07,0.0,2,765
0,0.0,-0.0001462404726556892,-0.0005131395292996649,0,766
1,-5.6724028571328e-08,0.0,0.00025504416031931626,1,766
2,0.0,1.8382941482737852e-07,0.0,2,766
0,0.0,-0.00014485903716569866,-0.0005130454182166719,0,767
1,-5.667475835228994e-08,0.0,0.00025513513798298536,1,767
2,0.0,1.838233867060368e-07,0.0,2,767
0,0.0,-0.00014485903716569866,-0.0005130454182166719,0,768
1,-5.667475835228994e-08,0.0,0.00025513513798298536,1,768
2,0.0,1.838233867060368e-07,0.0,2,768
0,0.0,-0.00019136685538257317,-0.0006735369254899452,0,769
1,-9.771264302698716e-08,0.0,0.0003333118993229773,1,769
2,0.0,3.158665187416952e-07,0.0,2,769
0,0.0,1.9948099874349767,2.312771313306099,0,770
1,-1.3092298768527886,0.0,-0.667432614098559,1,770
2,0.0,2.7734918076402817,0.0,2,770
0,0.0,0.31451243326011075,0.3902419623793392,0,771
1,-0.038958499011795045,0.0,-0.10502998997849149,1,771
2,0.0,0.0828557822897029,0.0,2,771
0,0.0,0.05234472142578772,0.0647407403707035,0,772
1,-0.001075891223821709,0.0,-0.01725664824584963,1,772
2,0.0,0.0022799844886877644,0.0,2,772
0,0.0,0.00873775897019974,0.010445190094754909,0,773
1,-2.8369646535433178e-05,0.0,-0.002656331348645564,1,773
2,0.0,5.8742018370702516e-05,0.0,2,773
0,0.0,0.0014614960969048152,0.001384647267159546,0,774
1,-5.558126178599713e-07,0.0,-0.00022009914357408125,1,774
2,0.0,9.660925020254373e-07,0.0,2,774
0,0.0,0.0003239856952438137,-3.1807551520404855e-05,0,775
1,-7.780638526928467e-09,0.0,0.00016076168959021554,1,775
2,0.0,2.3125438443386177e-08,0.0,2,775
0,0.0,4.381171345112977e-05,-0.0001246561044016911,0,776
1,-3.394949035211657e-09,0.0,0.00017013504172640938,1,776
2,0.0,3.284102477563084e-08,0.0,2,776
0,0.0,-0.00022326766579296563,-0.0003761826289310125,0,777
1,-3.325132951973493e-08,0.0,0.00020199453903955587,1,777
2,0.0,1.0391564129521193e-07,0.0,2,777
0,0.0,-6.255121993100199e-05,-0.0002767235728742753,0,778
1,-1.633017196448766e-08,0.0,0.00017959539770321403,1,778
2,0.0,6.514434125761173e-08,0.0,2,778
0,0.0,-8.741547434632145e-05,-0.0003049632189860143,0,779
1,-2.0041569627341658e-08,0.0,0.00017964339367649855,1,779
2,0.0,7.307316265955226e-08,0.0,2,779
0,0.0,-9.993073232350499e-05,-0.0003208059044315564,0,780
1,-2.2288279124623263e-08,0.0,0.0001738626595684887,1,780
2,0.0,7.60592614788409e-08,0.0,2,780
0,0.0,-0.00010694107162796836,-0.00033237243042806303,0,781
1,-2.3976140118504734e-08,0.0,0.0001631356425649535,1,781
2,0.0,7.653241997480125e-08,0.0,2,781
0,0.0,-0.00011383301370242626,-0.00034312926542691023,0,782
1,-2.5608608163332842e-08,0.0,0.0001467122365763236,1,782
2,0.0,7.557544699401342e-08,0.0,2,782
0,0.0,0.0,-0.0003599853456863708,0,783
1,-2.715791783246923e-08,0.0,0.00011989171468119853,1,783
2,0.0,7.502133733971995e-08,0.0,2,783
0,0.0,-3.377582026633671e-05,-0.0003411207348436527,0,784
1,-2.446839402752455e-08,0.0,0.0001281069993990973,1,784
2,0.0,7.043415488484203e-08,0.0,2,784
0,0.0,-6.351135877367046e-05,-0.00030540718464559677,0,785
1,-1.9838012644821707e-08,0.0,0.00014703213424673285,1,785
2,0.0,6.387117723748919e-08,0.0,2,785
0,0.0,-7.753192215416036e-05,-0.0003098186125283976,0,786
1,-2.0549351145900377e-08,0.0,0.00015414951907489506,1,786
2,0.0,6.705622843551183e-08,0.0,2,786
0,0.0,-8.131765308198531e-05,-0.00031891773335282123,0,787
1,-2.1791628420350772e-08,0.0,0.00015124197283963164,1,787
2,0.0,6.903450935407294e-08,0.0,2,787
0,0.0,-8.555898760248383e-05,-0.0003167293440200833,0,788
1,-2.155113931290923e-08,0.0,0.00015182864694510492,1,788
2,0.0,6.852008828415729e-08,0.0,2,788
0,0.0,-9.075042029756774e-05,-0.0003132956193146272,0,789
1,-2.116376137465666e-08,0.0,0.00015321803438208637,1,789
2,0.0,6.784908617001092e-08,0.0,2,789
0,0.0,-9.060497377123714e-05,-0.0003127715229435541,0,790
1,-2.1093089735439772e-08,0.0,0.00015381747075105386,1,790
2,0.0,6.785219860980129e-08,0.0,2,790
0,0.0,-8.877602184685398e-05,-0.00031220754963245457,0,791
1,-2.0995542896990922e-08,0.0,0.00015522187620890576,1,791
2,0.0,6.80624538716422e-08,0.0,2,791
0,0.0,-8.823695244271549e-05,-0.00031228633807434673,0,792
1,-2.099896341920798e-08,0.0,0.00015535650827849475,1,792
2,0.0,6.812273561260198e-08,0.0,2,792
0,0.0,-8.823695244271549e-05,-0.00031228633807434673,0,793
1,-2.099896341920798e-08,0.0,0.00015535650827849475,1,793
2,0.0,6.812273561260198e-08,0.0,2,793
0,0.0,-8.823695244271549e-05,-0.00031228633807434673,0,794
1,-2.099896341920798e-08,0.0,0.00015535650827849475,1,794
2,0.0,6.812273561260198e-08,0.0,2,794
0,0.0,1.2256574022458995,2.098889091278269,0,795
1,-0.9769197959604968,0.0,-0.5301738038094557,1,795
2,0.0,2.2340447147744147,0.0,2,795
0,0.0,0.1968705557088412,0.35210507218187564,0,796
1,-0.02869243647050295,0.0,-0.08458471784091841,1,796
2,0.0,0.06575410749168471,0.0,2,796
0,0.0,0.03279749034633854,0.05855800185017089,0,797
1,-0.0007959440854928791,0.0,-0.013979391428920929,1,797
2,0.0,0.001822374368649681,0.0,2,797
0,0.0,0.00545357657126703,0.009606922649951256,0,798
1,-2.1485150525912263e-05,0.0,-0.002226195683455768,1,798
2,0.0,4.8800262207583446e-05,0.0,2,798
0,0.0,0.0008899894235192373,0.0014385725606855962,0,799
1,-4.908066341271157e-07,0.0,-0.0002650171312624682,1,799
2,0.0,1.0584899390724145e-06,0.0,2,799
0,0.0,9.686637044197468e-05,1.9015307992243024e-05,0,800
1,-7.523398253943616e-10,0.0,7.58123628743185e-05,1,800
2,0.0,5.208550976942768e-09,0.0,2,800
0,0.0,-4.8175113010134005e-05,-0.00024058292591299822,0,801
1,-1.2297121048267664e-08,0.0,0.0001381408153778789,1,801
2,0.0,4.4598975237488474e-08,0.0,2,801
0,0.0,-8.777750789937913e-05,-0.00024155097193347358,0,802
1,-1.2783145267823635e-08,0.0,0.00013366545853230673,1,802
2,0.0,4.3758318377212606e-08,0.0,2,802
0,0.0,-8.767280886345606e-05,-0.00024519176811053434,0,803
1,-1.3153199390698186e-08,0.0,0.00013065447066927755,1,803
2,0.0,4.391492478133066e-08,0.0,2,803
0,0.0,0.0,-0.00025552808634631626,0,804
1,-1.3683577742879443e-08,0.0,0.00011074938055447178,1,804
2,0.0,4.2199244557148763e-08,0.0,2,804
0,0.0,-3.611001369209618e-05,-0.0002511833291836621,0,805
1,-1.3316231691376393e-08,0.0,0.00011616926808945776,1,805
2,0.0,4.221593366813533e-08,0.0,2,805
0,0.0,-5.7261621130431925e-05,-0.00024764193130805156,0,806
1,-1.3088422468189858e-08,0.0,0.000118131799605885,1,806
2,0.0,4.1767647490426806e-08,0.0,2,806
0,0.0,-6.458278473873909e-05,-0.0002418712419296517,0,807
1,-1.2560748959919387e-08,0.0,0.00011608108918744333,1,807
2,0.0,3.998606266180637e-08,0.0,2,807
0,0.0,-6.772117807529032e-05,-0.00023983182770711986,0,808
1,-1.238480856535535e-08,0.0,0.00011620405658446429,1,808
2,0.0,3.953780045227744e-08,0.0,2,808
0,0.0,-6.882283658092237e-05,-0.00023889506461467348,0,809
1,-1.230167051136076e-08,0.0,0.00011688011846025336,1,809
2,0.0,3.945976918013046e-08,0.0,2,809
0,0.0,-6.86488682423682e-05,-0.00023818965915349555,0,810
1,-1.2229412610903166e-08,0.0,0.00011796949798698037,1,810
2,0.0,3.9521708974159954e-08,0.0,2,810
0,0.0,-6.774080948345131e-05,-0.00023810134818430967,0,811
1,-1.2211660157446275e-08,0.0,0.00011838589163532765,1,811
2,0.0,3.9587617326220496e-08,0.0,2,811
0,0.0,-6.774080948345131e-05,-0.00023810134818430967,0,812
1,-1.2211660157446275e-08,0.0,0.00011838589163532765,1,812
2,0.0,3.9587617326220496e-08,0.0,2,812
0,0.0,-8.823695244271549e-05,-0.00031228633807434673,0,813
1,-2.099896341920798e-08,0.0,0.00015535650827849475,1,813
2,0.0,6.812273561260198e-08,0.0,2,813
0,0.0,1.979509184386142,2.3126931435623796,0,814
1,-1.3046719427998372,0.0,-0.6716199783796919,1,814
2,0.0,2.7751708008009452,0.0,2,814
0,0.0,0.3122611459110373,0.39036521603319346,0,815
1,-0.038872399406758414,0.0,-0.10581559322878337,1,815
2,0.0,0.08302970238453074,0.0,2,815
0,0.0,0.05196698250027991,0.06494567038700133,0,816
1,-0.001078584336906324,0.0,-0.017504710739537212,1,816
2,0.0,0.0023002198640545628,0.0,2,816
0,0.0,0.0086679968241675,0.010665405626861212,0,817
1,-2.9255878557013422e-05,0.0,-0.0028152312977871873,1,817
2,0.0,6.174161515835449e-05,0.0,2,817
0,0.0,0.0014495474270347065,0.0016156348554117507,0,818
1,-6.985335299778484e-07,0.0,-0.0003663424706290636,1,818
2,0.0,1.3750604589206845e-06,0.0,2,818
0,0.0,0.0002446716067404281,0.00010508123801010066,0,819
1,-6.630543693282978e-09,0.0,4.241608305197382e-05,1,819
2,0.0,6.895431472057986e-09,0.0,2,819
0,0.0,-2.0637874426679247e-05,1.0095650720625281e-05,0,820
1,-5.207102615555574e-11,0.0,5.3008745212740845e-05,1,820
2,0.0,2.5103748188850154e-09,0.0,2,820
0,0.0,-8.893102577770088e-05,-0.00011992361963675672,0,821
1,-3.5841829500836007e-09,0.0,7.929998499655618e-05,1,821
2,0.0,1.2436620180097411e-08,0.0,2,821
0,0.0,-3.563016507600577e-05,-0.00016839209444565988,0,822
1,-6.034001450837719e-09,0.0,8.045780138733172e-05,1,822
2,0.0,1.93307478019845e-08,0.0,2,822
0,0.0,-4.020863617327602e-05,-0.0001458335306859553,0,823
1,-4.5735266770963935e-09,0.0,7.714303841201176e-05,1,823
2,0.0,1.5458268375834863e-08,0.0,2,823
0,0.0,-4.44113597487601e-05,-0.00014793595141467838,0,824
1,-4.728602772186878e-09,0.0,7.695331931014108e-05,1,824
2,0.0,1.573020202441517e-08,0.0,2,824
0,0.0,-5.658042735746887e-05,-0.00015812333885325395,0,825
1,-5.470633031514525e-09,0.0,7.358368127031705e-05,1,825
2,0.0,1.6787945286614033e-08,0.0,2,825
0,0.0,-1.1891645735664535e-05,-0.00016720140602315345,0,826
1,-5.86890608702906e-09,0.0,6.758627613642416e-05,1,826
2,0.0,1.746907628327817e-08,0.0,2,826
0,0.0,-1.887600920823953e-05,-0.00015719734474557741,0,827
1,-5.2042920672953104e-09,0.0,6.814490335068304e-05,1,827
2,0.0,1.597205793182242e-08,0.0,2,827
0,0.0,-2.0046758935788506e-05,-0.00014271690813879274,0,828
1,-4.297448783935591e-09,0.0,7.044700282439046e-05,1,828
2,0.0,1.4159312475717211e-08,0.0,2,828
0,0.0,-1.898915545581772e-05,-0.00013024267079323837,0,829
1,-3.5808993941464487e-09,0.0,7.471433710129298e-05,1,829
2,0.0,1.3061528641225196e-08,0.0,2,829
0,0.0,-2.873368580818008e-05,-0.00013431920079130542,0,830
1,-3.840445595947776e-09,0.0,7.437811381797542e-05,1,830
2,0.0,1.35371803801268e-08,0.0,2,830
0,0.0,-4.800524034706047e-05,-0.00013461960046797243,0,831
1,-3.964007138797442e-09,0.0,6.966685629850937e-05,1,831
2,0.0,1.2981662693348588e-08,0.0,2,831
0,0.0,-3.996809783733229e-05,-0.00014309034541754715,0,832
1,-4.406012375562465e-09,0.0,7.291643582056031e-05,1,832
2,0.0,1.4520780184678869e-08,0.0,2,832
0,0.0,-4.0182286993878135e-05,-0.00014412024522281622,0,833
1,-4.469238314088451e-09,0.0,7.305710603186573e-05,1,833
2,0.0,1.4681264824484522e-08,0.0,2,833
0,0.0,-4.0719966378007545e-05,-0.00014458813082284525,0,834
1,-4.500682336727568e-09,0.0,7.285735260937795e-05,1,834
2,0.0,1.4720807088094958e-08,0.0,2,834
0,0.0,-4.1295907841722645e-05,-0.0001450602862370441,0,835
1,-4.532746832278434e-09,0.0,7.232431159459321e-05,1,835
2,0.0,1.4718898426492621e-08,0.0,2,835
0,0.0,-4.120343838693687e-05,-0.00014512999203637468,0,836
1,-4.5364346004220015e-09,0.0,7.200224765175229e-05,1,836
2,0.0,1.4687922389592545e-08,0.0,2,836
0,0.0,-4.120343838693687e-05,-0.00014512999203637468,0,837
1,-4.5364346004220015e-09,0.0,7.200224765175229e-05,1,837
2,0.0,1.4687922389592545e-08,0.0,2,837
