,0,1,2,vars,t
0,-4.000000000000001,1.9118646269302026,-1.866975694828434,0,0
1,1.9118646269302033,-1.000000000000001,0.9770825483124173,1,0
2,-1.8669756948284337,0.9770825483124171,-0.9999999999999994,2,0
0,-2.2200880238918907,-0.4380836475751838,0.4476553796816132,0,1
1,0.9806211067356229,0.1433079014578725,-0.14969196724398046,1,1
2,-0.9359955660972945,-0.15026661984286488,0.10045214582346498,2,1
0,-1.6030245727426522,-0.3928523929298768,0.39015606018323223,0,2
1,0.6577762978453187,0.12224096200837604,-0.12277997594170492,1,2
2,-0.6132873178348935,-0.12999310634895236,0.07417574411241605,2,2
0,-0.6599904989463586,0.08607154180670963,-0.07950366965997578,0,3
1,0.16438615736930226,-0.10763736543130582,0.10239920132894385,1,3
2,-0.12018853776408145,0.09501226396801668,-0.14572096708582055,2,3
0,-0.6065012476442103,0.11557781061085043,-0.10152857165397242,0,4
1,0.13640188348166482,-0.12055704627823446,0.11159211654533858,1,4
2,-0.09230163734697935,0.10698816413098221,-0.15468934589515365,2,4
0,-0.5399944474961693,0.1339756999877862,-0.12075027205338677,0,5
1,0.10160890395831478,-0.12667621764918796,0.11814055103484211,1,5
2,-0.05777157918539376,0.11151621895330566,-0.16106683228833407,2,5
0,-0.5306859049965734,0.13323501618196865,-0.11374543751152634,0,6
1,0.09674187050344542,-0.12552693599520656,0.11382640554139693,1,6
2,-0.05316095123577477,0.10996350897117937,-0.15684768373329525,2,6
0,-0.4934517349981877,0.1302722809586975,-0.0857260993440842,0,7
1,0.0772737366839673,-0.12092980937928051,0.09656982356761577,1,7
2,-0.03471843943729886,0.1037526690426744,-0.13997108951313916,2,7
0,-0.45012705001420017,0.12682492144337182,-0.05312354637682471,0,8
1,0.05462113653223563,-0.11558071572484563,0.07649052603132378,1,8
2,-0.013259225655519418,0.09652590171040591,-0.12033393557033395,2,8
0,-0.4838657243276566,0.13052728008969156,-0.11266621556694903,0,9
1,0.07227691598723394,-0.11635912261165274,0.1041572179321043,1,9
2,-0.031218627031585882,0.09674957518157544,-0.14734587179849176,2,9
0,-0.5139476823513657,0.13592640879038845,-0.14162587658063733,0,10
1,0.08802068160713584,-0.11759909511867146,0.11668697152865411,1,10
2,-0.04736066182441716,0.09723485611274028,-0.1595728879490479,2,10
0,-0.540030632486354,0.13249255855279693,-0.15547559576669995,0,11
1,0.10167655500779854,-0.11343915522351566,0.12061144838123682,1,11
2,-0.061768156813116225,0.09180942425397882,-0.16338765787265194,2,11
0,-0.5508996836960923,0.13590424714784685,-0.13485773335069498,0,12
1,0.10737946067369124,-0.11122366883044334,0.10615488380490094,1,12
2,-0.06878051582430016,0.08756432857304128,-0.14924053218852998,2,12
0,-0.527316870334458,0.1316492780249974,-0.10847727077993918,0,13
1,0.09505459571199704,-0.10740972693023064,0.09110645828442379,1,13
2,-0.05755411890115353,0.08287644480958511,-0.13452953381720276,2,13
0,-0.49556218344160485,0.13648741147796148,-0.0824690525606407,0,14
1,0.07845030213741348,-0.1095456831428586,0.07792420328552783,1,14
2,-0.04173225687057737,0.08486672061223635,-0.12165189149928662,2,14
0,-0.47658984575558,0.1406467127555114,-0.07122839161020507,0,15
1,0.06853057231853281,-0.11192117734880916,0.07261608318092466,1,15
2,-0.03234184323506673,0.08739615797739828,-0.11646882202517693,2,15
0,-0.4525363320405167,0.14771259959266936,-0.0623412435689773,0,16
1,0.05596071960085394,-0.11593836313753966,0.0684614492143857,1,16
2,-0.020973831286442354,0.0916653687233392,-0.11241234211647715,2,16
0,-0.4241002117734232,0.1593506689501833,-0.05704140887368432,0,17
1,0.04111810029447244,-0.12256661801014344,0.06595113525446786,1,17
2,-0.00896250421307743,0.09871475242593108,-0.10996111692083374,2,17
0,-0.4147411138393245,0.17818967870234054,-0.0561136085227913,0,18
1,0.03628065905726382,-0.13284456410823103,0.06536320248701068,1,18
2,-0.008901003015990007,0.10944064800352643,-0.10938604682182343,2,18
0,-0.4467585172197086,0.2476855748184907,-0.04843463747536598,0,19
1,0.05310340397979475,-0.16603929430464565,0.06191870634983212,1,19
2,-0.03147339873524365,0.14184411139519182,-0.10602389587331175,2,19
0,-0.47459572746019507,0.22753452360011925,-0.06625261596405581,0,20
1,0.06769361439092414,-0.1557253390671617,0.07075376203402027,1,20
2,-0.04814677018267515,0.13140296994907366,-0.11465358867542039,2,20
0,-0.5067626179216927,0.2069650047529961,-0.0849870103132186,0,21
1,0.08453287401638478,-0.14450717247046133,0.0801781513955973,1,21
2,-0.06576018715461882,0.1196977195008371,-0.12385976418273162,2,21
0,-0.5150514315266791,0.20099884242162996,-0.08967679559299539,0,22
1,0.08887090977632604,-0.14100599372863762,0.08294341664209719,1,22
2,-0.07020654418031902,0.11592719165059027,-0.12656351615887645,2,22
0,-0.5332176013049597,0.1827778237535893,-0.10089192982511318,0,23
1,0.09838754763494915,-0.12947395624301478,0.09110709646006994,1,23
2,-0.08070140538894745,0.10313804164645324,-0.1345537872379935,2,23
0,-0.5333005846494622,0.1680018219739277,-0.1060753171076439,0,24
1,0.09845625254679322,-0.11875042932725667,0.0978052187251568,1,24
2,-0.08280946081146649,0.09068482548678862,-0.14112214746826932,2,24
0,-0.4994210806226145,0.16798294291816837,-0.10860163287801838,0,25
1,0.08075706634979946,-0.11626743361371641,0.10231763465866411,1,25
2,-0.06724817223533347,0.08692115916004729,-0.14555015253579234,2,25
0,-0.4789020844110398,0.1768989561025164,-0.09489225765709756,0,26
1,0.07002275970026996,-0.12086190378842777,0.09565821156166132,1,26
2,-0.05661029568347415,0.0915879376195984,-0.13904639094094506,2,26
0,-0.4751735347965811,0.18153258049123824,-0.0901058623869454,0,27
1,0.06807125335240011,-0.12339008467112718,0.09309395727668553,1,27
2,-0.054599450485699655,0.09422641341413374,-0.1365405411761282,2,27
0,-0.4752367222627255,0.18164270854982584,-0.0898880005064869,0,28
1,0.06810435075058065,-0.1234575361890082,0.09299940781886729,1,28
2,-0.05463559850663646,0.09430029891539207,-0.13644827409425855,2,28
0,-0.4754894721273001,0.1820832207841735,-0.08901655298465257,0,29
1,0.06823674034330257,-0.123727342260532,0.09262120998759475,1,29
2,-0.05478019059038378,0.0945958409204254,-0.13607920576678137,2,29
0,-0.4759609294525439,0.18202556238772788,-0.08884290410118928,0,30
1,0.06848255927034069,-0.12382051467806213,0.09267261100142783,1,30
2,-0.054957727177176376,0.0947521681516464,-0.13613027575196848,2,30
0,-0.4761206265552439,0.1820244126953809,-0.08963223895064122,0,31
1,0.06856584648703574,-0.12383076377138877,0.09312044018953662,1,31
2,-0.05501956104202641,0.09476802105355062,-0.13656805006632047,2,31
0,-0.47618941591105013,0.18166507262715656,-0.08942957622904857,0,32
1,0.06860181512382933,-0.12365543384035481,0.09302349320080817,1,32
2,-0.055053769045258834,0.09459487147335445,-0.1364733787809764,2,32
0,-0.4761892223446082,0.18161221454060092,-0.08942419022892462,0,33
1,0.06860169600778157,-0.12362914025900097,0.0930219393373785,1,33
2,-0.05505221103654536,0.09456863821385339,-0.1364718680508365,2,33
0,-0.4761892223446082,0.18161221454060092,-0.08942419022892462,0,34
1,0.06860169600778157,-0.12362914025900097,0.0930219393373785,1,34
2,-0.05505221103654536,0.09456863821385339,-0.1364718680508365,2,34
0,-0.5211409080030635,0.9179349870905473,-0.3292517015775075,0,35
1,0.09211648171001907,-0.47934209462421307,0.2113586691134157,1,35
2,-0.0782559964653645,0.44397319252153833,-0.2520543123619872,2,35
0,-0.4810501159583737,0.26123518329759987,-0.11535816803738869,0,36
1,0.07114448989803808,-0.16209450152142216,0.10581839503456193,1,36
2,-0.057561374614149716,0.13235183458960703,-0.14897048644935962,2,36
0,-0.48304533390815085,0.2602090910316345,-0.12405038207962374,0,37
1,0.07218819317047956,-0.1616614353466294,0.11016630438142512,1,37
2,-0.05858965729445917,0.13195998701600484,-0.1532175704533869,2,37
0,-0.4848033749196623,0.26701327710990047,-0.12731354331884678,0,38
1,0.07310777015436797,-0.16491121461440808,0.11190732078626006,1,38
2,-0.059490931818656105,0.13513216998986735,-0.15491889098268544,2,38
0,-0.4890354887788357,0.27412300210289564,-0.1323960137365398,0,39
1,0.07532137473853273,-0.1682129488717567,0.11482392304994096,1,39
2,-0.06165374054489128,0.13830416866010609,-0.15777018981520946,2,39
0,-0.49683347317505155,0.2775182054749578,-0.13865513321644535,0,40
1,0.0793999048395069,-0.16953593699408095,0.11883897029893989,1,40
2,-0.06562247385028457,0.13943383341515678,-0.16169763627869763,2,40
0,-0.5072433948778161,0.27139535338008086,-0.14342506849307787,0,41
1,0.08484387835387958,-0.1659719267055202,0.12290490170921588,1,41
2,-0.07086652647544803,0.13560847685512006,-0.1656797421413434,2,41
0,-0.5072136397706296,0.2572492817063546,-0.14114894930380886,0,42
1,0.08482560041157454,-0.15848009401391386,0.12353685561753851,1,42
2,-0.07062969218468296,0.12789718880711382,-0.16630806592166356,2,42
0,-0.4990287854130327,0.24589218806981591,-0.13456881040229676,0,43
1,0.08054180347879199,-0.1526582365613577,0.12103330563210543,1,43
2,-0.06622527840855662,0.12199902488905526,-0.16386747773114102,2,43
0,-0.4943596187234221,0.2433353879227521,-0.13134929726335323,0,44
1,0.0780987689606823,-0.1514124028450459,0.11936399067184406,1,44
2,-0.06377137345529714,0.12076957753759979,-0.1622365064552333,2,44
0,-0.4927897065564732,0.2434632272062431,-0.13057569879759226,0,45
1,0.07727734895007042,-0.15148199974074808,0.11889248797460408,1,45
2,-0.06294634446875955,0.12084213752568612,-0.16177541118104866,2,45
0,-0.49099770596212705,0.2440780583385549,-0.1301461050641484,0,46
1,0.07633948196749198,-0.15175562034133386,0.11858771663945566,1,46
2,-0.061984650869585434,0.12109837514784756,-0.1614771476054969,2,46
0,-0.488919696578654,0.24498649950754647,-0.13035749270735145,0,47
1,0.07525139600890374,-0.15209997807450418,0.11860002824747909,1,47
2,-0.060825989903627815,0.12138602077161649,-0.1614885919677357,2,47
0,-0.48790627292344463,0.2450502710845347,-0.13171865120550103,0,48
1,0.07471970728497657,-0.1519666957026945,0.11921798772531256,1,48
2,-0.06017597429765306,0.12116723553234054,-0.16209182966598198,2,48
0,-0.4890071935239031,0.2433716561284852,-0.13338071691763811,0,49
1,0.07529350325672401,-0.15094414994959465,0.1199838336734276,1,49
2,-0.06057205153339985,0.12004950777209564,-0.1628395080646384,2,49
0,-0.4921509783467538,0.24096920882450898,-0.1334994985041028,0,50
1,0.07693591252826273,-0.14965119334431157,0.12001199438322219,1,50
2,-0.06201983617538011,0.1187086110524332,-0.162866821127426,2,50
0,-0.4953510062084523,0.2384774827275569,-0.13332369018076184,0,51
1,0.07860823351517945,-0.14842177360867145,0.11995575638650571,1,51
2,-0.0635366819630443,0.11748724216410229,-0.16281208466175634,2,51
0,-0.4976457152184178,0.23685606193683933,-0.13275081735405878,0,52
1,0.07980735660088663,-0.14770159024695984,0.11970253748652263,1,52
2,-0.06461769362179492,0.11681362756346987,-0.1625649453314093,2,52
0,-0.49970277570838345,0.23548349355787437,-0.13169521197372255,0,53
1,0.08088130104460434,-0.1472009772821103,0.11920761076407804,1,53
2,-0.06550567578071262,0.11640888982312358,-0.16208170173082626,2,53
0,-0.5005762967499461,0.23526529258479242,-0.1307365215661569,0,54
1,0.08133446718357885,-0.14737422538412345,0.1187390293285977,1,54
2,-0.06564767379855287,0.11672828150412964,-0.16162405467239466,2,54
0,-0.4980329914959976,0.23688650073033257,-0.13263063563284988,0,55
1,0.07999953802130644,-0.14837032040937503,0.11962303067831684,1,55
2,-0.06396787933081335,0.11782071418804906,-0.16248716149272988,2,55
0,-0.4960061170444315,0.2378739495267578,-0.13105711273459092,0,56
1,0.0789387654262959,-0.14889786040811784,0.1188161421875088,1,56
2,-0.06288166503110555,0.11836594529831514,-0.16169886095376224,2,56
0,-0.49551861465689606,0.2384101939577248,-0.13085693617791327,0,57
1,0.07868406885090538,-0.14915201573457676,0.11871026814574996,1,57
2,-0.06265630757749095,0.11861296891091576,-0.1615954062974418,2,57
0,-0.49549475186196934,0.2386312725962795,-0.13088288023812036,0,58
1,0.07867171783703955,-0.14925732487711832,0.11872076956620897,1,58
2,-0.0626547595375648,0.118715611205914,-0.16160564877888237,2,58
0,-0.49554062298007545,0.2387306308573067,-0.13089493254005669,0,59
1,0.07869574995555624,-0.14930696970014742,0.11872448428156789,1,59
2,-0.06268140703195907,0.1187652567114796,-0.16160926294382272,2,59
0,-0.4956103198280032,0.2388100878854242,-0.13089280673309714,0,60
1,0.07873222086702902,-0.1493490845934181,0.11871898049329749,1,60
2,-0.06271833312966832,0.11880862188708001,-0.16160385913517042,2,60
0,-0.4956724607431867,0.2388596329321574,-0.13088818378929637,0,61
1,0.07876473390347476,-0.1493790850147347,0.11870853011492837,1,61
2,-0.06275092841790898,0.11884133821507323,-0.1615936004211094,2,61
0,-0.4956562995108443,0.23885102013673196,-0.13091192319499428,0,62
1,0.07875629797681973,-0.14938106263461565,0.11870789280154322,1,62
2,-0.06274407323653242,0.11884656774398303,-0.1615928999770394,2,62
0,-0.49565584876257773,0.23877684189443235,-0.13089459782089796,0,63
1,0.07875603081050617,-0.14934630409848515,0.11869404665928567,1,63
2,-0.06274127902674538,0.11881300208204715,-0.16157934266422866,2,63
0,-0.49562924788965207,0.2387408159612992,-0.1308991997511654,0,64
1,0.07874210192923733,-0.14932738459116507,0.11869474290056867,1,64
2,-0.06272643468800752,0.11879360653143349,-0.16158001276183653,2,64
0,-0.4761892223446082,0.18161221454060092,-0.08942419022892462,0,65
1,0.06860169600778157,-0.12362914025900097,0.0930219393373785,1,65
2,-0.05505221103654536,0.09456863821385339,-0.1364718680508365,2,65
0,-0.8822846886063522,4.800194528204823,-2.4600431865090777,0,66
1,0.2810284793662899,-2.3754874752626756,1.2676945799922859,1,66
2,-0.2641206610895566,2.317548915379527,-1.283835278281011,2,66
0,-0.5525715076379137,1.0503189626861957,-0.5353126857653109,0,67
1,0.10855693933958088,-0.547180004708921,0.3139655061067527,1,67
2,-0.09437578720147925,0.5126878437664122,-0.35227885585604746,2,67
0,-0.5046968131481887,0.5058331567308997,-0.2558398286975153,0,68
1,0.08351389355445867,-0.2817078712353754,0.1754830593203507,1,68
2,-0.06972865615649285,0.2506201516405564,-0.2170159009673726,2,68
0,-0.5014920010630368,0.49990782883101426,-0.2465530918519874,0,69
1,0.08183768695363892,-0.27868945084471924,0.17122577065396627,1,69
2,-0.06809643247458608,0.24757176374089507,-0.212859752245528,2,69
0,-0.4989969413369399,0.49529475117962324,-0.2393230382717826,0,70
1,0.0805327007419048,-0.27633950365497617,0.16791132062955516,1,70
2,-0.0668256885231469,0.24519848578391104,-0.20962404325042475,2,70
0,-0.5122085050918317,0.4787433909008737,-0.25997723785149945,0,71
1,0.08744405893502429,-0.2678144020154984,0.17974638632608106,1,71
2,-0.07366378036978419,0.23654117521962675,-0.2211940242197537,2,71
0,-0.5357891333514231,0.5272584192357624,-0.3116735100620836,0,72
1,0.09977878857990659,-0.29166112095108737,0.2076257444112312,1,72
2,-0.08578776987085628,0.26018421407956155,-0.24843945845010632,2,72
0,-0.5353198344718122,0.5178385828462997,-0.3035208095799613,0,73
1,0.09953312491269514,-0.287024082100011,0.20375831498372757,1,73
2,-0.08553183803146744,0.2555831593077767,-0.24466302377019825,2,73
0,-0.534918542415922,0.4875688017812023,-0.2719995042626048,0,74
1,0.09932226072251894,-0.27197885535422706,0.1892297642941526,1,74
2,-0.08524767620158132,0.2405787360611367,-0.23047909400815123,2,74
0,-0.5362630368547054,0.4817562847326582,-0.2626339183620307,0,75
1,0.10002493415992436,-0.26892829682631353,0.18538385415936834,1,75
2,-0.08588876420155718,0.23745238813133066,-0.2267275913741826,2,75
0,-0.5427388198352165,0.47097074372674425,-0.25456901752801436,0,76
1,0.10340998228074029,-0.2628496658036535,0.18413308602019166,1,76
2,-0.08902623074927324,0.23101665518632844,-0.22552315922647148,2,76
0,-0.5464372472257667,0.45473690765389585,-0.28300837393193556,0,77
1,0.10534207426183151,-0.25418772689993796,0.1993750680112741,1,77
2,-0.09072294868503808,0.22206952171564184,-0.24041801801524165,2,77
0,-0.5484686104195525,0.453812275227651,-0.3014692171444655,0,78
1,0.10640321850247775,-0.2533042234585567,0.20863287877711376,1,78
2,-0.09165011216410025,0.22096777976448753,-0.24946129255706886,2,78
0,-0.5491270440668776,0.4536472688133672,-0.3081012073752615,0,79
1,0.10674681866900854,-0.25299748084912704,0.2118133435576965,1,79
2,-0.09192184612673814,0.22054490807797272,-0.25256715183031997,2,79
0,-0.5499094646216326,0.45146752558140296,-0.31373501835378553,0,80
1,0.10715457381217172,-0.25155171684718297,0.2144333022744156,1,80
2,-0.09220009419313092,0.2189144785319637,-0.2551251216901653,2,80
0,-0.5505812999146787,0.4457883112592187,-0.3156766287358055,0,81
1,0.10750359541474701,-0.24828952030438073,0.21522217625299345,1,81
2,-0.09234900225848083,0.21543243487662225,-0.2558945668067206,2,81
0,-0.5504303379059954,0.43950048143549286,-0.3137075303264287,0,82
1,0.10742177403349128,-0.2449484357780351,0.2141743157370259,1,82
2,-0.0920382856499378,0.21198809982459152,-0.2548706138456688,2,82
0,-0.5498691752412075,0.4335922491055598,-0.3089757194988387,0,83
1,0.1071248118615981,-0.24195735487995862,0.21182235234966826,1,83
2,-0.0914701273777445,0.20897678387160565,-0.2525732839661527,2,83
0,-0.5493449831572134,0.4305743248758132,-0.30509990514137264,0,84
1,0.10684757098293496,-0.24054073596768955,0.20993115649845775,1,84
2,-0.09095220230130958,0.20760741478084993,-0.250726239650434,2,84
0,-0.5488005535962466,0.42791101604261206,-0.30023427937668923,0,85
1,0.10655664657156833,-0.2394596925755898,0.2075721423617119,1,85
2,-0.09017097329751725,0.20665562914378804,-0.24842239541386113,2,85
0,-0.5499777664234382,0.42889595810458725,-0.2981672049787063,0,86
1,0.10716470630463874,-0.24025532770775732,0.20651783074497992,1,86
2,-0.09014549610572369,0.20760840830001678,-0.24739240594518408,2,86
0,-0.5591726220960754,0.4216349900794743,-0.30971263630735824,0,87
1,0.11196840089510506,-0.2368817317713871,0.21224263782338437,1,87
2,-0.09438164940697527,0.20436646650417234,-0.25298414504468325,2,87
0,-0.5573560051217684,0.4304130116112519,-0.30459534532828586,0,88
1,0.11101889264320329,-0.24123075936671307,0.20966901981500233,1,88
2,-0.09350815049515641,0.20869642264556298,-0.2504701210304712,2,88
0,-0.5576434617255455,0.43274337976787713,-0.3050026384797372,0,89
1,0.11116980280292255,-0.24236357880703296,0.20985600602572912,1,89
2,-0.09370046148519595,0.20981291812465078,-0.25065266687904625,2,89
0,-0.557849045070786,0.4329120491945669,-0.30553146902969275,0,90
1,0.11127747118673259,-0.24243696754390062,0.21011674802842217,1,90
2,-0.09381680257524765,0.20988067096771387,-0.2509073388795171,2,90
0,-0.5578714489973167,0.43286753342148215,-0.30568902132401043,0,91
1,0.11128919658006406,-0.2424109779246509,0.21019722019418466,1,91
2,-0.09382882625146936,0.20985274100493762,-0.250985955302646,2,91
0,-0.5578192446190634,0.4327207038655734,-0.3060268242473368,0,92
1,0.11126185693501908,-0.24232616921860473,0.21037767790284495,1,92
2,-0.09379935702765983,0.20976200591147315,-0.25116229983058697,2,92
0,-0.5576839206773093,0.43263584644978437,-0.30609019219051037,0,93
1,0.11119100443338259,-0.24227628868636997,0.210424819659208,1,93
2,-0.0937243710524521,0.20970825149416591,-0.2512084445696516,2,93
0,-0.5576283375894855,0.43263525768734545,-0.30593363506271987,0,94
1,0.11116189212452303,-0.24227469267658522,0.21035769957584455,1,94
2,-0.09369273167119158,0.20970598146563174,-0.25114295064371306,2,94
0,-0.557628203275898,0.4326502427703819,-0.30585013563550045,0,95
1,0.11116183140594314,-0.24228268170145478,0.21031816599071923,1,95
2,-0.09369344143369743,0.20971423032327544,-0.25110434772534646,2,95
0,-0.4761892223446082,0.18161221454060092,-0.08942419022892462,0,96
1,0.06860169600778157,-0.12362914025900097,0.0930219393373785,1,96
2,-0.05505221103654536,0.09456863821385339,-0.1364718680508365,2,96
0,-0.981808551166866,4.2905961102513865,-1.7548075785915915,0,97
1,0.33308963224135485,-2.115268487774137,0.9152551298693502,1,97
2,-0.31541122844584873,2.0544292713903323,-0.9395707033052976,2,97
0,-0.6026374333108457,1.2092107118368904,-0.5059129160888854,0,98
1,0.13474637136421808,-0.6217098464888536,0.2986507790852717,1,98
2,-0.12016430245326234,0.5847019394576456,-0.3373154773794957,2,98
0,-0.5946770830942131,1.070119433449231,-0.5210466200000285,0,99
1,0.1305821837860594,-0.5552631616752314,0.3063623434791324,1,99
2,-0.11605281797618275,0.5198338963696035,-0.3448490968981355,2,99
0,-0.5668489705470452,0.8470739752457979,-0.5245505041575393,0,100
1,0.11602455600564379,-0.4485016849714406,0.3090348659034296,1,100
2,-0.10165577786863911,0.4154961196586106,-0.3474653729357987,2,100
0,-0.553135182606488,0.7956418008080599,-0.54941883682661,0,101
1,0.10885055142613863,-0.42435180239099846,0.32223122539836024,1,101
2,-0.09456442794070331,0.39214758107394876,-0.3603604309041619,2,101
0,-0.5442337942865173,0.7870539391597835,-0.5893189711985055,0,102
1,0.10419520269158675,-0.4210722477607161,0.3434615701932565,1,102
2,-0.09005761280059132,0.38939161864519645,-0.38110637760671073,2,102
0,-0.5317485148322126,0.7887285586016691,-0.5854247657170527,0,103
1,0.0976663139186864,-0.42259677750504626,0.3450186937280366,1,103
2,-0.08380188885575669,0.3912722628215563,-0.3826492176190635,2,103
0,-0.5680405211637796,0.8013419865543318,-0.6063813778628254,0,104
1,0.11665519740400777,-0.42837836018549896,0.3590102712767877,1,104
2,-0.10286901330208444,0.39678430387353086,-0.3963381885439775,2,104
0,-0.5858845655769016,0.7971153413848633,-0.6277557959536149,0,105
1,0.12599159382292674,-0.4254286587827892,0.36956410504497295,1,105
2,-0.1122396076349388,0.3934007883126741,-0.4066464272990479,2,105
0,-0.7553224314890705,1.0331023845265812,-0.8044825579561772,0,106
1,0.2146456275159851,-0.5400993952160857,0.4566353340248756,1,106
2,-0.20125194669943242,0.5063949840137425,-0.4916902538718782,2,106
0,-0.6074656092035363,0.8271726526354779,-0.6502652152043762,0,107
1,0.13728332344019392,-0.44003409631201446,0.3806542352300059,1,107
2,-0.12357697406314565,0.4077926873952868,-0.4174783303188583,2,107
0,-0.716055999580778,1.0127131569192702,-0.7560305775635331,0,108
1,0.1941005433059034,-0.5294286840097978,0.4326175924222507,1,108
2,-0.1806297067535219,0.4954739914888858,-0.4682308282050506,2,108
0,-0.6088068249676447,0.8294642904900016,-0.6515715386350208,0,109
1,0.13798508121721234,-0.44113822191493024,0.3812960422405526,1,109
2,-0.12428164069344269,0.40887565198229486,-0.4181051818293494,2,109
0,-0.6208681678432835,0.7848910600802358,-0.6509981790891793,0,110
1,0.14429590744046702,-0.4184723384166365,0.3809225322462839,1,110
2,-0.13062093774887326,0.38600513023455746,-0.4177397933661738,2,110
0,-0.6333367942693297,0.7845424665900843,-0.6265543333176865,0,111
1,0.15081984035380114,-0.4183918759982809,0.368455573574915,1,111
2,-0.13717468499024596,0.38597318519550605,-0.40556044156285975,2,111
0,-0.7754236847303204,1.005625163741993,-0.675907923146724,0,112
1,0.2251639411877538,-0.5257191796733159,0.39611567732109276,1,112
2,-0.2118810383131753,0.4916774808021587,-0.43259763732567846,2,112
0,-0.643701863733754,0.8006701860857208,-0.6301546189262818,0,113
1,0.1562431539819209,-0.4262212749978085,0.37047334520600717,1,113
2,-0.14262442450607254,0.39368418768909597,-0.4075327727983142,2,113
0,-0.6658258308809591,0.7900905287774939,-0.5944463302492925,0,114
1,0.16781908705991785,-0.42137253478122255,0.35235515711167753,1,114
2,-0.1542578361066737,0.3890618540273402,-0.3898331362902379,2,114
0,-0.6685022071301472,0.8024812410883151,-0.5797530661166738,0,115
1,0.16921949468032738,-0.42730368650958506,0.3449925026327629,1,115
2,-0.15566891442317243,0.39485851591653887,-0.38264113644124037,2,115
0,-0.6715390236578297,0.8242194819134055,-0.5709625911419238,0,116
1,0.1708086959574616,-0.437769857109653,0.341262791700565,1,116
2,-0.15728587840872735,0.4051200974738928,-0.37900207067469766,2,116
0,-0.6653158980494659,0.8140203948730802,-0.5688157154176678,0,117
1,0.16755262891607012,-0.4328575546054621,0.3402039099683192,1,117
2,-0.1540186203294716,0.4003028443758661,-0.3779678371686699,2,117
0,-0.649159446988632,0.7938983229821651,-0.5743693013992411,0,118
1,0.1590993436839324,-0.42320537021198185,0.34344397343215255,1,118
2,-0.1455444709835015,0.39085860463896493,-0.3811356430856111,2,118
0,-0.6441095338891297,0.7921302468363467,-0.5813481448762243,0,119
1,0.15645716915504992,-0.42236849940076365,0.3471779654537951,1,119
2,-0.14289673524592802,0.39004582613269567,-0.3847845600140621,2,119
0,-0.6350037887514025,0.7922245858369638,-0.5911994470749424,0,120
1,0.1516927756812984,-0.4223525333041383,0.3521485789009882,1,120
2,-0.13810945634752742,0.38999718951785334,-0.3896401752465932,2,120
0,-0.6210131494562151,0.791811276825795,-0.6021334165041962,0,121
1,0.14437235437057971,-0.4220048410779547,0.3574425513967178,1,121
2,-0.13074519131373571,0.38957639923144827,-0.3948102923439961,2,121
0,-0.6110217940014109,0.7906060211153977,-0.6068801042382207,0,122
1,0.13914440424907154,-0.42127404680566355,0.3595432907696801,1,122
2,-0.12547767027556883,0.38877902391181995,-0.3968606132756038,2,122
0,-0.607904754003628,0.7887744350086348,-0.607742093808974,0,123
1,0.13751322694581186,-0.42026565110017766,0.35980952736265315,1,123
2,-0.12381846825185698,0.3877223437867055,-0.3971196489732245,2,123
0,-0.6076009127279797,0.7861581114479675,-0.608750446669565,0,124
1,0.1373538804496499,-0.41886409078847675,0.3602391078201566,1,124
2,-0.12362869621360023,0.38627194131447207,-0.39753880192659324,2,124
0,-0.6087016990452757,0.7800553296871728,-0.6124014044531114,0,125
1,0.1379289426475662,-0.415612242010563,0.36200709635133704,1,125
2,-0.12413381958556577,0.3829151738769918,-0.3992654291954532,2,125
0,-0.6111971418195187,0.7723730453966763,-0.6191512084315309,0,126
1,0.13923339279572444,-0.41153019185000345,0.36538437801759927,1,126
2,-0.125344634967349,0.37870696905888523,-0.4025643998806056,2,126
0,-0.6138783034473566,0.7661889620062122,-0.6265586194560074,0,127
1,0.14063501835986605,-0.40826637180971787,0.3691330662281667,1,127
2,-0.1266532420064655,0.37535306391182727,-0.4062264288530911,2,127
0,-0.6150274664343602,0.7648566812853941,-0.6288493477474618,0,128
1,0.1412357408606032,-0.4075739275496979,0.3703357161383436,1,128
2,-0.12721222825928347,0.3746467536579232,-0.407401543802269,2,128
0,-0.6158283956740392,0.7650193538548876,-0.6295322555891861,0,129
1,0.14165431543673446,-0.40766516645944,0.3707200274150199,1,129
2,-0.12759288541011218,0.3747431497840353,-0.4077772091201965,2,129
0,-0.6165431085341618,0.7653350814937874,-0.6298125851606089,0,130
1,0.14202733312943377,-0.4078561796792124,0.370906802115144,1,130
2,-0.1278918064299344,0.3749513844953906,-0.40795994249954104,2,130
0,-0.6176821094115941,0.7657302054128021,-0.6295160624746815,0,131
1,0.14262135928994796,-0.40808407857259393,0.37079339548039764,1,131
2,-0.1283328439109316,0.3751950634839707,-0.40784938311172864,2,131
0,-0.6189005800492203,0.7628077286392534,-0.6287213577636829,0,132
1,0.1432559303830842,-0.4066986087110875,0.3704178755262384,1,132
2,-0.12873107990807575,0.37384827973506274,-0.40748270820677907,2,132
0,-0.6186067836700624,0.7635582099667302,-0.6286286339069761,0,133
1,0.1431014700544595,-0.4070163397476606,0.3703055937142863,1,133
2,-0.1285164116856328,0.37413637486867524,-0.40737261978943295,2,133
0,-0.6182807496265225,0.7631032420942293,-0.6285033650084426,0,134
1,0.1429307235375223,-0.4067541584791171,0.370193204485228,1,134
2,-0.1283322714084033,0.3738561448284109,-0.40726252714513067,2,134
0,-0.6183973830936783,0.762809680331661,-0.6284194447580613,0,135
1,0.14299177506110533,-0.4066026325110974,0.3701409408001249,1,135
2,-0.1283956697342783,0.37370210762637535,-0.40721141137266925,2,135
0,-0.6185778822806614,0.7627062411159314,-0.6283390497507284,0,136
1,0.14308621952167896,-0.4065513464750874,0.37009840245113307,1,136
2,-0.12849072760532185,0.3736510268666809,-0.4071698449895982,2,136
0,-0.6188617800889341,0.7626983718429149,-0.6282192903303124,0,137
1,0.14323475727345605,-0.4065497123618291,0.3700384613806501,1,137
2,-0.1286395010365958,0.3736505823730265,-0.40711129368820737,2,137
0,-0.6191421022944298,0.7627936151932052,-0.6281027463407916,0,138
1,0.14338141441902863,-0.4066003283796765,0.36998253334313064,1,138
2,-0.12878559893500477,0.37370276637281513,-0.40705667733334366,2,138
0,-0.6192122419124394,0.762866465460829,-0.6280662925589791,0,139
1,0.1434181078608792,-0.40663775206777847,0.36996626625145496,1,139
2,-0.12882201159040998,0.3737407205797227,-0.4070407997158999,2,139
0,-0.6192066827632475,0.7628848657527407,-0.6280626945098963,0,140
1,0.14341519907580177,-0.4066470131572578,0.3699649716694554,1,140
2,-0.12881908279838056,0.37375001663815766,-0.40703953830017847,2,140
0,-0.6192066827632475,0.7628848657527407,-0.6280626945098963,0,141
1,0.14341519907580177,-0.4066470131572578,0.3699649716694554,1,141
2,-0.12881908279838056,0.37375001663815766,-0.40703953830017847,2,141
0,-0.9299660938160372,4.226306841428313,-4.065655829185491,0,142
1,0.30600001326144255,-2.1059270473539184,2.0456712599007423,1,142
2,-0.2910847038253705,2.0568820968160737,-2.0436144748485536,2,142
0,-0.6689876256612886,1.317694810265217,-1.1787350843314772,0,143
1,0.16945986598916946,-0.6788568299526573,0.6383984802982915,1,143
2,-0.15481261775616081,0.6433730722661193,-0.6692045462356613,2,143
0,-0.629002555941507,0.8720601352050089,-0.7364237776759973,0,144
1,0.14854025776695434,-0.46021234735887334,0.42278720552527216,1,144
2,-0.1339340797646414,0.42680632905626514,-0.458628259204349,2,144
0,-0.6299793824012716,0.8521104458633042,-0.753535426877461,0,145
1,0.14905140241270826,-0.4507294024132992,0.4311155271615661,1,145
2,-0.13445093210312578,0.4175743584027759,-0.46676201347229596,2,145
0,-0.6317202269700916,0.8358123481813526,-0.7754984465225667,0,146
1,0.1499623352661947,-0.44298136798849347,0.44181737847931823,1,146
2,-0.13537203142588153,0.41003092089801907,-0.47721392570172677,2,146
0,-0.6337642136348218,0.8243437043525127,-0.7931335293175794,0,147
1,0.15103192824691697,-0.43743366687811724,0.45042757532280864,1,147
2,-0.1364563650913236,0.40457771240095003,-0.4856231435112056,2,147
0,-0.6421695528534709,0.8867065056950901,-0.8644986704462596,0,148
1,0.15543043640448492,-0.46811406748679224,0.48588625519085454,1,148
2,-0.14092338869521523,0.4350103007083925,-0.5202580721393917,2,148
0,-0.6383878146857149,0.8630461917993305,-0.817153402027721,0,149
1,0.1534516669248885,-0.4564228010175549,0.4627464105929536,1,149
2,-0.13893084648425078,0.4233865515182553,-0.4976582050154596,2,149
0,-0.6369473721608204,0.8538232725189494,-0.8009549278300885,0,150
1,0.15269802591135806,-0.45187670967340166,0.4548084912039354,1,150
2,-0.13817687954488508,0.41887259201488264,-0.4899053865041602,2,150
0,-0.6369326681898687,0.8543593651204556,-0.8009986468630741,0,151
1,0.15269039528608472,-0.452140600496516,0.4548391253355559,1,151
2,-0.13817428647341165,0.4191344308883276,-0.4899353648306181,2,151
0,-0.6366274031281766,0.8576295121293626,-0.7992502451271482,0,152
1,0.15253126701908218,-0.4537570525452764,0.45406504852012936,1,152
2,-0.1380624054743453,0.4207418488780855,-0.4891798640921823,2,152
0,-0.636388218861671,0.859080224219048,-0.7973576877558333,0,153
1,0.1524065994318262,-0.45448927648563625,0.45319660485934105,1,153
2,-0.13797589854379877,0.4214778979374606,-0.48833204621383164,2,153
0,-0.6360606782899046,0.861428682400258,-0.7938266585603982,0,154
1,0.15223640681169498,-0.45571599435955096,0.4515831155705646,1,154
2,-0.13790054584511355,0.4227322274976032,-0.4867569239422631,2,154
0,-0.6359871183441663,0.8648422800301961,-0.7896394290017263,0,155
1,0.15219999993366212,-0.45753575519893286,0.44964632931964077,1,155
2,-0.13803184350995695,0.4246111073717676,-0.4848660325222247,2,155
0,-0.63617968380479,0.8713714216086187,-0.7827693971029066,0,156
1,0.15230491832565426,-0.46103246517877466,0.44637726153448715,1,156
2,-0.1384729270158877,0.42822921793802404,-0.481673814607261,2,156
0,-0.6363970513567556,0.8788636122201094,-0.775774884243456,0,157
1,0.15242335971798224,-0.46503637674365117,0.44292153128825046,1,157
2,-0.13897161297920863,0.4323680030009099,-0.47829848822628207,2,157
0,-0.6360350509053705,0.886509014622135,-0.7683025105131527,0,158
1,0.15223828176043103,-0.4690708508136045,0.43909517271364334,1,158
2,-0.13913492189514948,0.43651354035517415,-0.4745603087177506,2,158
0,-0.6336418889931325,0.892909085255284,-0.7635320978389527,0,159
1,0.15098864238631637,-0.47237039384616475,0.4365451367719172,1,159
2,-0.1380835622036592,0.4398657909576846,-0.4720683863356061,2,159
0,-0.631156379664941,0.8953719337471155,-0.7626422960993225,0,160
1,0.14968851685739856,-0.47360885169385714,0.43599122039416704,1,160
2,-0.1368067057742849,0.4411083476121133,-0.4715266372667731,2,160
0,-0.6296634240640882,0.8960938647689132,-0.7625015016245557,0,161
1,0.14890725888621356,-0.47396731779913204,0.4358943673200105,1,161
2,-0.1360136534696175,0.4414656536871905,-0.47143186560186817,2,161
0,-0.6276322784609786,0.8970245244206029,-0.7619925513380975,0,162
1,0.14784449037277797,-0.47444697965891836,0.4356344735976869,1,162
2,-0.13494469634329356,0.44195290863028724,-0.4711779655716754,2,162
0,-0.6257304774720398,0.8979566370546774,-0.7610824075310706,0,163
1,0.14684959062793,-0.4749533629188262,0.4351906044984571,1,163
2,-0.13395940591305408,0.44248034393281843,-0.4707444604567385,2,163
0,-0.6251081034558849,0.8990671617277627,-0.7601449069538242,0,164
1,0.1465243035586761,-0.4755457837405463,0.43475210255764823,1,164
2,-0.13366136950132915,0.4430922094701217,-0.4703163166676139,2,164
0,-0.6251895243976203,0.8991441112880485,-0.7597678680921004,0,165
1,0.14656694246241933,-0.4756064645429825,0.4345658270489862,1,165
2,-0.1337072028572527,0.44316440157653886,-0.47013437523270335,2,165
0,-0.625453015801881,0.8993621485884169,-0.7595121464687946,0,166
1,0.14670483911081808,-0.47572641326495513,0.43444308652234115,1,166
2,-0.13384819733495318,0.4432900497465486,-0.47001451319662074,2,166
0,-0.6264121908880507,0.9004621221407099,-0.7583377108966475,0,167
1,0.14720671844742242,-0.4763155735111053,0.4338727616033491,1,167
2,-0.13435335359429615,0.44389969599442475,-0.4694575204668158,2,167
0,-0.6271307219289743,0.9017618548461358,-0.75673464465734,0,168
1,0.14758256683546658,-0.47700212322611774,0.43308689182725163,1,168
2,-0.13472228453935217,0.444605479558184,-0.4686899741299283,2,168
0,-0.6273727070139781,0.9027631539170828,-0.7554462240292118,0,169
1,0.1477090021755302,-0.47752415828725236,0.4324455849408101,1,169
2,-0.13483494364428453,0.44513877271421237,-0.46806355849827513,2,169
0,-0.6272182552072629,0.9028395248901618,-0.7553340392541242,0,170
1,0.14762812490666652,-0.4775602366334867,0.4323850236839479,1,170
2,-0.13474855370178274,0.44517377428031557,-0.46800437393770045,2,170
0,-0.6271409154433378,0.9027815665261031,-0.7554051575814675,0,171
1,0.14758765075105798,-0.4775287566736392,0.4324187087988733,1,171
2,-0.13470726274598152,0.44514098880007075,-0.4680372661543488,2,171
0,-0.6192066827632475,0.7628848657527407,-0.6280626945098963,0,172
1,0.14341519907580177,-0.4066470131572578,0.3699649716694554,1,172
2,-0.12881908279838056,0.37375001663815766,-0.40703953830017847,2,172
0,-1.1196146812869747,4.219300429288879,-3.5699812454027082,0,173
1,0.40520421089624,-2.089352268453992,1.8038739745963464,1,173
2,-0.38870773225412214,2.03353829816148,-1.8074625698453175,2,173
0,-0.7039284936836976,1.348074924065786,-1.1261455947581245,0,174
1,0.1877375105215317,-0.6915382157253165,0.6127336080251842,1,174
2,-0.1728196525025372,0.6547612502116597,-0.6441388165635867,2,174
0,-0.6955553580589721,1.0955278923625122,-1.112260143392502,0,175
1,0.1833570464340716,-0.5704013137365573,0.6060508717525335,1,175
2,-0.1684670597595518,0.5362369123807694,-0.637612685668914,2,175
0,-0.6855386931446084,1.0197779320254972,-1.0780497121724815,0,176
1,0.1781168825517627,-0.5337738431223413,0.5894388018940306,1,176
2,-0.1632702357899855,0.5002412691343648,-0.6213889543902538,2,176
0,-0.6721257121773838,0.9537383050175701,-1.0583866055070608,0,177
1,0.17109993001457408,-0.5018455762568405,0.5800257057642255,1,177
2,-0.15630935490493708,0.46886588352394465,-0.6121967732138647,2,177
0,-0.6702650039580741,0.9603816956262691,-1.0729301993417864,0,178
1,0.17012646454473013,-0.5050811708286875,0.5871972665773906,1,178
2,-0.15534022548093884,0.4720581333079121,-0.6192013870140345,2,178
0,-0.6562263076227399,0.9612936014252337,-1.1094524998775446,0,179
1,0.1627819695660966,-0.5054905295085135,0.6053723477771833,1,179
2,-0.14803815134208514,0.4724435374307968,-0.6369544161709144,2,179
0,-0.6444606158069996,0.9553596002579063,-1.1269240609335225,0,180
1,0.15662683493361568,-0.5023335852927487,0.6143002629631787,1,180
2,-0.1419357936209353,0.469187149578458,-0.6456764723262993,2,180
0,-0.6368269967528252,0.9199641035349775,-1.1598941708427541,0,181
1,0.15263486073220656,-0.4837245530000493,0.6316743944864703,1,181
2,-0.13809879680827708,0.45009973527892944,-0.6626532019796557,2,181
0,-0.5824935206899677,1.0189707268082413,-1.7300251355194007,0,182
1,0.12422160785990133,-0.532703585954315,0.9116248158171016,1,182
2,-0.11080854622533672,0.4988257061932094,-0.9360791585942162,2,182
0,-0.6358707499321623,0.9217065793636933,-1.1699282412140803,0,183
1,0.15213479917361244,-0.4845865638253369,0.6366014067032287,1,183
2,-0.13761849962786396,0.4509572923164471,-0.6674653863022089,2,183
0,-0.6009316024422962,1.0022023933616595,-1.4688183810005913,0,184
1,0.13386365740521117,-0.5239278712943328,0.7860074153570061,1,184
2,-0.12006978491177508,0.48984415732086434,-0.8134061324001353,2,184
0,-0.635544868789728,0.9224573723770125,-1.172716021317873,0,185
1,0.15196438229223977,-0.48495350438181595,0.6379949324267927,1,185
2,-0.13745482090039723,0.4513199942397546,-0.6688265911535806,2,185
0,-0.6040427897944961,0.9997790771826836,-1.4258115464604795,0,186
1,0.13549062291120798,-0.5226596277097579,0.7649047102793444,1,186
2,-0.12163205794755393,0.4885461671083024,-0.79279533676046,2,186
0,-0.6353584207537285,0.9229150082049011,-1.1742139911372729,0,187
1,0.15186688078820904,-0.4851766716413704,0.6387460599581962,1,187
2,-0.13736117238033943,0.45154032086709134,-0.6695603119072874,2,187
0,-0.6344784741588358,0.9100065466252301,-1.1656609751697027,0,188
1,0.1514067243830508,-0.47863881884606074,0.634586900106615,1,188
2,-0.1369195715543876,0.444956776995003,-0.6654983421626065,2,188
0,-0.6311295107357341,0.9061617791885521,-1.160652738240511,0,189
1,0.1496554297422915,-0.4767739528531395,0.6320151318985094,1,189
2,-0.1352390083170312,0.44312097667025685,-0.6629857969005382,2,189
0,-0.619559602790428,0.8928789809929792,-1.1433504172180313,0,190
1,0.1436051045464655,-0.47033126443211964,0.6231302568893635,1,190
2,-0.12943304405407424,0.4367787035308278,-0.6543055237180914,2,190
0,-0.6179731916061987,0.9081073379331049,-1.1565730132612808,0,191
1,0.1427755507558731,-0.477665012933792,0.6298723730359392,1,191
2,-0.1286400806502636,0.44397008831255735,-0.6608920918479727,2,191
0,-0.6166261225798729,0.9236349171695434,-1.1678324062381662,0,192
1,0.14207124574208582,-0.48511516452292197,0.6356031719386771,1,192
2,-0.1279744131548606,0.45126073847930753,-0.6664906120590814,2,192
0,-0.6171573048842739,0.9183352130506884,-1.1639612497301048,0,193
1,0.14234909368050677,-0.4825466875406514,0.6336141130154263,1,193
2,-0.12824696272876523,0.44873340905242604,-0.664547350172207,2,193
0,-0.6177088690944377,0.9130171981323854,-1.16125981985595,0,194
1,0.14263780137014903,-0.4799284384781039,0.6321780774017792,1,194
2,-0.12854617629163256,0.4461352751323583,-0.6631440875523547,2,194
0,-0.6189343733106585,0.9004272963172696,-1.1773157395189786,0,195
1,0.1432798132264944,-0.4736293900561326,0.6395250997052697,1,195
2,-0.12925514124700152,0.439831768042834,-0.6703164761229572,2,195
0,-0.6198221911714776,0.9044598272460265,-1.1731711045700801,0,196
1,0.14374439701719227,-0.47541958816161856,0.6373570887979456,1,196
2,-0.12972610094282486,0.44150566989567513,-0.6681981495402383,2,196
0,-0.6202807997583862,0.9035073575840816,-1.1746465348005644,0,197
1,0.14398449739167296,-0.47484937291932083,0.6379589031089532,1,197
2,-0.12997887668023922,0.440886620108569,-0.6687851600127994,2,197
0,-0.620547450050561,0.9003656593746863,-1.177536449162075,0,198
1,0.14412427094250085,-0.4731589054905081,0.6392807254594315,1,198
2,-0.13013982675941563,0.4391336378662768,-0.6700755596465015,2,198
0,-0.6208046075203211,0.88303923947373,-1.1917773701751149,0,199
1,0.14426007336404206,-0.463954442060201,0.6460217750867485,1,199
2,-0.1303770871297391,0.4296457275797734,-0.6766579075700642,2,199
0,-0.6197273332960922,0.8429763564175482,-1.2234297195190016,0,200
1,0.14369914282063725,-0.44277365679240854,0.6613250662818305,1,200
2,-0.13003368837435056,0.4078624399774502,-0.6916030280886707,2,200
0,-0.6146599803430632,0.7513806444851049,-1.2915243516585813,0,201
1,0.1410536954957295,-0.3944769369192126,0.6946757289404346,1,201
2,-0.12785458724874085,0.35825494613695463,-0.7241758835438982,2,201
0,-0.6069319503005061,0.6662292296652075,-1.33981258951921,0,202
1,0.1370151520894113,-0.34974357706232057,0.7187427263351628,1,202
2,-0.12419895923507808,0.31238866858374,-0.7476842395073223,2,202
0,-0.6000085358349238,0.6527558311567052,-1.333676325687572,0,203
1,0.1333926874973405,-0.3428841129644241,0.7161110237288285,1,203
2,-0.12056468557000527,0.3054631425917116,-0.745116289954833,2,203
0,-0.597716826163865,0.6519232597932223,-1.3374332066664463,0,204
1,0.13219345046292588,-0.3425667089396302,0.7180088942223863,1,204
2,-0.11934781944707261,0.3051967793212321,-0.7469702661357758,2,204
0,-0.595940944178026,0.6602238138344426,-1.3340567273037132,0,205
1,0.13126357611848563,-0.34696606861196877,0.7163754456514009,1,205
2,-0.1183585874162543,0.309726640790699,-0.7453750417660744,2,205
0,-0.5899159729756089,0.6656632611195911,-1.3333513498333012,0,206
1,0.12811030715775945,-0.34981179778646404,0.7160702369840073,1,206
2,-0.11512348669923225,0.3126386182699861,-0.7450772072604783,2,206
0,-0.5729745190465773,0.6685004077489546,-1.3343579812388082,0,207
1,0.11924414584156962,-0.3513305919225528,0.716512731972972,1,207
2,-0.10606194856843966,0.314209827755375,-0.7455090610435489,2,207
0,-0.5564077171333781,0.6545816027967509,-1.3447889825842108,0,208
1,0.11057485042901279,-0.34379446139161723,0.7216717809960661,1,208
2,-0.09726571395388549,0.3063725162396035,-0.750548109911726,2,208
0,-0.5546139677546451,0.6513788814313118,-1.344586242643769,0,209
1,0.10963597614228174,-0.34218174150465813,0.721456303051373,1,209
2,-0.09629556607986492,0.30475332064323996,-0.7503369184999427,2,209
0,-0.5534897195919144,0.6420209754323437,-1.3479161122966443,0,210
1,0.10904764375781255,-0.33729518390140933,0.723009825866694,1,210
2,-0.09569693205850885,0.2997575399354272,-0.7518537180351037,2,210
0,-0.5533968248459762,0.6373360976831038,-1.3495497875200573,0,211
1,0.10899865265506062,-0.3348358947753436,0.7237893995774106,1,211
2,-0.09561659151291509,0.29723688266891546,-0.7526149797661872,2,211
0,-0.55446390738135,0.6193104313940415,-1.3557325951907397,0,212
1,0.10955383871213274,-0.3253743620988597,0.7267682935772687,1,212
2,-0.09592100311142357,0.28753969251229405,-0.7555240864855672,2,212
0,-0.5586225254108735,0.5969851886112665,-1.3629380893632916,0,213
1,0.11172245399579983,-0.3136733051587273,0.7302850616587193,1,213
2,-0.097511697196592,0.2755557196923983,-0.7589587581997892,2,213
0,-0.5695523515163611,0.5731846290131294,-1.368986938283952,0,214
1,0.11742554794875995,-0.30123612921353843,0.7333223689144528,1,214
2,-0.10197515201143341,0.26283615100294194,-0.7619257045778827,2,214
0,-0.5889826935758002,0.5799968168404245,-1.3644880827628187,0,215
1,0.127574899558563,-0.3047744648720217,0.7311320129987023,1,215
2,-0.11078831692046487,0.2664442185610586,-0.7597865153066152,2,215
0,-0.5817287396274631,0.5751543618359456,-1.3650680057321274,0,216
1,0.12377053131808714,-0.3024323671043984,0.7317238365780965,1,216
2,-0.10624908337211456,0.2641421907221631,-0.7603664937534953,2,216
0,-0.5850969681076542,0.5865352668170662,-1.3629173405758335,0,217
1,0.1255379913177612,-0.3083305867942961,0.7305808779102144,1,217
2,-0.1084366071796553,0.2701500932517492,-0.7592496212752432,2,217
0,-0.5852335097741005,0.5900615427093676,-1.3617925258777697,0,218
1,0.1256104171991638,-0.3101707067113526,0.7300359999665371,1,218
2,-0.10858867137048504,0.272030724690197,-0.7587174893205921,2,218
0,-0.5852434433240703,0.5906396430425952,-1.3615711131944066,0,219
1,0.12561576695610818,-0.3104716646925661,0.7299340318164126,1,219
2,-0.108606322729447,0.27233795518182796,-0.7586179404461538,2,219
0,-0.585270239213046,0.5906082811252579,-1.3616111648818134,0,220
1,0.12562978761775967,-0.3104545820258733,0.729956039188082,1,220
2,-0.10862043210852694,0.27232014096814566,-0.7586394497673206,2,220
0,-0.5853589833151593,0.5905135295450896,-1.3616538912236689,0,221
1,0.125676213661672,-0.3104045879582877,0.7299784440352968,1,221
2,-0.10866647809304804,0.2722687737151467,-0.7586613414910786,2,221
0,-0.5854790678788232,0.5904450904843285,-1.361658790993283,0,222
1,0.1257390420891795,-0.3103691367705446,0.7299813927674526,1,222
2,-0.10872933853375766,0.27223267213995067,-0.7586642249438569,2,222
0,-0.5854923942609935,0.5903774000891411,-1.3616821126506131,0,223
1,0.12574599891670452,-0.3103334466035956,0.7299925874243484,1,223
2,-0.10873504440719096,0.2721960141863649,-0.7586751570706664,2,223
0,-0.5854923942609935,0.5903774000891411,-1.3616821126506131,0,224
1,0.12574599891670452,-0.3103334466035956,0.7299925874243484,1,224
2,-0.10873504440719096,0.2721960141863649,-0.7586751570706664,2,224
0,-0.7631820683958127,2.134539512360967,-5.847021362861402,0,225
1,0.21870954628550346,-1.066209762305342,2.9117134055099956,1,225
2,-0.20142644005604973,1.0199690947352336,-2.8894179032222285,2,225
0,-0.5977090782232721,0.6965430543625357,-1.6700622835875711,0,226
1,0.13213751425796869,-0.36230215051653814,0.8799922644357047,1,226
2,-0.11510784852300858,0.32360759702056835,-0.905169942777238,2,226
0,-0.5889432361164685,0.6203659701881714,-1.4487901367718519,0,227
1,0.1275514077107475,-0.3250130257096193,0.7723629364762481,1,227
2,-0.11053516784883127,0.28671822352306225,-0.8000554808709711,2,227
0,-0.5888000235870043,0.6005276391891712,-1.4609582772027603,0,228
1,0.12747648791096147,-0.315434608468934,0.7783276582607679,1,228
2,-0.11046095299474191,0.2773125435902002,-0.8058811255550921,2,228
0,-0.5884275578362639,0.6017133235490114,-1.4605291636246058,0,229
1,0.12728162065362303,-0.3159761461107237,0.7781504911189557,1,229
2,-0.1102665826897348,0.27782773876391714,-0.8057083001829468,2,229
0,-0.5804519929553339,0.6266426042569496,-1.4654311126067316,0,230
1,0.12310895979484232,-0.3273784910326758,0.7811262560720089,1,230
2,-0.10610525471702859,0.2886847152643772,-0.8086183204242212,2,230
0,-0.5818696997843631,0.6138435431032206,-1.4625339003478428,0,231
1,0.12385067821350461,-0.3213416981225718,0.7795009490887458,1,231
2,-0.10684509592390176,0.28283335131032783,-0.807029606766228,2,231
0,-0.5821815726179222,0.6026896714459398,-1.4694082216322284,0,232
1,0.12401384993335246,-0.31601649444984364,0.7827612298308142,1,232
2,-0.10700830046224263,0.2776364096509439,-0.8102131733287392,2,232
0,-0.5813877993413981,0.5975976006119358,-1.4758774243326522,0,233
1,0.1235985685868996,-0.3135148414362872,0.7859726776204122,1,233
2,-0.10659458545274758,0.2751567900296542,-0.8133499970942226,2,233
0,-0.5784946210660699,0.587814202438317,-1.497567066525687,0,234
1,0.12208492797112436,-0.30859269718527793,0.7966772630821177,1,234
2,-0.1050861965666941,0.27021706679556334,-0.8238054485785752,2,234
0,-0.5790301221509677,0.590218793114602,-1.4863527015643014,0,235
1,0.12236508965168334,-0.3097744740328307,0.7911614118364099,1,235
2,-0.10536542789584735,0.2713886667239435,-0.8184180897121397,2,235
0,-0.5786181976314517,0.590198019652854,-1.48295689228082,0,236
1,0.12214958153674296,-0.30970458169434295,0.7894348052175739,1,236
2,-0.10515073126071973,0.2712879619002009,-0.8167313477009293,2,236
0,-0.5767933206119293,0.5871183930769114,-1.4820675126435643,0,237
1,0.12119485239098589,-0.308013850462835,0.7888481717785891,1,237
2,-0.10419949171387961,0.2695185222104572,-0.8161574352214076,2,237
0,-0.5732749419340688,0.5792473100729153,-1.4854803071690357,0,238
1,0.11935412487283696,-0.3038618902658072,0.7903581522099765,1,238
2,-0.10236537384899742,0.26525305148818995,-0.8176311726769429,2,238
0,-0.5651670682459268,0.5609809742879518,-1.4944064745761867,0,239
1,0.11511228534446888,-0.29426233011024516,0.7945650701837454,1,239
2,-0.09813850132548843,0.2554086288815095,-0.8217389281883508,2,239
0,-0.5468854456635927,0.5196517515993962,-1.5132829394001581,0,240
1,0.1055477918094872,-0.27253636551834415,0.8037017327477247,1,240
2,-0.08860779356473585,0.23312548335655184,-0.8306618149754177,2,240
0,-0.5288398505917011,0.4733299026857221,-1.5284024050804088,0,241
1,0.09610681319405692,-0.2482155093510149,0.811274078615666,1,241
2,-0.07920267692045721,0.20819548108072505,-0.8380586218192314,2,241
0,-0.5272520488356499,0.4618386323530538,-1.534679932430013,0,242
1,0.09527615409442967,-0.24214841547135568,0.8145484349119488,1,242
2,-0.0783781436160414,0.20195982085492098,-0.8412578840132175,2,242
0,-0.5306615520383328,0.46405475131413393,-1.5324594529675282,0,243
1,0.09705993746144394,-0.24336295515365047,0.8135335900956427,1,243
2,-0.08015687410675155,0.20322990135022284,-0.8402671696977394,2,243
0,-0.5326205945187167,0.4660915514805987,-1.532067959538327,0,244
1,0.09808486547314926,-0.24442068623769367,0.8133555689078219,1,244
2,-0.08117861372568178,0.20430837391031123,-0.8400933875908762,2,244
0,-0.5368694791171775,0.46778067565401205,-1.5315759981394643,0,245
1,0.10030778915715947,-0.24530032122654877,0.8131280209929337,1,245
2,-0.08339466686887799,0.20520648123015844,-0.8398712317849601,2,245
0,-0.5434850286410032,0.4662599569011491,-1.5316444402150815,0,246
1,0.10376888923201157,-0.24450171535498644,0.8131644535837348,1,246
2,-0.08684417895254211,0.20438779118416117,-0.8399068332089706,2,246
0,-0.5467256886348535,0.46192130869632003,-1.5320810487930325,0,247
1,0.1054642747687738,-0.24221354463178518,0.8133663786302453,1,247
2,-0.08852972430810978,0.20203728298822649,-0.8401039731835676,2,247
0,-0.5468731408519721,0.45873004663755196,-1.533400989345194,0,248
1,0.1055413515640745,-0.24056939935478824,0.8139951499852205,1,248
2,-0.08860116059392828,0.20036742735488638,-0.8407179677433737,2,248
0,-0.5462685326030872,0.45908284499995494,-1.5330425552864946,0,249
1,0.10522503945331406,-0.24073733923577043,0.8138225078883983,1,249
2,-0.08828628813007487,0.20053105298395488,-0.8405493705142681,2,249
0,-0.5460105360090808,0.4589781687739566,-1.533012038993348,0,250
1,0.10509004932462968,-0.24068112754868431,0.813807314417595,1,250
2,-0.08815075214465437,0.2004728163476499,-0.8405345298128317,2,250
0,-0.5456129984296003,0.4587495112391564,-1.5329905225611113,0,251
1,0.10488201482451734,-0.2405601759626157,0.8137962405335114,1,251
2,-0.08793920604545954,0.20034839339337476,-0.8405237107874796,2,251
0,-0.5448936859666069,0.4582557586641453,-1.5329646911903725,0,252
1,0.10450549283182899,-0.24029981185939628,0.8137830739088742,1,252
2,-0.0875482495902672,0.20008095440320434,-0.8405108479595665,2,252
0,-0.5439037224720555,0.4573634503718574,-1.5329726817112528,0,253
1,0.10398703758773245,-0.2398301003240772,0.8137875861242484,1,253
2,-0.08698881881981269,0.1995988805384372,-0.84051525874811,2,253
0,-0.5428189989152529,0.45588225926215986,-1.5330484132092772,0,254
1,0.10341823998601025,-0.23905212979488003,0.8138280504172879,1,254
2,-0.08631742840048952,0.19880128439680617,-0.8405548007819748,2,254
0,-0.5424926604259822,0.454206588762471,-1.5331279176939843,0,255
1,0.10324502323192858,-0.23817652281117127,0.8138734511289121,1,255
2,-0.08594445248800682,0.19790581027766246,-0.8405991837483814,2,255
0,-0.5438347954302301,0.45416845010033624,-1.5330655895016747,0,256
1,0.10394410215083924,-0.23816182441765973,0.8138368497189404,1,256
2,-0.08639161973147552,0.19789336782761038,-0.840563397325887,2,256
0,-0.5479299889621208,0.4553955508754346,-1.5314006034428516,0,257
1,0.10608450959649851,-0.23885904504404537,0.8130634491902008,1,257
2,-0.08835537226127567,0.1986341359591218,-0.8398083015876753,2,257
0,-0.5457516166203588,0.45474281435194314,-1.532286266001097,0,258
1,0.10494595427709409,-0.2384881697443078,0.8134748471638972,1,258
2,-0.08731078568345765,0.1982400962643487,-0.8402099626224199,2,258
0,-0.5472824134918733,0.455680545051886,-1.5325244142098309,0,259
1,0.10574648902626939,-0.23897229139438714,0.8135872311335645,1,259
2,-0.08808104194656377,0.19873229084302133,-0.8403196985112296,2,259
0,-0.5479876387108554,0.4562281034061849,-1.5326112161792476,0,260
1,0.10611573327243654,-0.23925642086551047,0.813629949326751,1,260
2,-0.08847219434127372,0.19902188075886051,-0.8403614217321024,2,260
0,-0.5480312305857082,0.4562592497273413,-1.5326164461242355,0,261
1,0.10613861267467062,-0.23927215296373028,0.8136333313802492,1,261
2,-0.08850089713426802,0.19903770092802356,-0.8403647301275846,2,261
0,-0.548042342287352,0.4562143497087553,-1.5326445880876802,0,262
1,0.10614446412575206,-0.23924875200652715,0.8136474259881914,1,262
2,-0.08850979924397931,0.1990137992886211,-0.8403784980010212,2,262
0,-0.5480827251622005,0.45608055615307114,-1.5326879202117467,0,263
1,0.1061656050282191,-0.23917807897461213,0.8136695156729413,1,263
2,-0.08853196062375807,0.1989411462888904,-0.8404000780214483,2,263
0,-0.54813503992219,0.4558948790358441,-1.532745274210258,0,264
1,0.10619296204220097,-0.2390812634313043,0.8136973386730744,1,264
2,-0.08855819058515302,0.19884223721909752,-0.8404272504315733,2,264
0,-0.5481612497164028,0.455834382835132,-1.5327432368715699,0,265
1,0.10620662682179516,-0.23904914486435014,0.8136963334307395,1,265
2,-0.08856797328572485,0.19880913900002042,-0.8404262685864272,2,265
0,-0.5854923942609935,0.5903774000891411,-1.3616821126506131,0,266
1,0.12574599891670452,-0.3103334466035956,0.7299925874243484,1,266
2,-0.10873504440719096,0.2721960141863649,-0.7586751570706664,2,266
0,-0.8541842418837167,2.2967473619062795,-5.520118744882117,0,267
1,0.2663157848901466,-1.142419485892575,2.7546056361287987,1,267
2,-0.248553890929152,1.0936749910087809,-2.735993288509916,2,267
0,-0.6160607199408381,0.7845063741708965,-1.8347759054758297,0,268
1,0.14173823327885665,-0.4049975656220205,0.9603271941347149,1,268
2,-0.12464184647237625,0.36565339715063166,-0.9836291523231303,2,268
0,-0.610749130726937,0.6719257404679633,-1.7750492196397905,0,269
1,0.13895928305929772,-0.3508735631850117,0.9314040869188932,1,269
2,-0.12186804364638633,0.3126300898315269,-0.9553826859628929,2,269
0,-0.6003910965697427,0.6153068178031681,-1.6557775287378158,0,270
1,0.13354024536608905,-0.3232815240906033,0.8734301028332754,1,270
2,-0.11647056952641499,0.28539898046833045,-0.8987635850081627,2,270
0,-0.593512224750478,0.6161316061769692,-1.6066024858697383,0,271
1,0.12994146281723187,-0.3232917422002635,0.8496737245456675,1,271
2,-0.11289041389993648,0.2852011277289477,-0.8755633413877331,2,271
0,-0.5921224419026462,0.6278958385494426,-1.6125614059463178,0,272
1,0.12921441343579862,-0.3287104067605421,0.8526448943046647,1,272
2,-0.11217002070635153,0.2903820272498951,-0.8784655522321366,2,272
0,-0.591448487812886,0.6251552519617022,-1.615933881912365,0,273
1,0.12886181323595675,-0.3272488651211194,0.8543043470353132,1,273
2,-0.11181833852629824,0.2888727336258493,-0.8800863521336443,2,273
0,-0.5904532406333536,0.6211081497730682,-1.6209141131243159,0,274
1,0.12834111848875324,-0.32509056499874867,0.8567549080970148,1,274
2,-0.11129899944503548,0.28664391678915685,-0.882479833462815,2,274
0,-0.5892382708986827,0.6149903916799262,-1.6240605117278948,0,275
1,0.12770547721251418,-0.32208180692358956,0.8582812574383721,1,275
2,-0.11066567525919709,0.2836599728012841,-0.8839704919133096,2,275
0,-0.582846059259396,0.5947082278973789,-1.630287650826635,0,276
1,0.124361226409718,-0.31194384025131583,0.8613298573302104,1,276
2,-0.10733295497427665,0.2735198538034914,-0.886947984054816,2,276
0,-0.5695555881871323,0.5889413068201768,-1.6380033711558388,0,277
1,0.11740796237692439,-0.30825885420451876,0.8651426149842951,1,277
2,-0.10040282295588111,0.26941881272671786,-0.890672035397389,2,277
0,-0.5625832395906181,0.5881463235420178,-1.6368185436386151,0,278
1,0.11376019871130987,-0.30738426330255125,0.8645761990165474,1,278
2,-0.09676769974731385,0.2682970593026727,-0.8901189176807924,2,278
0,-0.5523952322688651,0.5752511752144697,-1.6370404284549462,0,279
1,0.10843008392273878,-0.3004827641148932,0.8646680858782354,1,279
2,-0.0914563393764391,0.2611581496080408,-0.8902085548007472,2,279
0,-0.5498026452329963,0.5629540629636473,-1.6380117766773024,0,280
1,0.10707371011347344,-0.29439275582307706,0.865242453611435,1,280
2,-0.0901050563000484,0.25509617121088496,-0.8907701543246647,2,280
0,-0.5428901390969487,0.5382187359845033,-1.645525392192916,0,281
1,0.1034572651977938,-0.2819988121591862,0.8691178824052294,1,281
2,-0.08650200029021005,0.24268402926249327,-0.8945564432397802,2,281
0,-0.5384584357442369,0.550671882728363,-1.6683592881229095,0,282
1,0.1011386984787172,-0.2876191806174934,0.8802460875211661,1,282
2,-0.08419090189893612,0.2479928510162097,-0.9054247646941272,2,282
0,-0.5418598394753736,0.5411138919451932,-1.6508339050746157,0,283
1,0.10291823579461908,-0.2833054572648792,0.8717050107861809,1,283
2,-0.0859647071529123,0.24391824477931343,-0.8970831528569119,2,283
0,-0.5412625120019904,0.5390183798949181,-1.6520575746633364,0,284
1,0.10260573252079014,-0.28223437750605795,0.8722596220374128,1,284
2,-0.08565360708392389,0.2428347003001793,-0.8976245451138161,2,284
0,-0.5355715764253794,0.5212285108932422,-1.6591766691006626,0,285
1,0.09962841866022483,-0.273035678521787,0.8753536899727324,1,285
2,-0.08269028751851999,0.23347542675783242,-0.90064395586985,2,285
0,-0.5319286529091636,0.5125357145292473,-1.6590971103339043,0,286
1,0.09772256403460998,-0.26841210953663025,0.8751670673275475,1,286
2,-0.08079382726917868,0.22870674070730507,-0.9004607466251437,2,286
0,-0.5223474399634386,0.4898084267478133,-1.6594662009684722,0,287
1,0.09271000280319701,-0.25632392050295494,0.8751811725920418,1,287
2,-0.07580645723431634,0.21623920416474618,-0.9004734630211512,2,287
0,-0.5084417555213275,0.454921292427588,-1.6629993869046336,0,288
1,0.08543503354304058,-0.23787887844119635,0.8768723288357025,1,288
2,-0.06856859693095772,0.19726917869984606,-0.9021249280992502,2,288
0,-0.4829705306889649,0.3864822864941476,-1.675617241512152,0,289
1,0.07210939607799813,-0.20190312299442037,0.883221013072849,1,289
2,-0.05531248721664318,0.16037143020968436,-0.908326621522778,2,289
0,-0.4718244227390147,0.34744928907146627,-1.6964725179562425,0,290
1,0.06627829624727945,-0.1815086461171046,0.8942178455896255,1,290
2,-0.049523650120574844,0.13951513989118222,-0.9190719616025819,2,290
0,-0.4786618254935692,0.371393460911067,-1.6836791801161541,0,291
1,0.06985529175312437,-0.19401931378736254,0.8874720134768189,1,291
2,-0.05307472022361458,0.15230909967641323,-0.9124804035277656,2,291
0,-0.4723795235254601,0.3466454079367319,-1.6856260952953168,0,292
1,0.06656865446107178,-0.18124833523788558,0.8884051288340069,1,292
2,-0.04980840094235244,0.1393280075985281,-0.9133916267963524,2,292
0,-0.473077337232746,0.34608927471819984,-1.6852253143324525,0,293
1,0.0669337508777515,-0.18099486733957193,0.8882070829263404,1,293
2,-0.050173620241507996,0.1390871722763133,-0.9131981885681435,2,293
0,-0.4742308303041316,0.3458283996541047,-1.6850844746284899,0,294
1,0.06753726117861308,-0.18088662419367044,0.8881368445660645,1,294
2,-0.05077751550201936,0.13899037169562195,-0.9131295803041856,2,294
0,-0.4774468808544156,0.34525591079801493,-1.6849104560304113,0,295
1,0.06921991710689439,-0.1806285572852903,0.8880510481065715,1,295
2,-0.05246210603913854,0.13874678723124165,-0.9130457811886209,2,295
0,-0.4844843483786363,0.3434917393518209,-1.6848047534944708,0,296
1,0.07290198461771,-0.17974843255792192,0.8880007245167703,1,296
2,-0.0561503827480355,0.13786735029299219,-0.9129966404477782,2,296
0,-0.49617020204176016,0.3396030260394476,-1.6849693324142796,0,297
1,0.07901616821156521,-0.17772246319592702,0.8880869030015489,1,297
2,-0.062277929248084694,0.13579840459431025,-0.9130808445102818,2,297
0,-0.5061647982333074,0.3351019664208219,-1.6845560998397657,0,298
1,0.08424553212555969,-0.17529850548089396,0.8879079815681977,1,298
2,-0.06752414208712322,0.13328382016242865,-0.9129062451392989,2,298
0,-0.5077320759994002,0.3344483970164432,-1.6853949899806013,0,299
1,0.08506558723648512,-0.17490257261837677,0.888311825396155,1,299
2,-0.06834888795180408,0.1328519649746028,-0.9133006258480953,2,299
0,-0.5068092971252417,0.33484531910372567,-1.6856008842235182,0,300
1,0.08458278745691153,-0.17509387146304106,0.8884119402412108,1,300
2,-0.06786580505456714,0.13303962932400284,-0.9133984011895753,2,300
0,-0.5065190696464626,0.3350063148226271,-1.6855729717794887,0,301
1,0.08443093934986676,-0.1751761648139445,0.8883988034768467,1,301
2,-0.06771382748524714,0.13312288216602094,-0.9133855741973494,2,301
0,-0.5064519626808464,0.33507148290109506,-1.6855438976080637,0,302
1,0.08439583378803969,-0.17520980060315344,0.8883849608989796,1,302
2,-0.06767909961820308,0.13315707458961226,-0.91337205698246,2,302
0,-0.506335068275626,0.3352687299380346,-1.685467860225977,0,303
1,0.08433470114236932,-0.1753120739641176,0.888348823149094,1,303
2,-0.06762008789183122,0.1332612742492394,-0.9133367690552179,2,303
0,-0.5062615784083065,0.3355945018105591,-1.6853709029619053,0,304
1,0.08429631374915243,-0.17548163007310344,0.8883027602738701,1,304
2,-0.0675867306880297,0.13343434427211723,-0.9132917895173999,2,304
0,-0.5062873250231534,0.3362777430660337,-1.6852160207937368,0,305
1,0.08430995381380767,-0.17583813000996998,0.8882290049101919,1,305
2,-0.06761403849063848,0.13379867470925252,-0.9132197676455205,2,305
0,-0.5065686198022881,0.3373088508666946,-1.685042971980581,0,306
1,0.08445746358072831,-0.1763767764377453,0.8881457153332912,1,306
2,-0.0677887123539976,0.1343494685543705,-0.9131384298687949,2,306
0,-0.5072148854638784,0.33850510615581036,-1.6849184301144375,0,307
1,0.08479617718807232,-0.17700032630110446,0.8880834388916704,1,307
2,-0.0681748900855557,0.13498640267534154,-0.9130775977060416,2,307
0,-0.5079247130139495,0.3395193068379543,-1.6849958546180617,0,308
1,0.08516831527325226,-0.17753205780549056,0.8881175625330392,1,308
2,-0.0686081220608727,0.13553107507680082,-0.913110901368745,2,308
0,-0.5085153415072718,0.33966820311483437,-1.685170417705285,0,309
1,0.08547795533794637,-0.17761310994498417,0.8881968894069904,1,309
2,-0.06896810727413746,0.13561557403481606,-0.9131883389436117,2,309
0,-0.5085037829989586,0.3394014882257282,-1.6854218848668479,0,310
1,0.08547253323959679,-0.17747963320410032,0.8883131620792035,1,310
2,-0.06901311155236667,0.13548198601573283,-0.9133018560880363,2,310
0,-0.5078964942004126,0.3388170059772498,-1.6856647752906677,0,311
1,0.08515558526056698,-0.17718339782684767,0.8884246529516208,1,311
2,-0.06875942448432538,0.13518357413669674,-0.9134106992582317,2,311
0,-0.5068065290121802,0.33815235387277404,-1.685864555452199,0,312
1,0.08458618386049069,-0.17684083655615046,0.8885165259569021,1,312
2,-0.0682598975819344,0.134835590263412,-0.9135003916062144,2,312
0,-0.5049499360729939,0.3371728394885769,-1.686182165989303,0,313
1,0.08361646537143522,-0.17632505502463716,0.8886659217708703,1,313
2,-0.0674230521732177,0.13430615296646622,-0.913646264022112,2,313
0,-0.5054626123326816,0.33678732525406824,-1.685618000530406,0,314
1,0.08388868227571988,-0.17614384416016812,0.888413578402826,1,314
2,-0.06801668516806673,0.13413084852945742,-0.9133999582515879,2,314
0,-0.505157025680685,0.3370171155008268,-1.685954277918913,0,315
1,0.08372642422139155,-0.1762518570051791,0.888563990604555,1,315
2,-0.06766284331176277,0.13423534077963178,-0.9135467716730393,2,315
0,-0.5042308927064086,0.3361168134328471,-1.6862993782417237,0,316
1,0.08324294328997428,-0.1757613263745398,0.888733564993408,1,316
2,-0.0672656677906071,0.13372373675058774,-0.913712394760972,2,316
0,-0.5043052947073607,0.3359700511582532,-1.6863227339424869,0,317
1,0.08328185226583981,-0.1756747463853522,0.8887497664120697,1,317
2,-0.06730312363778398,0.13363029589929284,-0.9137282486159913,2,317
0,-0.5044308836719666,0.3360333474267697,-1.6862923641392247,0,318
1,0.08334741847919126,-0.17570683066966558,0.8887365800969841,1,318
2,-0.06735726172872224,0.13366261774777707,-0.9137153805674904,2,318
0,-0.5044389695547403,0.3360557677616977,-1.6862912443718594,0,319
1,0.08335162075302835,-0.17571873856589165,0.8887363646061156,1,319
2,-0.06735918614590385,0.1336748910505276,-0.9137151722196423,2,319
0,-0.5044389695547403,0.3360557677616977,-1.6862912443718594,0,320
1,0.08335162075302835,-0.17571873856589165,0.8887363646061156,1,320
2,-0.06735918614590385,0.1336748910505276,-0.9137151722196423,2,320
0,-0.5588412031877528,0.6834321862991671,-5.899180856950853,0,321
1,0.11181219497253113,-0.3457803703881013,2.936745733049217,1,321
2,-0.095611871519327,0.3019233741914947,-2.913863157048834,2,321
0,-0.5133408975072796,0.39289754876451594,-2.3756533771138484,0,322
1,0.08800867183844906,-0.20354620616924418,1.2238555431124887,1,322
2,-0.07198222003375117,0.16120567012016007,-1.2410027129386032,2,322
0,-0.5059497297988527,0.3457024761378388,-1.803283980046122,0,323
1,0.0841419762436775,-0.1804413820172424,0.9456099693607402,1,323
2,-0.06814376852425826,0.13834718302251114,-0.9692596573634811,2,323
0,-0.5049027033117548,0.33901686257176317,-1.7222026214875212,0,324
1,0.0835942234575172,-0.1771683724169749,0.9061939396982757,1,324
2,-0.06760001677102764,0.1351090693183781,-0.9307647688565613,2,324
0,-0.5048014508849293,0.3373383108485794,-1.7221191887111968,0,325
1,0.08354125299320632,-0.17635968461225365,0.9061868408960698,1,325
2,-0.06754741934086363,0.13431590666605428,-0.9307580503364112,2,325
0,-0.5045263980907869,0.3380408639675694,-1.721857053552583,0,326
1,0.08339735831805258,-0.17667793306945823,0.9061390447658437,1,326
2,-0.0674045293728457,0.13461718546798088,-0.930711881423819,2,326
0,-0.5032459773223823,0.33942425170112595,-1.7292881290829474,0,327
1,0.08272750336374111,-0.17725185027167276,0.9099372596440742,1,327
2,-0.0667394258896543,0.13513038140686529,-0.9344225232567984,2,327
0,-0.5032251070980345,0.3381172055227218,-1.728358378690694,0,328
1,0.08271658564188789,-0.176622565582561,0.9094410601236137,1,328
2,-0.06672863256006183,0.1345134033447918,-0.9339376364474401,2,328
0,-0.5030546566442219,0.3353031177466272,-1.7279113386156015,0,329
1,0.08262741603476048,-0.175257034009883,0.9091209892423839,1,329
2,-0.06664025066611111,0.13316884208350593,-0.9336243871854883,2,329
0,-0.5029350598238391,0.3351851769660313,-1.728337299606255,0,330
1,0.08256484956093493,-0.1751897995921798,0.9093118548368767,1,330
2,-0.06657819792121582,0.13309730712640414,-0.9338106884687899,2,330
0,-0.5025564329551182,0.3351449760044741,-1.729039885601388,0,331
1,0.08236677301715006,-0.17513734826831479,0.9096259935478943,1,331
2,-0.06638176344395302,0.1330280989077621,-0.9341173102361798,2,331
0,-0.5023213895522981,0.33499646490199414,-1.7291479427307397,0,332
1,0.08224381160541241,-0.17504611652579202,0.9096725983891275,1,332
2,-0.06625984068253037,0.13292805028636653,-0.9341627879741101,2,332
0,-0.5014204146420007,0.33401166943854366,-1.7293478428057538,0,333
1,0.08177247295511149,-0.1744980108523205,0.9097589464058021,1,333
2,-0.06579252001191203,0.13235091938125432,-0.9342470486779714,2,333
0,-0.4996627613751379,0.3314726394516165,-1.7297033426443398,0,334
1,0.0808529698929149,-0.1731333099376542,0.9099226436306398,1,334
2,-0.06488092066244254,0.13093646524585614,-0.9344068619022795,2,334
0,-0.49537775680897156,0.32432826656123925,-1.7306524099551233,0,335
1,0.07861130433865465,-0.16934880497872712,0.9103769991335485,1,335
2,-0.06265870882109825,0.12704070751050645,-0.9348505543095095,2,335
0,-0.488654064694399,0.31170738538149023,-1.7329179757629776,0,336
1,0.07509386745963491,-0.16272970157032143,0.9114830423508885,1,336
2,-0.05917247325239442,0.12025945304204061,-0.9359307796367501,2,336
0,-0.48251565497330084,0.2958958629751275,-1.7259541747932197,0,337
1,0.07188278417729806,-0.1544940848845374,0.9081075083362989,1,337
2,-0.05600346919771442,0.11185012062155657,-0.93263419349529,2,337
0,-0.48736763818997336,0.30839376468442814,-1.7314585720173712,0,338
1,0.07442092074704873,-0.1610037634094199,0.9107756316989045,1,338
2,-0.05850834508340552,0.11849710927520755,-0.9352399140902676,2,338
0,-0.4835001354022995,0.2998215045634095,-1.7336786170240657,0,339
1,0.07239768855970026,-0.15655670045308798,0.9118805848479595,1,339
2,-0.05650433899290739,0.11396513302616075,-0.9363192096232682,2,339
0,-0.4832731594607191,0.2979630095360427,-1.7342456671813156,0,340
1,0.07227897477017249,-0.15562733643164378,0.9121750947351401,1,340
2,-0.05638882035125544,0.11303536366999034,-0.936606957675645,2,340
0,-0.4838925478774705,0.29867268670296565,-1.7341160343475668,0,341
1,0.07260301509724688,-0.15601002908772843,0.9121154356143121,1,341
2,-0.05671103867381313,0.11343260933063376,-0.9365487142940504,2,341
0,-0.4842279320492087,0.29900166187236155,-1.734042923800517,0,342
1,0.07277848260643313,-0.15618484604958707,0.9120804287259534,1,342
2,-0.0568861115004335,0.11361283532957939,-0.936514528929805,2,342
0,-0.48546513185494794,0.2997008410675301,-1.7338601014922026,0,343
1,0.07342579895592917,-0.15655685478104203,0.911993268350708,1,343
2,-0.057534686496381264,0.11399658121368464,-0.9364294164549247,2,343
0,-0.4877937980009645,0.3000130063399922,-1.7336920730464105,0,344
1,0.0746442473284556,-0.15672616138189951,0.911914437483151,1,344
2,-0.05876074598415346,0.11417279238424366,-0.9363524461194563,2,344
0,-0.4911182157248513,0.2988077314364301,-1.733743795345249,0,345
1,0.07638382323562264,-0.1560959824162224,0.9119422858277951,1,345
2,-0.06052019714763258,0.11352813023573372,-0.9363796609852475,2,345
0,-0.4930789948180046,0.2958239308578312,-1.7341905308953194,0,346
1,0.07741004555765034,-0.15452575205374117,0.9121593180238106,1,346
2,-0.06157433705610003,0.11191679108683393,-0.9365916203108552,2,346
0,-0.4932644334669246,0.2944847228953573,-1.734372384817417,0,347
1,0.07750724908489616,-0.15381236980795307,0.9122436453817278,1,347
2,-0.06168624652503018,0.111180494326049,-0.9366739508398855,2,347
0,-0.49276014662925927,0.29391852631007476,-1.7345044377630936,0,348
1,0.07724345756688612,-0.15351226227733722,0.91230760157773,1,348
2,-0.06142652434698543,0.11087147526714114,-0.93673641086931,2,348
0,-0.49237724184441406,0.2936854241258775,-1.7345640053996512,0,349
1,0.07704316225260786,-0.15338861640675075,0.9123365176952365,1,349
2,-0.06122943782949325,0.11074411284920907,-0.9367646509599131,2,349
0,-0.4914637441499605,0.29319448978992574,-1.7347108523416561,0,350
1,0.0765653960198564,-0.15312838981713459,0.912407692376823,1,350
2,-0.06076571496952181,0.11047615353039178,-0.9368341609520181,2,350
0,-0.49006394615961785,0.2925036129550848,-1.7349275746287962,0,351
1,0.075833508396506,-0.15276191093176528,0.9125128871339037,1,351
2,-0.06007287540991047,0.11009865282865937,-0.9369368963110654,2,351
0,-0.4877787221405671,0.2914415514195741,-1.7353610737589038,0,352
1,0.07463923247427365,-0.1521997909040563,0.9127223028076779,1,352
2,-0.058987407213137125,0.10952023938274409,-0.9371414095376764,2,352
0,-0.48464101333609977,0.290953675897317,-1.735663748323677,0,353
1,0.07300074418944863,-0.15193011314640037,0.9128691162765994,1,353
2,-0.05760338372081285,0.10923714434480238,-0.9372847899328125,2,353
0,-0.48170238119728026,0.2888778645448801,-1.7368563279554554,0,354
1,0.07146936213884254,-0.15085138585780358,0.913439851909583,1,354
2,-0.05656434143613656,0.10813689658393813,-0.9378421298965259,2,354
0,-0.4802477493374767,0.2964863197587759,-1.7364673028303428,0,355
1,0.0707163787870609,-0.15480627089855972,0.9132531597953382,1,355
2,-0.056462759904433356,0.11217119594384672,-0.9376598162563559,2,355
0,-0.48408938999599366,0.293818662097445,-1.7363769957455721,0,356
1,0.07272772916802084,-0.15344425148902613,0.9132000563025849,1,356
2,-0.058587884097747386,0.1107940858236685,-0.9376078948146185,2,356
0,-0.4868203111126389,0.2951413114843796,-1.7361246009999294,0,357
1,0.07415590105446834,-0.1541458725248642,0.9130768592844313,1,357
2,-0.059964347257199,0.11151681555871423,-0.937487573668065,2,357
0,-0.48778147795762455,0.295977191988871,-1.7362530224339643,0,358
1,0.07465847448698223,-0.15458203543269342,0.9131367798138588,1,358
2,-0.06044213425402997,0.111962568298156,-0.9375460777972447,2,358
0,-0.4877557984521131,0.2960570952025553,-1.7361474485730155,0,359
1,0.07464506241796931,-0.15462479984224642,0.9130862492221338,1,359
2,-0.060430609481377545,0.11200680385077248,-0.9374967331649783,2,359
0,-0.48775490044101705,0.2960815166186295,-1.7361380055614781,0,360
1,0.07464457316039984,-0.1546376544190403,0.9130816840943486,1,360
2,-0.06042855412834188,0.11201999631991837,-0.9374922748856289,2,360
0,-0.5044389695547403,0.3360557677616977,-1.6862912443718594,0,361
1,0.08335162075302835,-0.17571873856589165,0.8887363646061156,1,361
2,-0.06735918614590385,0.1336748910505276,-0.9137151722196423,2,361
0,-0.5730070694376482,1.0732372062660345,-6.079599171536216,0,362
1,0.11922143123072165,-0.5349714363862291,3.027281349095681,1,362
2,-0.1028340274300883,0.4882297423599398,-3.002301107715285,2,362
0,-0.514733423624629,0.44673231374760763,-2.3458794019597526,0,363
1,0.08873692553890969,-0.22965505010887552,1.2098062667444671,1,363
2,-0.07268519233333297,0.1869058926138459,-1.2272844853651315,2,363
0,-0.5072121202661033,0.36587014549833646,-1.863973067614177,0,364
1,0.08480233020264961,-0.19024826288144348,0.9752271315246752,1,364
2,-0.06879392156238405,0.14801441686216998,-0.9981854081260659,2,364
0,-0.5064449564987985,0.3543306566514276,-1.8334287121150472,0,365
1,0.08440102831087469,-0.18466969807982753,0.9604010120003601,1,365
2,-0.06839881553788787,0.14253269181939854,-0.9837059141531705,2,365
0,-0.5041072328846352,0.3454734986730918,-1.697636998000448,0,366
1,0.08317807383954273,-0.1802011458134811,0.8944304106278768,1,366
2,-0.06718702014170591,0.13804179940197034,-0.9192772939852746,2,366
0,-0.5056448135381623,0.3512990781685548,-1.7869506838729061,0,367
1,0.08398244229605015,-0.1831402270087025,0.9378209636245535,1,367
2,-0.06798404898887794,0.14099557428633988,-0.961653646477702,2,367
0,-0.5049623320018742,0.33360089065076,-1.7719544161450154,0,368
1,0.08362541867295575,-0.17458656014416316,0.9305977668560141,1,368
2,-0.06763101768319756,0.13259157719667775,-0.9545996825442908,2,368
0,-0.5053094968367241,0.3426036079699171,-1.7795827204027754,0,369
1,0.08380702951597273,-0.17893764099615786,0.9342720639320533,1,369
2,-0.06781059771344972,0.1368665239997433,-0.9581878942302732,2,369
0,-0.5050646380904537,0.3408956632015353,-1.7782742371453366,0,370
1,0.08367893990674147,-0.17808047220414808,0.9336636778071493,1,370
2,-0.06768412519894096,0.1360073832237903,-0.9575939034287044,2,370
0,-0.5048322841310691,0.3405321863762718,-1.7783398865709352,0,371
1,0.08355738340810633,-0.17788987720470886,0.9337297823040109,1,371
2,-0.06756343001926372,0.1358121353096455,-0.9576586821454176,2,371
0,-0.5016239616692689,0.3407450343791533,-1.7783003677430211,0,372
1,0.0818789430643256,-0.17775387250854785,0.9339429335399333,1,372
2,-0.06589694706489521,0.13555065429628962,-0.9578683408790429,2,372
0,-0.5004318400981193,0.33810860022236644,-1.781525575380333,0,373
1,0.08125528298593869,-0.17640285555603316,0.9355059134712831,1,373
2,-0.06527778786839503,0.13418216599783392,-0.9593947631041904,2,373
0,-0.4877919681168098,0.31678585692872674,-1.866975694828434,0,374
1,0.0746427177306253,-0.1652491399161874,0.9770825483124173,1,374
2,-0.058713071180477944,0.12276958417716025,-0.9999999999999994,2,374
0,-0.4998699086252263,0.3371606538695219,-1.785324435966209,0,375
1,0.08096130781443295,-0.17590699421606149,0.9373542881770363,1,375
2,-0.06498593990324025,0.13367479623004866,-0.9611999523189001,2,375
0,-0.49819012747010166,0.3319352607787642,-1.7818383967704572,0,376
1,0.08008252925959737,-0.17327912228902606,0.9355602105538734,1,376
2,-0.06411360997215539,0.13103809730176338,-0.959447164823854,2,376
0,-0.4978025762889406,0.330254819601493,-1.783433462220193,0,377
1,0.07987978323680685,-0.1724436339530589,0.936309774375015,1,377
2,-0.06391248225978549,0.13020474709839466,-0.9601790459679652,2,377
0,-0.4968180025936705,0.32730760951577204,-1.7853847986057914,0,378
1,0.07936470758694521,-0.17095254127528195,0.9372241671411984,1,378
2,-0.06340156461547625,0.12870405319084538,-0.9610718504579747,2,378
0,-0.49630833600319424,0.32630938426693096,-1.784990364335261,0,379
1,0.0790980781544423,-0.17043230415842023,0.9370247928133238,1,379
2,-0.06313713055811254,0.12817269369791448,-0.9608770865749194,2,379
0,-0.4961936801028376,0.3267687685788888,-1.7838326930144706,0,380
1,0.07903809882638096,-0.1706399232468389,0.9364490469852216,1,380
2,-0.06307783150403319,0.1283689698845412,-0.9603147126728916,2,380
0,-0.4958273153728528,0.3266095888942215,-1.7830902701317342,0,381
1,0.07884644103396612,-0.1705290801412011,0.9360570167087873,1,381
2,-0.06288807562671067,0.12824191606131266,-0.9599316446608069,2,381
0,-0.4954303456886893,0.32597818050317695,-1.7830607409915087,0,382
1,0.07863877226780029,-0.17019058701381198,0.9360268610004914,1,382
2,-0.0626824284476699,0.12789150690191078,-0.9599020924451123,2,382
0,-0.49349165994384264,0.3224132080553602,-1.7830299151588123,0,383
1,0.07762457886107688,-0.16830756481983605,0.9359738634360486,1,383
2,-0.061678197331400265,0.12595577107792874,-0.9598500898685423,2,383
0,-0.4886842136893426,0.31306365665406544,-1.7833826394873784,0,384
1,0.07510964041643302,-0.16339406874623713,0.9360998204247377,1,384
2,-0.059188170094004455,0.12091694347013138,-0.9599728116727845,2,384
0,-0.4796514195214252,0.2954619267327397,-1.8016482800708495,0,385
1,0.07038427445110784,-0.1541670384583096,0.9454939072579197,1,385
2,-0.05450924796253298,0.11146600133539643,-0.969150658688198,2,385
0,-0.48691291223173205,0.3096120148601185,-1.7869644719954878,0,386
1,0.07418301157196626,-0.16158467821938635,0.9379419701949195,1,386
2,-0.05827064873378595,0.11906364456086327,-0.9617725575204054,2,386
0,-0.4719081541869929,0.2795209247475697,-1.789130863262766,0,387
1,0.06633352285380463,-0.14580992062509662,0.9389821055735235,1,387
2,-0.050499712137795534,0.10290575591867293,-0.9627883018739428,2,387
0,-0.45859287625494827,0.23290746729957124,-1.773367385588689,0,388
1,0.059368367121963736,-0.12191114133177086,0.9317782325056045,1,388
2,-0.043645365532856785,0.07869179303050129,-0.9557557234913356,2,388
0,-0.4705269885326277,0.2746858092669209,-1.7874957510204323,0,389
1,0.06561104196206395,-0.1433309507297896,0.9382348630367469,1,389
2,-0.049788725242728996,0.10039409269482688,-0.9620588273730529,2,389
0,-0.46086430282365404,0.25503344150015056,-1.7889641331441462,0,390
1,0.06055618250034232,-0.13303098917449704,0.9389329951620061,1,390
2,-0.044785522449398006,0.08984518763766558,-0.9627405438154523,2,390
0,-0.46313113282390916,0.2535571550290744,-1.7891036660159099,0,391
1,0.06174239435308135,-0.13226661727162156,0.9389988192278921,1,391
2,-0.04598870355168596,0.0890669619584827,-0.9628048167331661,2,391
0,-0.4773512442793911,0.2461625380168603,-1.7894385168843516,0,392
1,0.0691836133618861,-0.12840078647921868,0.9391629014443285,1,392
2,-0.053533303746662514,0.0851125071367134,-0.9629650727339962,2,392
0,-0.4804759113246652,0.2452491060596078,-1.7882315163579108,0,393
1,0.07081898198498222,-0.12780517199890193,0.9386044780160009,1,393
2,-0.05521289550354151,0.08444480931888076,-0.9624198810451502,2,393
0,-0.4778806596454024,0.2460077743550148,-1.7892340136152907,0,394
1,0.0694606954527506,-0.12829987094052936,0.9390682872216235,1,394
2,-0.05381787860594632,0.08499937844828319,-0.9628727003777383,2,394
0,-0.4795462253164782,0.24573867033317387,-1.789286053383433,0,395
1,0.07033223641103488,-0.12815970137060584,0.9390942332699096,1,395
2,-0.05469909333358662,0.0848562504680535,-0.9628980442261744,2,395
0,-0.4796952795198327,0.2456955548178367,-1.78929247068319,0,396
1,0.07041030943709717,-0.1281372110054986,0.9390973084445873,1,396
2,-0.05478427367180387,0.08483326924768152,-0.9629010472500311,2,396
0,-0.4802914963332503,0.24552309275648854,-1.7893181398822118,0,397
1,0.0707226015413463,-0.12804724954507,0.9391096091433,1,397
2,-0.055124995024673065,0.08474134436619417,-0.9629130593454617,2,397
0,-0.4826763635869206,0.24483324451109534,-1.789420816678308,0,398
1,0.07197176995834324,-0.12768740370335532,0.9391588119381462,1,398
2,-0.056487880436149794,0.08437364484024468,-0.9629611077271804,2,398
0,-0.4914521494612389,0.24230678685101256,-1.7902469521264222,0,399
1,0.07657717602062752,-0.12636870280114446,0.93955244616779,1,399
2,-0.062216701514405365,0.08302575462995729,-0.9633454917456904,2,399
0,-0.4920095896860016,0.2420608794001909,-1.791480299795753,0,400
1,0.076891631014542,-0.12623779209234237,0.9401368982275062,1,400
2,-0.06437011241064684,0.08289067859582226,-0.9639161884901037,2,400
0,-0.4572202949143245,0.21221708545002485,-1.8172881080628722,0,401
1,0.05871822308242371,-0.11056779017240934,0.953333563428764,1,401
2,-0.04847808206554307,0.06682781011959295,-0.9768086207935022,2,401
0,-0.49127865585978897,0.24143385207342624,-1.7920225298169874,0,402
1,0.07650980210187407,-0.12590856051305124,0.9404141642385627,1,402
2,-0.06403621594557975,0.08255319276886479,-0.9641870624740299,2,402
0,-0.4804302365941694,0.24462714970816515,-1.7929086786801227,0,403
1,0.07085601071017739,-0.1275715090337977,0.9408179382183344,1,403
2,-0.06016324005672046,0.08425106032415733,-0.9645812273226472,2,403
0,-0.4701995779086217,0.24777153672742283,-1.7933292234429847,0,404
1,0.06550976762208803,-0.12920453601836882,0.941004527304148,1,404
2,-0.05533468386821396,0.08591616716036583,-0.9647633415077576,2,404
0,-0.4643012589275826,0.2475050918487763,-1.7919946443372867,0,405
1,0.06242532196648882,-0.12910296586322959,0.9403877688441116,1,405
2,-0.052374782646599144,0.0858309352996599,-0.9641612016681006,2,405
0,-0.46876710644171,0.24770682766584204,-1.7930051062673273,0,406
1,0.06476067615940347,-0.12917986859200634,0.9408547407465185,1,406
2,-0.054615839387528675,0.0858954676680316,-0.9646171052424463,2,406
0,-0.4672579822335405,0.2481507809232326,-1.792937170168784,0,407
1,0.06396958729030296,-0.12940970723352052,0.9408214492109063,1,407
2,-0.05370235143018081,0.0861294592300033,-0.9645845900173068,2,407
0,-0.4670731763148944,0.24822674946929038,-1.792894935523611,0,408
1,0.06387219019122853,-0.1294491862672787,0.9408013257652095,1,408
2,-0.05354794109295798,0.08616972626900095,-0.9645649394651602,2,408
0,-0.467146883654666,0.2482953107452168,-1.7928687117345448,0,409
1,0.06391074134252832,-0.12948335187449614,0.9407891240952145,1,409
2,-0.053585492412392674,0.08620384504763269,-0.9645530264460473,2,409
0,-0.46708110157858257,0.24823412141070397,-1.7928921158526827,0,410
1,0.06387633534204358,-0.1294528598694887,0.9408000138001805,1,410
2,-0.05355197873845272,0.08617339483604208,-0.9645636585368531,2,410
0,-0.46708110157858257,0.24823412141070397,-1.7928921158526827,0,411
1,0.06387633534204358,-0.1294528598694887,0.9408000138001805,1,411
2,-0.05355197873845272,0.08617339483604208,-0.9645636585368531,2,411
0,-0.48493749499691785,0.3095437926845017,-5.913517826553767,0,412
1,0.07321719913888163,-0.16040521232348307,2.9436357925394003,1,412
2,-0.06276626772396077,0.11729116623775139,-2.9205916880831677,2,412
0,-0.47012667132731073,0.25869104156033906,-2.495702180367728,0,413
1,0.06546950432864497,-0.13473206413416888,1.2824018096665817,1,413
2,-0.05512355924370149,0.09148081280162071,-1.2981819685106522,2,413
0,-0.46765619347109016,0.2502086911939656,-1.9256030380846174,0,414
1,0.06417717184988306,-0.1304497267357876,1.0053043395838426,1,414
2,-0.05384873871492972,0.08717558926729066,-1.0275604706565455,2,414
0,-0.46716702016067935,0.24852912163282195,-1.8127190937937974,0,415
1,0.06392128023960364,-0.1296017915251198,0.95043694362412,1,415
2,-0.053596314603266644,0.08632312242851825,-0.9739753662037984,2,415
0,-0.4671330756470996,0.24879325547296827,-1.8081234305568312,0,416
1,0.06390352350281102,-0.12972516857948807,0.9482236292290976,1,416
2,-0.05357879757844842,0.0864420493974343,-0.9718139094150552,2,416
0,-0.46710515167791866,0.24900425476007168,-1.8069022004017674,0,417
1,0.0638889161845315,-0.12982368744904313,0.9476476041163031,1,417
2,-0.05356438806699181,0.08653699318832143,-0.9712514589324945,2,417
0,-0.46702233178233193,0.24917591022100055,-1.8054212073501703,0,418
1,0.06384559226502358,-0.12989863264749638,0.9469659336745156,1,418
2,-0.05352165308127356,0.08660633589524776,-0.9705859642204656,2,418
0,-0.46679952813900466,0.2491624415469959,-1.8179209111276584,0,419
1,0.06372904151401991,-0.12987261000689515,0.9531188331680551,1,419
2,-0.053406692612289815,0.08657032436460997,-0.976595561916302,2,419
0,-0.46692907843956977,0.24917027297533054,-1.8106528954114218,0,420
1,0.06379681053519934,-0.12988774100233594,0.9495411987684285,1,420
2,-0.05347353695597923,0.0865912634504716,-0.9731012510686894,2,420
0,-0.4668720179154732,0.2486292958682358,-1.8118618954342995,0,421
1,0.06376696168722282,-0.12962374691653747,0.9501292328620582,1,421
2,-0.053444100760659974,0.08633053140400207,-0.9736755449221777,2,421
0,-0.466877314821309,0.24834655943744502,-1.8107174263243022,0,422
1,0.06376973260851423,-0.12948877152550894,0.9495586061696614,1,422
2,-0.05344683858232368,0.08619881336728395,-0.9731181622012443,2,422
0,-0.4668623868923386,0.24825918095523014,-1.8100015615793152,0,423
1,0.06376192381324172,-0.12944507647193762,0.94919082983328,1,423
2,-0.05343914838808629,0.08615509908328454,-0.9727588539995211,2,423
0,-0.46683223724460754,0.24831076243761066,-1.8100293244948789,0,424
1,0.0637461524281333,-0.12946655112207542,0.949195022219437,1,424
2,-0.05342360740927831,0.0861743486819155,-0.9727628887988701,2,424
0,-0.4667992306679112,0.24826832232654114,-1.8101322115270453,0,425
1,0.06372888658252404,-0.12944292839826568,0.9492419931850158,1,425
2,-0.05340659452321811,0.08614947411409535,-0.97280874255405,2,425
0,-0.46674674715795067,0.24817187244653946,-1.810217975152236,0,426
1,0.06370143231983745,-0.12939157195607912,0.9492819809263484,1,426
2,-0.053379544818033385,0.08609647845258556,-0.9728477848726687,2,426
0,-0.46654795216270156,0.24777381386630443,-1.8104073464049604,0,427
1,0.06359744221130986,-0.12918142779364636,0.9493707717669264,1,427
2,-0.05327709341304075,0.08588050574348188,-0.972934479758006,2,427
0,-0.4660607694827566,0.2467557797756951,-1.8106883670415326,0,428
1,0.06334259606314971,-0.12864608032826189,0.9495032390499755,1,428
2,-0.05302603474390497,0.08533133689060309,-0.9730638247608929,2,428
0,-0.46486501989144874,0.2441941232734351,-1.8111172638122848,0,429
1,0.06271709790432074,-0.12730178989150662,0.9497069085407137,1,429
2,-0.05240988365450527,0.08395371378381027,-0.9732627036094441,2,429
0,-0.46270922986550816,0.23947734984976518,-1.811547645968118,0,430
1,0.06158940368246402,-0.12483006600293184,0.9499142459013664,1,430
2,-0.05129922902578047,0.0814224347044744,-0.973465183484899,2,430
0,-0.46039418875041266,0.23405147492922285,-1.8115871724609167,0,431
1,0.06037843115467156,-0.1219898470608277,0.9499385287058468,1,431
2,-0.050108649384771074,0.078515309362672,-0.9734889312775217,2,431
0,-0.45958060947538987,0.23168563005495563,-1.8113671194897802,0,432
1,0.05995288416676748,-0.1207583507352881,0.9498416987562519,1,432
2,-0.049692476873829446,0.07725822503376908,-0.9733944292114576,2,432
0,-0.4598118762640826,0.23205891895263514,-1.8111659840024859,0,433
1,0.06007387361289964,-0.12095312644600784,0.9497483167267182,1,433
2,-0.04981274639276449,0.07745727994860907,-0.9733032576575783,2,433
0,-0.45998601492430946,0.2323855233791465,-1.8111095182545665,0,434
1,0.06016497059862373,-0.12112428130101438,0.9497212650447153,1,434
2,-0.049902871436945016,0.07763256108746475,-0.9732768407154149,2,434
0,-0.4601157949656402,0.2325506668038174,-1.8110830619952263,0,435
1,0.060232869753789324,-0.12121074166443355,0.9497084523062563,1,435
2,-0.04997064703847075,0.07772106543133163,-0.9732643277172038,2,435
0,-0.46078664221564447,0.2330656290038223,-1.8109986232291881,0,436
1,0.060583878466971094,-0.12148083937939293,0.9496677018537326,1,436
2,-0.050323480157708725,0.07799779091228379,-0.9732245314983899,2,436
0,-0.46188518809941775,0.2334172843661296,-1.8109114717863108,0,437
1,0.06115872737581259,-0.12166208905059059,0.9496255632805568,1,437
2,-0.05090572033423632,0.07818191306421861,-0.9731833791541872,2,437
0,-0.4634802800564352,0.23317253708075153,-1.8108936313251947,0,438
1,0.06199346784483795,-0.12153662732871007,0.9496169937473932,1,438
2,-0.051755879104510134,0.07805480707484072,-0.9731750105499902,2,438
0,-0.4648522144112449,0.23178242172595379,-1.811017113325574,0,439
1,0.06271155728615509,-0.12080456054820615,0.9496771942541654,1,439
2,-0.05249782496705988,0.07730332101671308,-0.9732338052922405,2,439
0,-0.4649004401378825,0.23071031120868848,-1.8111651838995992,0,440
1,0.06273689769876681,-0.1202472203957277,0.9497485305593938,1,440
2,-0.052531939336635414,0.07673476172525058,-0.9733034703551869,2,440
0,-0.4645452331925502,0.23037177596015201,-1.8112177791846846,0,441
1,0.06255105394589067,-0.1200696281262602,0.9497739431642696,1,441
2,-0.05234608674303857,0.07655279658046331,-0.9733282880785121,2,441
0,-0.464402666515581,0.23030000809064538,-1.8112314916613366,0,442
1,0.06247647000196005,-0.12003188462088807,0.9497805540411861,1,442
2,-0.0522720421798659,0.07651407697180053,-0.9733347441077316,2,442
0,-0.46342081081730774,0.22983181536553843,-1.811325967939121,0,443
1,0.061962909612971545,-0.11978563286603884,0.9498261128396484,1,443
2,-0.05177015663774749,0.07626144492824548,-0.9733792358467575,2,443
0,-0.46228264027518523,0.2293175458586679,-1.8114420492883831,0,444
1,0.06136780133977785,-0.11951507615190361,0.9498820229037473,1,444
2,-0.05120573631610355,0.0759838436143582,-0.9734338359740603,2,444
0,-0.4601906854605669,0.22843610744886583,-1.8116693531485992,0,445
1,0.06027457605104714,-0.11905126997861841,0.9499912776053817,1,445
2,-0.05021587757786828,0.07550792068673166,-0.9735405294521517,2,445
0,-0.4574046951371313,0.22751391537003854,-1.812033171043469,0,446
1,0.05882003058559579,-0.11856532332654894,0.9501657934365662,1,446
2,-0.04900969489958316,0.07500893659977169,-0.9737109518632369,2,446
0,-0.4543684755003391,0.22638712718185952,-1.8124163621619385,0,447
1,0.05723798530457453,-0.1179736085858475,0.9503480990696086,1,447
2,-0.04795179355788234,0.07440234985588774,-0.9738889715993584,2,447
0,-0.45387356202310064,0.26669098293544047,-1.8211619422170646,0,448
1,0.05700165916982162,-0.13899765222249197,0.9545703347302225,1,448
2,-0.04953897670022018,0.09588540763622587,-0.9780123474459937,2,448
0,-0.45434991100954697,0.22789894812315045,-1.8127444139282982,0,449
1,0.05722912057456772,-0.11876223262308136,0.9505064775714014,1,449
2,-0.04801132971558711,0.07520819177914814,-0.9740436418123496,2,449
0,-0.45405134510844153,0.22797525953375594,-1.8128980396767578,0,450
1,0.05708088612778607,-0.11880425943645767,0.9505772920062949,1,450
2,-0.04850621067992736,0.07525223699929666,-0.9741127765545099,2,450
0,-0.4570605386053993,0.22961235109410127,-1.812741518449642,0,451
1,0.058660427799598694,-0.1196645986340916,0.9504991102227309,1,451
2,-0.05050002089089066,0.07613451837019997,-0.9740364084513582,2,451
0,-0.45908675753371053,0.23058939124199904,-1.8126474438585365,0,452
1,0.05972050531168222,-0.12018571230797126,0.9504540706594466,1,452
2,-0.05155714404612126,0.07667268854072,-0.9739924258888173,2,452
0,-0.45970275428328494,0.23097305833287207,-1.8125382840991742,0,453
1,0.06004228585784862,-0.12038074790615153,0.9504014832145626,1,453
2,-0.05183796853080464,0.07686945320470562,-0.973941070461899,2,453
0,-0.4597658086085576,0.23099948762402994,-1.8125248482193304,0,454
1,0.060075018938557136,-0.1203944304831672,0.9503950922762391,1,454
2,-0.051849989672990524,0.07688338295645214,-0.9739348297790317,2,454
0,-0.4597353182000269,0.2310543827898947,-1.812515451608477,0,455
1,0.06005902152176358,-0.12042324073005672,0.9503903274041386,1,455
2,-0.05183037219389359,0.07691290890427226,-0.9739301749990186,2,455
0,-0.46708110157858257,0.24823412141070397,-1.7928921158526827,0,456
1,0.06387633534204358,-0.1294528598694887,0.9408000138001805,1,456
2,-0.05355197873845272,0.08617339483604208,-0.9645636585368531,2,456
0,-0.4842167837290894,0.6696356168096089,-6.2123069225195415,0,457
1,0.07284018184090643,-0.3332178922919855,3.091947536490535,1,457
2,-0.06239389215668481,0.28642573680084343,-3.0654570457356076,2,457
0,-0.4699817635609772,0.31956733629482525,-2.5409935571340254,0,458
1,0.06539370059934158,-0.1639454162613561,1.3049379443935682,1,458
2,-0.055048703635578476,0.12007133657661818,-1.3201947634901368,2,458
0,-0.4676470473712202,0.2621518867635659,-1.938853577659852,0,459
1,0.06417238723932556,-0.1361826744034643,1.0118466683258227,1,459
2,-0.05384400351190266,0.09278719459057047,-1.0339505532528601,2,459
0,-0.46731313607656283,0.2539403246172201,-1.8527354700317111,0,460
1,0.06399771490569721,-0.1322120448607156,0.9699287307736346,1,460
2,-0.05367170720465352,0.08888501443945694,-0.9930118835988803,2,460
0,-0.4672771845700227,0.2516883355742354,-1.8442734179325317,0,461
1,0.06397890829323946,-0.1311259039672575,0.9658295154168041,1,461
2,-0.053653154779008706,0.08781908943195453,-0.9890085582113111,2,461
0,-0.4671259081716843,0.24923864732279194,-1.820056575335769,0,462
1,0.06389977408266272,-0.1299379582758226,0.9541436649296561,1,462
2,-0.05357509575993517,0.08664979289359571,-0.9775963579470374,2,462
0,-0.46721265762,0.2506434210131575,-1.8339437233529112,0,463
1,0.063945153594509,-0.130619185714427,0.9608449157129798,1,463
2,-0.053619858703230355,0.0873203259756538,-0.9841406840142385,2,463
0,-0.4671575805895382,0.2487689080354782,-1.8296292688759126,0,464
1,0.06391634223876992,-0.12971615634174238,0.9587825908589167,1,464
2,-0.05359143837853078,0.08643466947535781,-0.9821267797153365,2,464
0,-0.4671536404291775,0.2494519797270396,-1.8307333821237604,0,465
1,0.06391428109073673,-0.1300422423340509,0.9593181677304269,1,465
2,-0.05358940439740558,0.08675288321614086,-0.9826498328466908,2,465
0,-0.46712817588404437,0.24961121070473943,-1.8312024505411781,0,466
1,0.06390096031834504,-0.13011600987927446,0.9595529447691044,1,466
2,-0.053576263657158646,0.08682365258767408,-0.9828791664567113,2,466
0,-0.4669973270337044,0.25019132407387185,-1.8320623764799087,0,467
1,0.06383251192652552,-0.13038122309839525,0.9599975844495149,1,467
2,-0.05350874222487462,0.08707611096240846,-0.9833135854954485,2,467
0,-0.46690581217244603,0.2504142755673931,-1.831948120796278,0,468
1,0.06378463958722987,-0.13047923028622366,0.9599472212551844,1,468
2,-0.0534615209814592,0.08716718628329984,-0.9832644324623722,2,468
0,-0.4654631303016982,0.2474316387058511,-1.850496691140232,0,469
1,0.06302995842182474,-0.12891826597724038,0.9690981998979187,1,469
2,-0.05271711620645125,0.08556960958757541,-0.9922024137841001,2,469
0,-0.466748971931637,0.25009002010047815,-1.833964616808591,0,470
1,0.06370259490495038,-0.13030953104546986,0.9609420640705421,1,470
2,-0.05338059349041705,0.08699350675023838,-0.9842361194096225,2,470
0,-0.4665350265831964,0.24964556661969464,-1.832593612334832,0,471
1,0.06359067801967078,-0.13007692612146712,0.9602737202735139,1,471
2,-0.053270204110626475,0.08675544608238141,-0.9835833827067305,2,471
0,-0.4621903506138489,0.24063365471758877,-1.866975694828434,0,472
1,0.061317935837466586,-0.12536053807695868,0.9770825483124173,1,472
2,-0.05102847555975599,0.08192843525033407,-0.9999999999999994,2,472
0,-0.4664883264272997,0.2495486991677295,-1.8329631792769587,0,473
1,0.06356624871470708,-0.13002623049801781,0.9604543954022042,1,473
2,-0.053246108165717274,0.0867035613940948,-0.9837598420312731,2,473
0,-0.4659888877501736,0.2480100132181328,-1.831703406696942,0,474
1,0.06330498760272626,-0.12924357718073498,0.9598337245356194,1,474
2,-0.05298842099826199,0.08591373109254094,-0.983153623149549,2,474
0,-0.465849848205723,0.2470485415378722,-1.832223398424754,0,475
1,0.0632322548860705,-0.1287706880113167,0.9600881626508295,1,475
2,-0.05291669844868471,0.08544472599525699,-0.9834021257229231,2,475
0,-0.4656629652168258,0.24619006395825235,-1.8328070623889092,0,476
1,0.06313449502450544,-0.12834232884552224,0.9603804401991908,1,476
2,-0.05282030845216794,0.08501666287991254,-0.983687627555629,2,476
0,-0.4655844899301553,0.24602514624832783,-1.8327411836684715,0,477
1,0.06309344416790008,-0.1282557971148742,0.960350320077895,1,477
2,-0.05277984420923694,0.08492799182966823,-0.9836582235413688,2,477
0,-0.4655461460660174,0.24631579050413244,-1.8320827377387086,0,478
1,0.06307338679029445,-0.12839045291296933,0.960009327194378,1,478
2,-0.0527601145742489,0.08505717916272212,-0.9833250656340066,2,478
0,-0.4654695385407222,0.24621565234638623,-1.8320901657213335,0,479
1,0.06303331329050066,-0.12833483197905707,0.9600014151660856,1,479
2,-0.05272063957312686,0.08499866520334862,-0.9833172646780594,2,479
0,-0.465353876906237,0.24596955116268054,-1.832305828319927,0,480
1,0.0629728106882351,-0.12820551196158206,0.9600984698996697,1,480
2,-0.05266105305778825,0.08486605354628106,-0.9834120013899009,2,480
0,-0.46526340998029403,0.24577567091830396,-1.8324627988357671,0,481
1,0.06292548765028778,-0.1281036261085865,0.960172789304502,1,481
2,-0.05261446365140643,0.08476157108216419,-0.9834845712307677,2,481
0,-0.4650712807455828,0.2453592707153293,-1.832684469351232,0,482
1,0.06282498558464479,-0.12788489113741908,0.9602789442067158,1,482
2,-0.05251554293431881,0.08453730445183225,-0.9835882350361732,2,482
0,-0.4646195192594213,0.24438106590740832,-1.8330097048374392,0,483
1,0.06258867129400078,-0.12737079597666262,0.9604356318692551,1,483
2,-0.052282979978470354,0.08401008786372947,-0.9837412518627504,2,483
0,-0.4634691026279254,0.24184790800222916,-1.8335146960432422,0,484
1,0.06198689443662567,-0.1260411825718026,0.9606795141753294,1,484
2,-0.05169080642636395,0.08264736853542437,-0.9839794244027326,2,484
0,-0.4608164220708477,0.23586858330707086,-1.834183104799981,0,485
1,0.06059929236543231,-0.12290864615017938,0.9610016990086095,1,485
2,-0.05032543700625988,0.07943975001097885,-0.9842940622613939,2,485
0,-0.4562815272634285,0.2255520433260591,-1.8346975177356828,0,486
1,0.05822711862994196,-0.1175062490854829,0.9612520915372028,1,486
2,-0.047991583701362354,0.07390904261570469,-0.9845386052479487,2,486
0,-0.45188107659467985,0.2150507828706337,-1.8344731812986739,0,487
1,0.05592533102329059,-0.11199958796028134,0.9611528039331846,1,487
2,-0.045731761181849045,0.06826787374356351,-0.9844417005573007,2,487
0,-0.4499853344980373,0.20938129272293846,-1.8337342703002424,0,488
1,0.05493374106964591,-0.10906224271602896,0.9607892123695131,1,488
2,-0.04476105378917164,0.0652763554578309,-0.9840865779260021,2,488
0,-0.4508647969262356,0.21162397117714588,-1.8335659378374878,0,489
1,0.055393787014141105,-0.11022320395644253,0.9607159635053371,1,489
2,-0.045214064574642124,0.06645824706358981,-0.9840150958557385,2,489
0,-0.4512982675040635,0.21256505363297323,-1.833428434300175,0,490
1,0.05562054089184652,-0.1107140055029855,0.9606512864009471,1,490
2,-0.04543782177471035,0.06695971295794519,-0.9839519441233482,2,490
0,-0.45139710237208114,0.21272393075871868,-1.8334090704570478,0,491
1,0.05567224668811925,-0.11079733891281708,0.9606419104704472,1,491
2,-0.045489170217162395,0.06704509239281224,-0.9839427875452598,2,491
0,-0.4519356177191896,0.21335725908595707,-1.8333251948527118,0,492
1,0.055953994942734446,-0.11112964222517027,0.9606010502007926,1,492
2,-0.0457707556472153,0.0673856103413826,-0.9839028816180158,2,492
0,-0.45280428833332004,0.21398784093674797,-1.8332330618647739,0,493
1,0.05640851646681587,-0.11146053410411091,0.9605560914563306,1,493
2,-0.0462280675328962,0.06772469657137765,-0.9838589724558915,2,493
0,-0.45474677580587397,0.2146079646314134,-1.8331095707878458,0,494
1,0.05742497650161408,-0.11178616729959757,0.9604959158354093,1,494
2,-0.0472569498252346,0.06805850684846007,-0.9838002022056366,2,494
0,-0.4578829665261887,0.21430276962269776,-1.8330420201785418,0,495
1,0.05906620314122302,-0.11162683360955422,0.9604635023299999,1,495
2,-0.04892859731831511,0.06789562888667448,-0.9837685489163696,2,495
0,-0.4611683070537823,0.21209355085435957,-1.8331335205679442,0,496
1,0.06078568954925234,-0.11046758661599188,0.9605085034405162,1,496
2,-0.0506966378054447,0.0667076835152069,-0.9838125016962697,2,496
0,-0.46302229768688247,0.21001728987125876,-1.8335494406419972,0,497
1,0.061756142618750065,-0.10938765078661558,0.9607156483346595,1,497
2,-0.05170325679087036,0.06560571781284674,-0.9840148374149992,2,497
0,-0.46210959485194236,0.20887590541266557,-1.8334909721813861,0,498
1,0.0612786323272944,-0.10878516845095293,0.960683948628662,1,498
2,-0.05122689258551193,0.06498656447483543,-0.9839838575291011,2,498
0,-0.4615393683824529,0.20817755926130804,-1.8335426981287692,0,499
1,0.06098031138838494,-0.10841692052278165,0.9607079028763155,1,499
2,-0.05093022789675703,0.06460831102789252,-0.9840072443404101,2,499
0,-0.4613596626944158,0.20806211637485447,-1.833569980606308,0,500
1,0.060886292657138116,-0.10835614354030117,0.9607208267824411,1,500
2,-0.05083644833502744,0.06454593062949827,-0.9840198640471758,2,500
0,-0.4610219592641755,0.20792426600544367,-1.8336312172462879,0,501
1,0.060709627115646536,-0.10828349047361845,0.9607496929636005,1,501
2,-0.050661419370273936,0.06447132188621402,-0.9840480498500356,2,501
0,-0.4607116881459305,0.20785330205075256,-1.833700196448873,0,502
1,0.06054735697894473,-0.10824596353915213,0.960781871421992,1,502
2,-0.05050424286397016,0.0644327230150798,-0.9840794676296436,2,502
0,-0.4603241270595879,0.20782700139843915,-1.8338110890037782,0,503
1,0.060344800009899405,-0.10823185303120937,0.9608329987866518,1,503
2,-0.05031896826787831,0.06441811049697445,-0.9841293823458995,2,503
0,-0.4599452624176963,0.20789010751170067,-1.833964535764084,0,504
1,0.060147146609501705,-0.10826477497015169,0.9609028707607725,1,504
2,-0.05016711346417106,0.06445175288065007,-0.9841975911713374,2,504
0,-0.45961270508005264,0.2081437252883894,-1.8341890263634018,0,505
1,0.059974641234215864,-0.10839768541986956,0.9610039251539357,1,505
2,-0.05011460970762554,0.06458786945476427,-0.9842962322016865,2,505
0,-0.459381244036555,0.20878628548632913,-1.834502748176213,0,506
1,0.05985716237230109,-0.10873398901329916,0.9611437116694033,1,506
2,-0.05028915606036274,0.06493207064736088,-0.9844326704296433,2,506
0,-0.45950391721634837,0.20949799057482577,-1.8349345369305157,0,507
1,0.05992961507937682,-0.10910410066663451,0.9613360439387894,1,507
2,-0.051028563843304994,0.06530969698062238,-0.98462039535753,2,507
0,-0.45913782589197877,0.20923334872463314,-1.8354207081739526,0,508
1,0.05975353904816728,-0.10895928825144341,0.9615559317035688,1,508
2,-0.05209943628372017,0.06515836805181548,-0.9848350389837344,2,508
0,-0.45844069965946155,0.20531146703025716,-1.8368251036238232,0,509
1,0.05941225380254183,-0.10694109461989515,0.9622514204281643,1,509
2,-0.05364926000925467,0.06310980411194018,-0.9855143561636939,2,509
0,-0.45694915816769,0.2034963776920794,-1.8363573102420923,0,510
1,0.05864033359807905,-0.10594539954684132,0.9620335470886442,1,510
2,-0.053558918873716756,0.06206813280332454,-0.9853016355513821,2,510
0,-0.4567109653227913,0.20214050828682364,-1.8358470702410046,0,511
1,0.05851394435998557,-0.10524154326923096,0.961798897741699,1,511
2,-0.05329001765087705,0.061350604098804044,-0.9850725557042933,2,511
0,-0.4565733479032066,0.20154549913886316,-1.835560087218503,0,512
1,0.05844048425001688,-0.10493838736480059,0.9616649414110855,1,512
2,-0.053098903731253796,0.061044411797643854,-0.9849417654829612,2,512
0,-0.45646783469934277,0.20156886080582087,-1.835493788681551,0,513
1,0.05838521601932486,-0.10495254120776167,0.9616319130849273,1,513
2,-0.05303848153613051,0.06105985036155419,-0.984909503902052,2,513
0,-0.4562061224065839,0.2017573367555699,-1.8354093390940172,0,514
1,0.05824861037250633,-0.10505340786109935,0.9615883707832168,1,514
2,-0.05292782405740634,0.061164183957601904,-0.9848669632246785,2,514
0,-0.45589258479698475,0.2020528149908923,-1.8353618135555354,0,515
1,0.05808491696621109,-0.1052092040852235,0.9615634997441195,1,515
2,-0.052792268662190465,0.0613242065474975,-0.9848426620900447,2,515
0,-0.45469417795325434,0.20329801481488127,-1.8352564003556384,0,516
1,0.05745879666344231,-0.10586333724048584,0.9615088092562936,1,516
2,-0.05223744050271598,0.06199489698839399,-0.9847892276237717,2,516
0,-0.4526799736127062,0.20565926960624947,-1.8351633406492436,0,517
1,0.05640577855619335,-0.10710113558584648,0.961462216983471,1,517
2,-0.051249746663854644,0.06326273355576321,-0.9847437155285691,2,517
0,-0.4507870362384603,0.2088936081750654,-1.835169191417734,0,518
1,0.05541529823903247,-0.10879426207319143,0.9614695173794323,1,518
2,-0.05025129519122308,0.06499578680211059,-0.9847508738676957,2,518
0,-0.45046263069700093,0.21042718346540928,-1.8352868263270343,0,519
1,0.055245765453655046,-0.10959215352572477,0.961529651200008,1,519
2,-0.0500975379129348,0.06581006673714551,-0.9848096212668604,2,519
0,-0.45071192010075917,0.21030521655267131,-1.8353064745433083,0,520
1,0.05537596716761678,-0.1095265965853345,0.9615413746151291,1,520
2,-0.0502095091810914,0.06574211926400013,-0.9848210846244713,2,520
0,-0.45084364535919746,0.21016703792001354,-1.8353129201412663,0,521
1,0.05544480181667748,-0.10945412581787389,0.9615450176934252,1,521
2,-0.0502715880584356,0.06566787212124336,-0.9848246458307036,2,521
0,-0.4508778048974789,0.21014551658818803,-1.8353095003430289,0,522
1,0.05546267998034132,-0.10944278144222566,0.96154339620586,1,522
2,-0.05028994636887303,0.06565622153854807,-0.9848230624993762,2,522
0,-0.4509559882842278,0.2101340908507779,-1.8353047982641293,0,523
1,0.055503620015031195,-0.1094368156206777,0.9615412080167601,1,523
2,-0.05033367875998937,0.06565012263127393,-0.9848209260731459,2,523
0,-0.45106125708603884,0.2101729357704238,-1.8353020303343064,0,524
1,0.05555877354121668,-0.10945730273291913,0.9615399335751206,1,524
2,-0.05039504803253538,0.06567116817138262,-0.984819681870578,2,524
0,-0.451135067118938,0.21025018960732034,-1.8353027603114984,0,525
1,0.05559746008912028,-0.10949779980909209,0.961540208741441,1,525
2,-0.05043932079761504,0.06571264785067245,-0.9848199500957115,2,525
0,-0.45113369337203296,0.21041016512487587,-1.8352995687328928,0,526
1,0.05559666932228182,-0.1095817255225395,0.9615387538347832,1,526
2,-0.050432721623572645,0.0657986421117903,-0.9848185298088161,2,526
0,-0.4512423852297261,0.2104425342016828,-1.8353013925001527,0,527
1,0.055653494193401674,-0.10959833848499989,0.961539286728155,1,527
2,-0.05048611782545571,0.06581548289697102,-0.9848190479824596,2,527
0,-0.45121120232938217,0.21041390985292396,-1.8352991255117135,0,528
1,0.05563713496260651,-0.10958350616220865,0.9615382432118694,1,528
2,-0.05046617857117665,0.06580037595696697,-0.9848180292278799,2,528
0,-0.45121120232938217,0.21041390985292396,-1.8352991255117135,0,529
1,0.05563713496260651,-0.10958350616220865,0.9615382432118694,1,529
2,-0.05046617857117665,0.06580037595696697,-0.9848180292278799,2,529
0,-0.4573825410894215,0.22673157883918352,-5.944734645532707,0,530
1,0.05886519275914123,-0.11808488057175866,2.9587885811024726,1,530
2,-0.05363168147531325,0.07448212734342675,-2.935390215427331,2,530
0,-0.45227920262654814,0.21323781500608513,-2.5464703198374585,0,531
1,0.056195776583171986,-0.11105473805349736,1.3071786362159918,1,531
2,-0.051013994559530366,0.06730282354916492,-1.3223803889533718,2,531
0,-0.451401960730331,0.2109182951352868,-1.962323322219131,0,532
1,0.05573691544256112,-0.10984628684097113,1.023274001945196,1,532
2,-0.050564025455892204,0.06606873215589153,-1.0451109487455825,2,532
0,-0.45124533782685944,0.21050416769975,-1.8580296271549699,0,533
1,0.055654990303733394,-0.10963052977507337,0.9725856247479063,1,533
2,-0.050483687902717095,0.06584839728816799,-0.9956072201198364,2,533
0,-0.45122068264690235,0.210438976809902,-1.8416119783750955,0,534
1,0.05564209385630481,-0.10959656584535045,0.9646063890564771,1,534
2,-0.0504710413689928,0.06581371273250027,-0.9878144687999041,2,534
0,-0.4512182739094006,0.21059799310284189,-1.8415353422227665,0,535
1,0.055640833911768,-0.10967235675074384,0.9645797552024422,1,535
2,-0.05046980583136289,0.0658876085812894,-0.9877885254230532,2,535
0,-0.45120592089150835,0.21082517042407198,-1.8414837664123243,0,536
1,0.05563437239034268,-0.1097797302195932,0.9645902794007968,1,536
2,-0.05046346976104072,0.06599180634984494,-0.9877990317472477,2,536
0,-0.45118902096978974,0.2109406601185595,-1.842072438923105,0,537
1,0.05562553251498078,-0.10983312635966778,0.9648919717074088,1,537
2,-0.05045480195517021,0.06604297241564655,-0.9880937730396337,2,537
0,-0.45117950508740745,0.21061056613466606,-1.8436447745595306,0,538
1,0.055620555033205246,-0.10967420433351148,0.965649807508291,1,538
2,-0.050449922133432655,0.06588716027029831,-0.9888338566460677,2,538
0,-0.4511815104446595,0.2106465113589235,-1.8429125721318733,0,539
1,0.05562160398141213,-0.1096915782971454,0.9652888722249662,1,539
2,-0.05045095082796062,0.0659042309606147,-0.9884813243425956,2,539
0,-0.45117962479514434,0.21057342859942477,-1.842630088002372,0,540
1,0.05562061766119147,-0.10965635515743886,0.9651451711612218,1,540
2,-0.05044998452838687,0.0658696767636548,-0.9883409406710901,2,540
0,-0.4511745490139322,0.21051899664504084,-1.842586113664042,0,541
1,0.05561796268159118,-0.10962965957803752,0.9651171992171632,1,541
2,-0.05044738278376899,0.06584324051189173,-0.9883135801698655,2,541
0,-0.4511681569976312,0.2105064754704392,-1.8426553727470922,0,542
1,0.05561461922161532,-0.10962287508683592,0.9651481562766042,1,542
2,-0.05044410638821121,0.06583618244851407,-0.9883437963968372,2,542
0,-0.45116398760478565,0.21049381360359307,-1.8426839650371396,0,543
1,0.05561243834731035,-0.10961631602382906,0.9651619052706788,1,543
2,-0.0504419694353045,0.06582950292238045,-0.9883572231162708,2,543
0,-0.4511561630353527,0.21047205619430756,-1.8427082600007516,0,544
1,0.05560834557091009,-0.10960496643454834,0.9651736832026712,1,544
2,-0.05043795927404006,0.06581790549666366,-0.9883687255927792,2,544
0,-0.4511314835859017,0.21040503390740037,-1.8427487550449857,0,545
1,0.0555954365631831,-0.10956993317006143,0.965193345431055,1,545
2,-0.05042531126526187,0.06578207172212006,-0.9883879281693791,2,545
0,-0.45106252715804684,0.21021953257588707,-1.8428132053873907,0,546
1,0.05555936773945244,-0.10947288466785346,0.9652246539709877,1,546
2,-0.050389972831327914,0.06568276360721695,-0.9884185048926205,2,546
0,-0.45088091953973136,0.20973262106203874,-1.842913092218885,0,547
1,0.05546437484929814,-0.10921805564513949,0.9652732009414738,1,547
2,-0.05029690680827331,0.06542195576156269,-0.9884659172643495,2,547
0,-0.4504584454334933,0.20860128284446408,-1.843045621020306,0,548
1,0.05524339285337465,-0.10862584253115093,0.9653376722446235,1,548
2,-0.05008041723191395,0.0648157896438806,-0.988528882181235,2,548
0,-0.4496796451504795,0.20651408368506904,-1.8431559549114886,0,549
1,0.054836029076887054,-0.10753313653269399,0.9653914641860124,1,549
2,-0.04968137185599912,0.06369727165622559,-0.9885814180162379,2,549
0,-0.4488049594852673,0.20411814977991663,-1.843121712170013,0,550
1,0.05437851602994469,-0.10627880608172145,0.9653746667553212,1,550
2,-0.04923361197898974,0.06241331459784438,-0.9885650121689598,2,550
0,-0.4484424742636411,0.2030851321090108,-1.8429783157060926,0,551
1,0.05418892070795479,-0.10573700797655167,0.9653061909517058,1,551
2,-0.04904855714024081,0.06185823137221774,-0.9884981445277246,2,551
0,-0.44851742528483035,0.20323840966950596,-1.8428884380784878,0,552
1,0.05422812828261761,-0.10581793208809545,0.9652623927451399,1,552
2,-0.04908722709283226,0.06194140263993065,-0.9884553691930246,2,552
0,-0.448586716996377,0.20341533602960843,-1.8428678800369405,0,553
1,0.05426437334221081,-0.10591053376928829,0.9652522660851444,1,553
2,-0.04912280757092316,0.06203617984716208,-0.9884454783393107,2,553
0,-0.4486058262231737,0.20345232672712787,-1.842864983855009,0,554
1,0.054274370385407555,-0.10592979951032586,0.9652507403377871,1,554
2,-0.04913273442594425,0.062055851320634084,-0.9884439874932827,2,554
0,-0.448665996823354,0.20352593435937652,-1.8428585506727195,0,555
1,0.054305852701405165,-0.10596821967758818,0.9652471738852462,1,555
2,-0.04916431067621964,0.06209512200747033,-0.9884405015743636,2,555
0,-0.44873637886083356,0.2035576474255035,-1.8428542270037591,0,556
1,0.05434268341432462,-0.1059846650358736,0.9652446965889342,1,556
2,-0.04920170233968643,0.062111878113318926,-0.9884380797662896,2,556
0,-0.4489611539642586,0.20357471742245406,-1.842847018975678,0,557
1,0.054460315532963856,-0.10599340436967686,0.9652404030371456,1,557
2,-0.04932176859278899,0.06212072640926448,-0.9884338814950042,2,557
0,-0.44937933478162606,0.20351153363259106,-1.8428424199977806,0,558
1,0.05467917295755073,-0.10596002403019228,0.965237457985696,1,558
2,-0.049545945588685684,0.06208640838509261,-0.9884310007236199,2,558
0,-0.4501598332429837,0.20333133086475025,-1.842843453712445,0,559
1,0.05508765702302537,-0.10586597174881227,0.9652377014439588,1,559
2,-0.04996480504481745,0.061990277099983906,-0.9884312368324939,2,559
0,-0.45097584278263975,0.20241775010696583,-1.842873043509373,0,560
1,0.05551482751197855,-0.10538008178944708,0.9652541224900248,1,560
2,-0.05041098716550808,0.06148915142978508,-0.9884472871721298,2,560
0,-0.45032444552845724,0.20314703569515383,-1.842849422814352,0,561
1,0.055173829435302475,-0.10576795395268054,0.9652410140350378,1,561
2,-0.05005481264283547,0.06188918582853214,-0.9884344746415664,2,561
0,-0.4508313007318187,0.20290025944000747,-1.8428675287888256,0,562
1,0.055439111107199575,-0.10563990817385373,0.9652506450246096,1,562
2,-0.05032783047476821,0.06175868277014957,-0.988443885870153,2,562
0,-0.45092061576195336,0.2026847567025775,-1.8428871727047553,0,563
1,0.05548587597021255,-0.10552787897226505,0.9652613099808496,1,563
2,-0.05037744997300803,0.06164439874308113,-0.9884543087364535,2,563
0,-0.4508362434379017,0.20263809916821177,-1.8428908412676475,0,564
1,0.05544172669792955,-0.10550355507524725,0.9652634264303739,1,564
2,-0.05033283117971144,0.061619550962702496,-0.988456377859089,2,564
0,-0.45078093367901595,0.20261587390831398,-1.842890356154826,0,565
1,0.055412785695682296,-0.10549193325481235,0.9652632938952702,1,565
2,-0.050303645455312726,0.061607661386383517,-0.9884562490831028,2,565
0,-0.45061668621161544,0.20252827563631842,-1.8428951014379107,0,566
1,0.05532685174280166,-0.10544609872525208,0.9652658044572269,1,566
2,-0.050217713961928596,0.061560756783605564,-0.9884587022793513,2,566
0,-0.45040788821495303,0.2023544296329015,-1.8428659415131134,0,567
1,0.05521764082186434,-0.10535520722995029,0.9652518289725694,1,567
2,-0.050111069168574704,0.06146777835437386,-0.9884450546792077,2,567
0,-0.450285411209801,0.20220794298657366,-1.8428742928089943,0,568
1,0.055153600057392074,-0.10527856759580682,0.9652558401729951,1,568
2,-0.05005017250552834,0.06138935310903701,-0.988448971827597,2,568
0,-0.44962883967425743,0.20144654965062112,-1.8428925007231265,0,569
1,0.05481049265499812,-0.10488005840770823,0.9652638865299951,1,569
2,-0.04974010186187523,0.060981480262109033,-0.9884568249855329,2,569
0,-0.4485412205841247,0.20072826180494296,-1.8429617813497894,0,570
1,0.05424233395263296,-0.1045038643838703,0.9652970764742291,1,570
2,-0.04924304533570584,0.06059632531898757,-0.9884892361547412,2,570
0,-0.4474977292988665,0.1992800044736625,-1.843029427254339,0,571
1,0.05369899165376685,-0.10374630902300504,0.9653277683500004,1,571
2,-0.04891022447153929,0.059821194654570004,-0.9885191967208081,2,571
0,-0.44657053139685554,0.1984152490790783,-1.843230248321816,0,572
1,0.053218238524874145,-0.10328273162446411,0.9654264246270452,1,572
2,-0.048780691377213525,0.059341303285771634,-0.9886155540367556,2,572
0,-0.4472504825681666,0.19885042339961564,-1.8432493532168577,0,573
1,0.05357564139949363,-0.10351604989393005,0.9654334586518926,1,573
2,-0.04927145021688716,0.059582847017779855,-0.9886224092404639,2,573
0,-0.44899153503854794,0.20094139613931103,-1.8432820873278253,0,574
1,0.05448989942448354,-0.10461623575577557,0.9654480199305854,1,574
2,-0.050455259300406,0.0607117413454757,-0.9886366215655515,2,574
0,-0.4493354864967223,0.20201869409075882,-1.8432795958624562,0,575
1,0.05467054242730757,-0.1051796870645694,0.9654480256130586,1,575
2,-0.050691402649817176,0.06128823388679961,-0.9886366349118039,2,575
0,-0.44913405189622063,0.20276154854432538,-1.8432699741590377,0,576
1,0.05456536294917471,-0.1055674027813244,0.9654436943021852,1,576
2,-0.05060321876685057,0.0616845207644213,-0.9886324070398018,2,576
0,-0.44871628947280784,0.20303525433115402,-1.8432590398745659,0,577
1,0.054346838211784654,-0.10571041910853166,0.9654387093289433,1,577
2,-0.05038855052276232,0.0618307789792202,-0.9886275406815221,2,577
0,-0.448441521958548,0.20314508040619456,-1.8432534128841553,0,578
1,0.054203012486936535,-0.10576794904079384,0.9654356183722588,1,578
2,-0.050239253141950595,0.061889684179432095,-0.9886245196817824,2,578
0,-0.4482725656873759,0.20299542529594225,-1.8432489322953707,0,579
1,0.05411468291362188,-0.10569009974772353,0.9654336469387051,1,579
2,-0.0501564112483318,0.0618102426196439,-0.9886225956444912,2,579
0,-0.44836717277463556,0.2030792246954927,-1.8432514412016734,0,580
1,0.05416414307033717,-0.10573369147007565,0.9654347508431942,1,580
2,-0.05020279857804736,0.061854725931963755,-0.9886236730094364,2,580
0,-0.4483593998580574,0.20306715261198857,-1.8432526415139003,0,581
1,0.05416004685256495,-0.10572746389172948,0.9654352255013102,1,581
2,-0.050196328057684175,0.06184839694575313,-0.9886241358775191,2,581
0,-0.45121120232938217,0.21041390985292396,-1.8352991255117135,0,582
1,0.05563713496260651,-0.10958350616220865,0.9615382432118694,1,582
2,-0.05046617857117665,0.06580037595696697,-0.9848180292278799,2,582
0,-0.45710146145496433,0.509845581338006,-6.259296112952665,0,583
1,0.05871816610388279,-0.25337588313719134,3.114872400854808,1,583
2,-0.05348737338669752,0.20658150883738668,-3.087846688318545,2,583
0,-0.4522416505146078,0.26279680437463615,-2.6092378555335913,0,584
1,0.05617613382164883,-0.134738697257223,1.3382448069844004,1,584
2,-0.05099470959986203,0.09042877681298529,-1.3527240956734028,2,584
0,-0.4513956123683026,0.2197884051026705,-1.9738039755096077,0,585
1,0.0557335947380703,-0.11408530434613534,1.0289540270259958,1,585
2,-0.0505607650132393,0.07020789923229706,-1.0506588672292427,2,585
0,-0.4512562023787739,0.21270149002880345,-1.869097313113003,0,586
1,0.055660673240054304,-0.11068204256411664,0.977989156726252,1,586
2,-0.05048925971464153,0.06687590723633326,-1.0008846218030123,2,586
0,-0.4512482458938112,0.21159354191538585,-1.862699074915387,0,587
1,0.05565651142080616,-0.11015155028848128,0.974891917132642,1,587
2,-0.050485178504383374,0.0663573668141624,-0.9978598479363872,2,587
0,-0.4512026708051569,0.21211093246172644,-1.8384718439165944,0,588
1,0.05563267235500857,-0.11039394724206814,0.9631141280019797,1,588
2,-0.05046180231210911,0.06659142147131117,-0.9863573009005554,2,588
0,-0.45123049052135783,0.21179510952886127,-1.8532605083082274,0,589
1,0.055647224077551946,-0.11024598451383356,0.9703034667562703,1,589
2,-0.05047607148972639,0.06644855100567501,-0.993378627760827,2,589
0,-0.45121793029538354,0.20974901080225786,-1.8500412567925693,0,590
1,0.055640654170936894,-0.10926670338900968,0.9687635668667482,1,590
2,-0.05046962910764038,0.06549155075184933,-0.9918748755292666,2,590
0,-0.4512241326739076,0.2107593969869042,-1.851630958801585,0,591
1,0.05564389846349821,-0.10975028324101879,0.9695239864661959,1,591
2,-0.050472810427178695,0.06596412806329409,-0.9926174450153571,2,591
0,-0.45122032400428436,0.21068134187911988,-1.851454614725924,0,592
1,0.05564190625346177,-0.10971257967891272,0.969450362910014,1,592
2,-0.05047085685790506,0.06592709549878689,-0.9925456195626068,2,592
0,-0.45120918587370135,0.21066096530313752,-1.851540826836417,0,593
1,0.05563608020505049,-0.10970162202258754,0.969514827472519,1,593
2,-0.050465143851849005,0.06591573572443592,-0.9926087221158362,2,593
0,-0.451189884292327,0.2111295292334128,-1.8515626452971337,0,594
1,0.05562598408493626,-0.10992338453021051,0.969538814681271,1,594
2,-0.05045524393948587,0.06613110335184548,-0.9926322344820244,2,594
0,-0.4511715443301431,0.21116709918994192,-1.851818750641175,0,595
1,0.05561639096490731,-0.10993920332434548,0.9696631581711519,1,595
2,-0.05044583756206166,0.06614539339860057,-0.9927536710958011,2,595
0,-0.4508164581594691,0.21025547873480677,-1.866975694828434,0,596
1,0.05543065536280651,-0.10946210635952448,0.9770825483124173,1,596
2,-0.05026371902931413,0.06565710613398291,-0.9999999999999994,2,596
0,-0.4511534434737532,0.21112062846733115,-1.8525913903345772,0,597
1,0.05560692291535276,-0.10991488285129543,0.9700413686635276,1,597
2,-0.05043655389606894,0.06612050248934036,-0.9931230596264748,2,597
0,-0.4510901424863953,0.21095749804775366,-1.8519575218496085,0,598
1,0.05557381195287534,-0.10982950847469865,0.9697216246590262,1,598
2,-0.05040408822937328,0.06603312565844265,-0.9928107136112483,2,598
0,-0.4498622542451921,0.20779940558282425,-1.866975694828434,0,599
1,0.05493153825850561,-0.10817671939876858,0.9770825483124173,1,599
2,-0.04977433488506633,0.06434157044769317,-0.9999999999999994,2,599
0,-0.4510618666407362,0.21088477340383416,-1.8523033607679886,0,600
1,0.055559021655808324,-0.10979144800042309,0.9698911322201755,1,600
2,-0.05038958625128658,0.06599417247650184,-0.9929762687045414,2,600
0,-0.45103220207881645,0.21047703264979112,-1.8517873188820657,0,601
1,0.05554350498005169,-0.10959306434503649,0.9696320056444493,1,601
2,-0.05037437363574868,0.06579855384084221,-0.9927231448963841,2,601
0,-0.4510072045853668,0.21042003152369276,-1.852123163288994,0,602
1,0.055530429506627024,-0.10956289542245354,0.9698008757452106,1,602
2,-0.05036155386756423,0.06576751055454254,-0.9928881044721674,2,602
0,-0.45096580931419183,0.2102558881961664,-1.852713333573029,0,603
1,0.055508776858840855,-0.10947956181045573,0.9700952183895862,1,603
2,-0.05034032739419147,0.06568349310552161,-0.9931756161063231,2,603
0,-0.4509751430252075,0.21026095534229086,-1.8523818504784,0,604
1,0.055513659070736215,-0.10948306114546871,0.9699323888058057,1,604
2,-0.0503451153214846,0.06568749339797259,-0.9930165810006749,2,604
0,-0.4509767912075246,0.21022357985199497,-1.852131301937541,0,605
1,0.055514521229913925,-0.10946534093015436,0.9698061564444848,1,605
2,-0.05034596402232926,0.06567026717629595,-0.9928932702477824,2,605
0,-0.45097181567496225,0.2102126127655065,-1.852084248069823,0,606
1,0.055511918722727545,-0.10945946199989354,0.969779178697722,1,606
2,-0.05034341656446532,0.0656641815011167,-0.9928668966715296,2,606
0,-0.4509584105377784,0.2102166475721764,-1.8521235591195175,0,607
1,0.05550490698259736,-0.10945973515807382,0.9697943320489968,1,607
2,-0.05033655029466658,0.06566355233710516,-0.9928816705409339,2,607
0,-0.4509503425812597,0.21019467712952083,-1.8521477934543242,0,608
1,0.05550068692318951,-0.10944825155630249,0.9698056906706869,1,608
2,-0.050332417421639776,0.06565180662358168,-0.9928927610085553,2,608
0,-0.4509289546053187,0.21013442600778698,-1.8521849618886574,0,609
1,0.05548949964370021,-0.10941685022091341,0.9698233309498735,1,609
2,-0.05032146171716437,0.06561973357939639,-0.9929099862947992,2,609
0,-0.45087906966511454,0.20999715706474037,-1.852232991273978,0,610
1,0.05546340663911598,-0.10934516640907525,0.9698461962773159,1,610
2,-0.050295909641378665,0.06554644550928418,-0.9929323141704615,2,610
0,-0.4507290540556377,0.20959150083393355,-1.8523185092460628,0,611
1,0.0553849389375662,-0.1091330006123002,0.9698869594470104,1,611
2,-0.050219070879028806,0.06532936988407935,-0.9929721195293272,2,611
0,-0.45035668237973714,0.20859020397008468,-1.8524449977680406,0,612
1,0.05519016493798687,-0.10860902489603237,0.9699473428818246,1,612
2,-0.05002834524906911,0.06479313074080476,-0.9930310847322735,2,612
0,-0.4494803906966659,0.2062378876389732,-1.8526166571938354,0,613
1,0.05473180897819633,-0.10737781511924076,0.9700295087576605,1,613
2,-0.04957952898086257,0.06353298167460165,-0.9931113221963113,2,613
0,-0.4478554242824868,0.2018787678075246,-1.8527627101971076,0,614
1,0.053881849294056344,-0.10509588278543001,0.9700998891182807,1,614
2,-0.04874729971739096,0.061197237475522165,-0.9931800538140513,2,614
0,-0.44590198397128705,0.1965971683599209,-1.8527225749879432,0,615
1,0.052860081246910766,-0.10233104907059772,0.9700811711634116,1,615
2,-0.04774718115435616,0.058367205511051935,-0.9931617783728848,2,615
0,-0.44492472714137493,0.1939493574091983,-1.8525482643723106,0,616
1,0.052348924002298056,-0.10094186346655841,0.9700014112355371,1,616
2,-0.04724745880825597,0.05694373001533239,-0.9930839143034269,2,616
0,-0.4450432874686716,0.19418201057796305,-1.8524055244811817,0,617
1,0.05241094224473826,-0.10106586039666428,0.9699323582430316,1,617
2,-0.04730848429035135,0.05707174140549972,-0.9930164772188795,2,617
0,-0.4452220278096969,0.19463982481654404,-1.8523647838243953,0,618
1,0.052504435776664506,-0.10130601793549757,0.969912426751604,1,618
2,-0.04740011516110389,0.057317808762795096,-0.9929970107116348,2,618
0,-0.4452558503436766,0.1947243052460079,-1.852361185760866,0,619
1,0.0525221281340069,-0.10135006101184717,0.9699106309132484,1,619
2,-0.04741752265038672,0.05736280094170865,-0.9929952565421989,2,619
0,-0.4453084507102728,0.1948337540725018,-1.8523567468476971,0,620
1,0.052549645196508246,-0.10140711961143722,0.9699083517544047,1,620
2,-0.04744476907597812,0.05742108836884017,-0.9929930298696211,2,620
0,-0.44540596373611957,0.1949855608784081,-1.8523496012954428,0,621
1,0.052600662674620095,-0.10148622366974232,0.969904639171246,1,621
2,-0.04749569269117628,0.05750187772659291,-0.9929894025176542,2,621
0,-0.44560092068449975,0.19518385900839655,-1.8523383706901035,0,622
1,0.05270267186710664,-0.10158946838714443,0.9698987553705493,1,622
2,-0.04759835213373509,0.057607279752874496,-0.9929836535012871,2,622
0,-0.44600315301019433,0.19540008243862497,-1.8523223141510887,0,623
1,0.05291315470049143,-0.10170186301815197,0.9698902759565458,1,623
2,-0.04781170547412632,0.05772193197485166,-0.9929753679312138,2,623
0,-0.44682861330788953,0.19552767239349553,-1.8523034310190492,0,624
1,0.05334513808294842,-0.10176770773093147,0.9698802041987984,1,624
2,-0.04825207749290051,0.05778886161032189,-0.9929655258316235,2,624
0,-0.4482949201479645,0.19531929158428638,-1.8522935659630106,0,625
1,0.05411253467044838,-0.10165804909002489,0.9698747996746492,1,625
2,-0.04903781679448273,0.05767633314267748,-0.9929602437087647,2,625
0,-0.4500450850484409,0.19463988515112096,-1.852310432165126,0,626
1,0.0550285359407637,-0.10130298122609965,0.9698840608649754,1,626
2,-0.049979471157286036,0.05731318420978361,-0.9929692952723713,2,626
0,-0.45062595476079775,0.1926032926967691,-1.852370405203863,0,627
1,0.05533274673649058,-0.1002388412137002,0.9699124929595726,1,627
2,-0.05030793926402374,0.05622493080949396,-0.9929970582876287,2,627
0,-0.45055768275317293,0.1929397118541335,-1.8523763361241434,0,628
1,0.05529698433760808,-0.10041576033557749,0.9699172732654914,1,628
2,-0.050268740953522566,0.056406421692210613,-0.9930017390342567,2,628
0,-0.45031619931044886,0.19288033780115957,-1.8523913241156968,0,629
1,0.05517061666319866,-0.10038489024482283,0.9699254096417784,1,629
2,-0.05014044056686305,0.056374928055591925,-0.9930096907136184,2,629
0,-0.45022980453810274,0.1928268282558395,-1.852389769366806,0,630
1,0.05512541139550577,-0.10035700020430839,0.9699247667121638,1,630
2,-0.0500949388368565,0.056346440304180956,-0.9930090635323184,2,630
0,-0.4500046658296209,0.1926937994559179,-1.8523906220569775,0,631
1,0.05500761508467385,-0.10028747098998342,0.9699253929806105,1,631
2,-0.04997680880236425,0.056275325494306735,-0.9930096765217695,2,631
0,-0.44964028071942724,0.19257630124342714,-1.8523966128774294,0,632
1,0.05481697171821827,-0.10022649844476947,0.9699284919006926,1,632
2,-0.04978634901145054,0.05621317996596207,-0.9930127042166051,2,632
0,-0.44899863083696556,0.19222557353170563,-1.852401582431632,0,633
1,0.05448134515961316,-0.10004327715803144,0.9699314569171158,1,633
2,-0.049457457946431,0.05602582543755667,-0.9930156034600692,2,633
0,-0.4478696986343076,0.1918864093535651,-1.8524199836218345,0,634
1,0.05389095090315738,-0.09986725799417014,0.9699408137776955,1,634
2,-0.048888117367469404,0.05584641055852681,-0.9930247442900882,2,634
0,-0.44621494823362556,0.19114001530016697,-1.8524427662839307,0,635
1,0.05302601866381252,-0.09947734602563293,0.9699532025150509,1,635
2,-0.04809013878936937,0.055447705979435664,-0.9930368519214986,2,635
0,-0.4432885663235864,0.1905490155078171,-1.8525050727832082,0,636
1,0.051497362718350446,-0.09917288793718414,0.9699834028336457,1,636
2,-0.04675679359777727,0.0551385001330518,-0.9930663458991086,2,636
0,-0.44014629203813954,0.18989365347576395,-1.8525943822048905,0,637
1,0.04985792817959569,-0.0988305863046612,0.9700271503396745,1,637
2,-0.045488145195764905,0.0547885071121719,-0.9931090731630764,2,637
0,-0.4420647711635214,0.18665024414580614,-1.8525249458799273,0,638
1,0.050877465573835844,-0.0971708993300534,0.9699798773257335,1,638
2,-0.04778126159752219,0.05310855294071212,-0.9930628182940976,2,638
0,-0.44077386262210616,0.1888326733168889,-1.8525716682777869,0,639
1,0.050191438025710015,-0.09828767149778272,0.9700116864482128,1,639
2,-0.04623826667496999,0.054238962524236316,-0.9930939423259707,2,639
0,-0.43896808884500926,0.18860380619189293,-1.8527801626943623,0,640
1,0.049255690318730574,-0.09815674043373006,0.9701143179437911,1,640
2,-0.04603073240497077,0.05409944750229963,-0.9931941835303616,2,640
0,-0.4424169252469963,0.1904180289782127,-1.8529831920326338,0,641
1,0.05106915100017037,-0.09908104220128269,0.9702126700214864,1,641
2,-0.04857286381574156,0.05503298626563805,-0.9932902349288597,2,641
0,-0.4438983422701699,0.19057599455370697,-1.8529326346907102,0,642
1,0.051845145786258845,-0.09917602027304569,0.9701839149366926,1,642
2,-0.049423053848040084,0.055136275113263584,-0.9932621250750635,2,642
0,-0.4452191494253939,0.1913733890629706,-1.8529011592176001,0,643
1,0.052536134048399394,-0.09959551731697248,0.9701668054633144,1,643
2,-0.050109550470350754,0.05556668913788633,-0.9932454038589288,2,643
0,-0.4458185390127716,0.19228114641680352,-1.8528325596627204,0,644
1,0.052849558661372274,-0.10007074794710581,0.9701333366008038,1,644
2,-0.05040886592501633,0.05605314311579193,-0.9932127163812764,2,644
0,-0.44596883900187706,0.19331317274770435,-1.8528182064412242,0,645
1,0.052928202101790736,-0.100610812412074,0.9701264890975758,1,645
2,-0.05048805395124175,0.05660585156642381,-0.9932060297352578,2,645
0,-0.4442140090654134,0.19405254097956287,-1.8526492650865418,0,646
1,0.05201046082373459,-0.10099670407337569,0.9700471183570754,1,646
2,-0.04960116962237402,0.05700027183288201,-0.9931285315279167,2,646
0,-0.4457079217086215,0.19342310588354134,-1.8527930873569922,0,647
1,0.052791747528499175,-0.10066818880260894,0.9701146878407435,1,647
2,-0.0503561873505468,0.05666449603458059,-0.9931945068964512,2,647
0,-0.4454477150056822,0.19411727743212318,-1.8528147155560717,0,648
1,0.0526557579229445,-0.1010315426293633,0.9701253849301884,1,648
2,-0.05023230082310793,0.05703640140325629,-0.993204955170448,2,648
0,-0.4451397768984416,0.1942324617816875,-1.8528293080412148,0,649
1,0.05249472742826035,-0.10109176471082015,0.9701324554634106,1,649
2,-0.05007789739685815,0.057098006484221434,-0.9932118603180614,2,649
0,-0.44502366046155334,0.19419606572980666,-1.8528330228179235,0,650
1,0.05243399550817199,-0.10107268588343998,0.9701342009421342,1,650
2,-0.050018777846690295,0.0570784648711951,-0.9932135646185688,2,650
0,-0.4450052801542815,0.19418193868571212,-1.8528322607766783,0,651
1,0.05242438068173787,-0.10106528239461127,0.9701337643792379,1,651
2,-0.05000930154341177,0.05707088274428319,-0.9932131378344313,2,651
0,-0.4450052801542815,0.19418193868571212,-1.8528322607766783,0,652
1,0.05242438068173787,-0.10106528239461127,0.9701337643792379,1,652
2,-0.05000930154341177,0.05707088274428319,-0.9932131378344313,2,652
0,-0.44746196486120465,0.20148421541404643,-6.012924992978393,0,653
1,0.05370935152462594,-0.1048716618555561,2.9919620713411326,1,653
2,-0.05126506016665155,0.06095899284570777,-2.9677886056366765,2,653
0,-0.4454336620779782,0.1954552658421975,-2.5782442448029204,0,654
1,0.0526484461794467,-0.10172901598289086,1.3226880409127404,1,654
2,-0.0502282731897146,0.05774886803075407,-1.3375277480882979,2,654
0,-0.4450791466631358,0.19440150031162787,-1.9779160884952407,0,655
1,0.05246301661653111,-0.1011797309281831,1.0309252033937923,1,655
2,-0.050047059138108974,0.057187788718593154,-1.0525837993872473,2,655
0,-0.44501932225280916,0.19422367757430692,-1.8766108237579442,0,656
1,0.05243172541227248,-0.1010870391773488,0.98169027881995,1,656
2,-0.050016479300599895,0.05709310668900671,-1.0044995610333562,2,656
0,-0.4450074318212971,0.19418833432448915,-1.856475843645707,0,657
1,0.05242550611284035,-0.1010686161806322,0.9719045660073713,1,657
2,-0.05001040138923275,0.05707428811341087,-0.994942553453559,2,657
0,-0.4450065900713023,0.1942538382284754,-1.8557271837008353,0,658
1,0.05242506583473461,-0.10109983076252442,0.9715461856430624,1,658
2,-0.05000997111080757,0.05710471889249111,-0.9945925839913727,2,658
0,-0.4450057823080912,0.19428065161320382,-1.8555054267222635,0,659
1,0.0524246433334339,-0.10111255799538177,0.9714438845478343,1,659
2,-0.05000955820439726,0.057117099317424515,-0.9944927088918104,2,659
0,-0.4450038525415543,0.19430118840811625,-1.855352655972978,0,660
1,0.052423633967367066,-0.10112215314722658,0.9713789086570437,1,660
2,-0.050008571770328095,0.0571263497133536,-0.994429310994003,2,660
0,-0.444998674167415,0.19431699678686273,-1.8570472077184668,0,661
1,0.05242092541482179,-0.10112909170247704,0.9722133431916542,1,661
2,-0.05000592479881918,0.05713279125270894,-0.9952443133565329,2,661
0,-0.44499983807813903,0.19426244321681146,-1.8562373793210583,0,662
1,0.05242153419971162,-0.10110314239262118,0.9718131360170429,1,662
2,-0.05000651978266277,0.05710751910680928,-0.9948534170954687,2,662
0,-0.44499959388258475,0.1942470874758755,-1.856121316154494,0,663
1,0.05242140647384731,-0.10109575873007443,0.9717540725583211,1,663
2,-0.050006395025789435,0.057100284917777355,-0.9947957170065648,2,663
0,-0.44499868979972523,0.19424110074315173,-1.8561041455830376,0,664
1,0.052420933594321234,-0.10109276501586938,0.9717429194348399,1,664
2,-0.05000593303495039,0.057097289912093514,-0.994784806549864,2,664
0,-0.4449972820576497,0.19423759584482891,-1.8561405107192226,0,665
1,0.05242019727637845,-0.10109089693648306,0.9717591890825469,1,665
2,-0.0500052136695004,0.05709536131528039,-0.9948006869560853,2,665
0,-0.4449965736636659,0.1942370322470734,-1.8561520959564257,0,666
1,0.05241982675190265,-0.10109053340134262,0.9717647870523426,1,666
2,-0.05000485169323403,0.05709495535711162,-0.9948061538854049,2,666
0,-0.44499591193892024,0.19423548952278977,-1.856155521866526,0,667
1,0.05241948063784652,-0.1010897082444073,0.9717664744521841,1,667
2,-0.050004513575564624,0.057094102061889355,-0.994807801991932,2,667
0,-0.4450052801542815,0.19418193868571212,-1.8528322607766783,0,668
1,0.05242438068173787,-0.10106528239461127,0.9701337643792379,1,668
2,-0.05000930154341177,0.05707088274428319,-0.9932131378344313,2,668
0,-0.44732849752954834,0.4505202183862123,-6.277852070840189,0,669
1,0.053639541240023264,-0.22388539278091826,3.123948497415968,1,669
2,-0.05119682941580515,0.17716915603393904,-3.096711034740865,2,669
0,-0.44541428790129844,0.23931088071705528,-2.6318671467454022,0,670
1,0.05263831248489162,-0.12268804450561056,1.349317787721486,1,670
2,-0.05021836854884099,0.07821445919211518,-1.36353876677855,2,670
0,-0.4450757822855814,0.20196097617275793,-1.9871172962525432,0,671
1,0.05246125687341208,-0.10479247539900537,1.0354950735368875,1,671
2,-0.05004533917246593,0.06071547679844179,-1.0570474937998204,2,671
0,-0.44501920470331413,0.19571834030820234,-1.8793542754507016,0,672
1,0.05243166392735976,-0.10180142300182912,0.9830429734690633,1,672
2,-0.05001641916841893,0.05779070961585322,-1.005820765479772,2,672
0,-0.4450110328902679,0.19481668189225962,-1.863789466491548,0,673
1,0.05242738965453021,-0.10136940876538246,0.9754670266276764,1,673
2,-0.050012242092324126,0.05736826931946717,-0.9984218058554849,2,673
0,-0.44501017106784696,0.19454669192133578,-1.862344673475624,0,674
1,0.05242693887754478,-0.10124025487621043,0.9747695609955501,1,674
2,-0.050011801555206944,0.05724208949736814,-0.9977406711277627,2,674
0,-0.4450066875276359,0.19439585293043085,-1.8585470724237192,0,675
1,0.052425116808717226,-0.10116775330707066,0.9729477801668038,1,675
2,-0.05001002087527982,0.057171070663025535,-0.9959616207666245,2,675
0,-0.44500844769215264,0.1944720689128763,-1.860465925721337,0,676
1,0.0524260374643444,-0.10120438692738096,0.9738682902738399,1,676
2,-0.05001092061790766,0.05720695508653628,-0.9968605400068065,2,676
0,-0.4450072125414185,0.1942048796593323,-1.8599299904877182,0,677
1,0.05242539141760136,-0.10107653509598638,0.9736169344392605,1,677
2,-0.050010289242682235,0.057082026947506,-0.996615117089929,2,677
0,-0.4450068471827138,0.19429910693390628,-1.8600458963587625,0,678
1,0.05242520031637981,-0.10112152733217972,0.9736748047017567,1,678
2,-0.05001010248047739,0.057125938335008786,-0.9966716447122024,2,678
0,-0.4450052406426824,0.19440327671344051,-1.8602377071340022,0,679
1,0.052424360014146465,-0.10117111744122415,0.9737737964442034,1,679
2,-0.05000928126348139,0.05717425612630671,-0.9967683598675673,2,679
0,-0.4450036207556595,0.1944809495308601,-1.8602664891726308,0,680
1,0.052423512730914175,-0.10120803530434318,0.9737895376118259,1,680
2,-0.05000845323673016,0.05721019509461679,-0.9967837443771675,2,680
0,-0.4449932057791094,0.1944852169389539,-1.8604358371093503,0,681
1,0.05241806516934977,-0.10120873293547371,0.9738773850657207,1,681
2,-0.05000312951910985,0.05721015000084379,-0.9968695742447254,2,681
0,-0.4448609774918705,0.19410917600521174,-1.866975694828434,0,682
1,0.0523489030682745,-0.10101193174795461,0.9770825483124173,1,682
2,-0.04993554031378081,0.05700873284539597,-0.9999999999999994,2,682
0,-0.4449914509213163,0.19448022633991674,-1.860522630340381,0,683
1,0.05241714728971454,-0.10120612110327962,0.9739199221492626,1,683
2,-0.050002232514042504,0.05720747690817776,-0.996911119455258,2,683
0,-0.44497649928593463,0.19435274523316654,-1.8602932937150376,0,684
1,0.05240932682652062,-0.10114325354476145,0.9738106156475416,1,684
2,-0.04999458994406553,0.05714503767111477,-0.9968043813871973,2,684
0,-0.44497537782052426,0.19426890644703643,-1.860339811732272,0,685
1,0.05240874024465809,-0.1011030280001026,0.9738305725034904,1,685
2,-0.04999401681772039,0.05710567354114678,-0.9968238548339633,2,685
0,-0.4449736504702678,0.1942165194778444,-1.8603942939198235,0,686
1,0.05240783675660894,-0.10107774885526603,0.9738527124675963,1,686
2,-0.04999313417938233,0.057080858064391615,-0.9968454495517627,2,686
0,-0.44497261691592094,0.19423727952874167,-1.8603868923746552,0,687
1,0.052407296159873884,-0.1010875242998122,0.9738459782503568,1,687
2,-0.04999260624902137,0.05709032434515962,-0.9968388526177178,2,687
0,-0.4449715402516769,0.19426084255472845,-1.860375427533961,0,688
1,0.05240673301472306,-0.10109864046141659,0.9738397124508172,1,688
2,-0.049992056302970087,0.05710110039982215,-0.9968327288117629,2,688
0,-0.4449709544463082,0.1942643852678616,-1.8603737476609223,0,689
1,0.0524064266112028,-0.10110025558952936,0.9738389154205578,1,689
2,-0.04999175706141075,0.05710263529937628,-0.9968319505334825,2,689
0,-0.44497008386214915,0.19426461102171613,-1.8603731654421551,0,690
1,0.05240597125501497,-0.10110024743266322,0.97383866860819,1,690
2,-0.049991312342102245,0.0571025645199855,-0.9968317097211246,2,690
0,-0.4449669106797866,0.1942603035604021,-1.8603724120058027,0,691
1,0.05240431153241045,-0.10109776545055049,0.9738383761336583,1,691
2,-0.04998969139129458,0.05709991178824248,-0.9968314245544388,2,691
0,-0.4449579780359393,0.19424175635401186,-1.8603715377957621,0,692
1,0.05239963934263264,-0.1010877089753075,0.9738380677504279,1,692
2,-0.049985128363952296,0.05708944654312326,-0.9968311241250828,2,692
0,-0.4449327745412196,0.19418023689300337,-1.8603709523882896,0,693
1,0.05238645673903489,-0.10105494210427737,0.9738379761704015,1,693
2,-0.04997225383012693,0.05705562906800229,-0.9968310359218594,2,693
0,-0.4448663463017162,0.19400432229847853,-1.8603711913848828,0,694
1,0.052351711673131913,-0.10096199637624784,0.9738383928839363,1,694
2,-0.04993832094116797,0.056960067956402564,-0.99683144482246,2,694
0,-0.44469742957320296,0.1935360384434753,-1.8603735452196932,0,695
1,0.052263360357361274,-0.10071562732207467,0.9738399745597599,1,695
2,-0.04985203547250247,0.05670728145661468,-0.9968329923375133,2,695
0,-0.444310186891512,0.19243113263553532,-1.8603803717110259,0,696
1,0.05206081442319522,-0.10013582334732361,0.9738438159740628,1,696
2,-0.049654227356949486,0.05611311153233393,-0.9968367473290957,2,696
0,-0.44359622562519624,0.1903502110653264,-1.8603924390501105,0,697
1,0.05168737955769409,-0.09904586138416004,0.9738499836965187,1,697
2,-0.04928953448095648,0.05499713436137539,-0.9968427728450077,2,697
0,-0.442775760673622,0.18789952990034461,-1.8604076863181493,0,698
1,0.05125823930675158,-0.09776451123169512,0.9738569248350983,1,698
2,-0.048870519563919114,0.05368633068220892,-0.9968495487533893,2,698
0,-0.4424155086323064,0.18676291071471704,-1.8604180277296145,0,699
1,0.05106981243036601,-0.09717240903279616,0.973861196380707,1,699
2,-0.048686637173165244,0.05308169901767023,-0.9968537156322252,2,699
0,-0.44247555912555014,0.1869006873119849,-1.860419420698461,0,700
1,0.05110122235102927,-0.09724596394034696,0.9738614454615192,1,700
2,-0.04871737042225912,0.053157695607697925,-0.9968539561493062,2,700
0,-0.44253740063770186,0.18707643094589088,-1.8604189634562764,0,701
1,0.05113356849699656,-0.09733815032942694,0.973861141791356,1,701
2,-0.04874897275131506,0.05325214846282391,-0.99685365905434,2,701
0,-0.44254845986652563,0.18710631050926618,-1.8604190562688274,0,702
1,0.05113935330546426,-0.09735377035627343,0.9738611515422367,1,702
2,-0.048754647849390785,0.053268126228918265,-0.996853668350737,2,702
0,-0.44254845986652563,0.18710631050926618,-1.8604190562688274,0,703
1,0.05113935330546426,-0.09735377035627343,0.9738611515422367,1,703
2,-0.048754647849390785,0.053268126228918265,-0.996853668350737,2,703
0,-0.44601282778463824,0.1905376811951658,-6.084064558337589,0,704
1,0.052952092749473705,-0.09914278837348554,3.026572119734318,1,704
2,-0.050582572564112444,0.055095748750349324,-3.0015900003574307,2,704
0,-0.4431546922106696,0.18770676864296051,-2.5995179551377,0,705
1,0.051456565942355155,-0.09766683196287157,1.3330665856970951,1,705
2,-0.049074517768209674,0.05358794326670618,-1.347663984884837,2,705
0,-0.44265123236299386,0.1872081041235801,-1.9857159654611076,0,706
1,0.051193129279180336,-0.09740684262001736,1.0347560205963697,1,706
2,-0.04880887430302629,0.05332234371781353,-1.0563253418192782,2,706
0,-0.44256701758083333,0.18712469146601662,-1.8830440223279137,0,707
1,0.05114906367731583,-0.09736335365863594,0.9848569881866042,1,707
2,-0.04876443956477236,0.05327791632552947,-1.0075925173963898,2,707
0,-0.44255157758326935,0.1871093985305424,-1.8642200758521283,0,708
1,0.051140984658787504,-0.09735538036178054,0.9757084643872962,1,708
2,-0.04875629286851793,0.05326977097609026,-0.9986578069920069,2,708
0,-0.4425495293089693,0.18710736976553893,-1.8617228859632549,0,709
1,0.051139912893979435,-0.0973543226220386,0.9744948187174512,1,709
2,-0.04875521212556438,0.05326869041180548,-0.9974725258656205,2,709
0,-0.4425497415405574,0.18713650774181248,-1.8617253339986444,0,710
1,0.051140023993353205,-0.09736824133055948,0.9744984810639599,1,710
2,-0.048755328078364024,0.05328227785163576,-0.9974761184644407,2,710
0,-0.4425510610555059,0.1871664652287792,-1.861753003324722,0,711
1,0.05114071471743831,-0.09738250726150484,0.9745200972245264,1,711
2,-0.048756047528537835,0.05329618029002495,-0.9974972817778059,2,711
0,-0.4425530583081555,0.18721001723129882,-1.8618967252829999,0,712
1,0.051141760199396154,-0.09740324223141114,0.9745932745603417,1,712
2,-0.04875713518088234,0.053316384357991464,-0.9975687701873763,2,712
0,-0.4425542914857995,0.18716023850852181,-1.8622222747098927,0,713
1,0.05114240570422325,-0.09737940003118621,0.9747500223205569,1,713
2,-0.04875780556226854,0.053293075077437135,-0.9977218451143854,2,713
0,-0.4425538998670337,0.18716998672006788,-1.8620287043755166,0,714
1,0.051142200712523254,-0.09738407282549823,0.9746547716061926,1,714
2,-0.0487575927112252,0.0532976454537633,-0.9976288130101734,2,714
0,-0.4425541190530729,0.1871500787411174,-1.8619645250516546,0,715
1,0.051142315442406425,-0.09737454749550206,0.974622441670687,1,715
2,-0.048757711645626145,0.05328833836358948,-0.9975972313727053,2,715
0,-0.4425547095061435,0.18713625414525736,-1.8619516604972879,0,716
1,0.0511426245085025,-0.09736791616031998,0.974615064991346,1,716
2,-0.04875803217110003,0.05328184992856669,-0.9975900198900084,2,716
0,-0.44255557780975713,0.1871356791029471,-1.8619621092691014,0,717
1,0.051143079013130456,-0.09736760813009977,0.9746193740149531,1,717
2,-0.04875850358840955,0.053281531173164115,-0.9975942232767193,2,717
0,-0.44255621843054266,0.18713690744381897,-1.8619692809462607,0,718
1,0.0511434143403261,-0.09736817147383835,0.974622783656301,1,718
2,-0.04875885145885813,0.05328206842975228,-0.9975975527441742,2,718
0,-0.4425566376856266,0.1871370154573573,-1.8619707538897967,0,719
1,0.05114363379581323,-0.09736820761399098,0.9746235069336854,1,719
2,-0.04875907913776969,0.05328209533963614,-0.997598259165142,2,719
0,-0.44254845986652563,0.18710631050926618,-1.8604190562688274,0,720
1,0.05113935330546426,-0.09735377035627343,0.9738611515422367,1,720
2,-0.048754647849390785,0.053268126228918265,-0.996853668350737,2,720
0,-0.4438392924513126,0.4268032654609331,-6.285627093030346,0,721
1,0.05181458935332388,-0.21205894586739482,3.1277579496271826,1,721
2,-0.04941978164347923,0.16535488935613307,-3.100431652001784,2,721
0,-0.44277616565909655,0.22938939643955583,-2.641035780062947,0,722
1,0.05125846647417618,-0.11758802320176208,1.3538134267672854,1,722
2,-0.04887197895764905,0.07304048519739884,-1.3679295907032667,2,722
0,-0.4425870590314865,0.19427385679976525,-1.99274398903643,0,723
1,0.05115954457418944,-0.10078374574082338,1.0382681232884778,1,723
2,-0.048774537035131474,0.05661980444872951,-1.0597559800490004,2,723
0,-0.4425554697886914,0.1884079951874039,-1.884450339854334,0,724
1,0.05114302020401863,-0.09797668177163135,0.9855579812367273,1,724
2,-0.04875825988721923,0.05387681824260788,-1.0082772395477064,2,724
0,-0.4425503435700847,0.18745609870980465,-1.8668767334491667,0,725
1,0.05114033867301793,-0.09752115886958444,0.9770043190693355,1,725
2,-0.04875561847479156,0.05343169371014231,-0.99992340596064,2,725
0,-0.44255015198451053,0.1872927652102649,-1.8657607348934504,0,726
1,0.05114023848620477,-0.09744305687757067,0.9764645788305873,1,726
2,-0.0487555223539943,0.05335540702606492,-0.999396297102618,2,726
0,-0.44254941795364466,0.18736686090278903,-1.861584597585316,0,727
1,0.051139854790755376,-0.09747829131754268,0.9744405552592008,1,727
2,-0.04875516673863751,0.053389716342332805,-0.9974196135817645,2,727
0,-0.44254984896547694,0.18732335303183983,-1.8640367623047533,0,728
1,0.051140080090925064,-0.097457602186838,0.9756290313141905,1,728
2,-0.048755375550601235,0.053369570430287276,-0.9985802922744624,2,728
0,-0.44254988700280723,0.18702274332906071,-1.8636244020761858,0,729
1,0.051140100106569095,-0.0973138795481121,0.9754337294164578,1,729
2,-0.04875540480652256,0.05322919988237133,-0.9983895875766918,2,729
0,-0.44254996133856683,0.18715032639985107,-1.8638037142833752,0,730
1,0.05114013900034226,-0.09737486363208174,0.9755208364525523,1,730
2,-0.048755443816075744,0.053288754111913354,-0.9984746585501076,2,730
0,-0.44255005784006524,0.1871654931898644,-1.8638265261533478,0,731
1,0.051140189538055866,-0.09738209968332479,0.9755332811090685,1,731
2,-0.0487554982490127,0.05329581314383895,-0.9984868210611754,2,731
0,-0.44255063666992894,0.18723571580264503,-1.8638843974145447,0,732
1,0.051140492675454015,-0.0974155802778817,0.9755659395806128,1,732
2,-0.04875582514752897,0.0533284624845163,-0.9985187453095978,2,732
0,-0.4425510264455738,0.18725376183502546,-1.863882119926555,0,733
1,0.0511406968037397,-0.09742414773678806,0.9755654061616269,1,733
2,-0.04875604527246483,0.053336797431788,-0.99851822803246,2,733
0,-0.4425647269765463,0.18720919752202894,-1.866975694828434,0,734
1,0.0511478718198169,-0.09740082498404574,0.9770825483124173,1,734
2,-0.04876377855715698,0.053312927644344976,-0.9999999999999994,2,734
0,-0.4425516862628782,0.18725161561857973,-1.864031106433547,0,735
1,0.051141042352374176,-0.09742302451347043,0.9756384716980432,1,735
2,-0.04875641770730494,0.05333564786328988,-0.9985895901415434,2,735
0,-0.4425533326709182,0.18724622864414653,-1.8639141495578804,0,736
1,0.0511419045836121,-0.09742020523803925,0.9755818907719493,1,736
2,-0.04875734715359096,0.05333276246180939,-0.9985343332587858,2,736
0,-0.44259047323514544,0.187124842361542,-1.866975694828434,0,737
1,0.0511613552633375,-0.09735667767382616,0.9770825483124173,1,737
2,-0.048778314146492155,0.053267744859844604,-0.9999999999999994,2,737
0,-0.44255422648369425,0.18724330740122808,-1.8639878277136734,0,738
1,0.05114237267736368,-0.09741867640427726,0.9756180051097381,1,738
2,-0.048757851738443755,0.05333119776928224,-0.9985696055193434,2,738
0,-0.4425573330627903,0.1871904042463136,-1.8638629716835629,0,739
1,0.0511439996006398,-0.09739293080288394,0.9755563106621786,1,739
2,-0.04875960499995991,0.053305807861240576,-0.9985093464570646,2,739
0,-0.44255804863527,0.18716823413697925,-1.86391026192246,0,740
1,0.05114437434584249,-0.09738222874914229,0.9755794412043425,1,740
2,-0.04876000869258311,0.053295299987966734,-0.9985319373509493,2,740
0,-0.44255955791099616,0.18713349947625826,-1.8641473736892855,0,741
1,0.05114516474597161,-0.09736540657777999,0.9756939013221726,1,741
2,-0.04876085955573873,0.053278753620824515,-0.9986437173993294,2,741
0,-0.44255835236494234,0.18716124406423312,-1.8639579787696858,0,742
1,0.05114453340754881,-0.09737884342165865,0.9756024753878825,1,742
2,-0.04876017992199005,0.05329197016387722,-0.9985544321919401,2,742
0,-0.44255871364946614,0.18714374576100237,-1.8639450271769322,0,743
1,0.05114472260494758,-0.0973704287986462,0.9755954373748643,1,743
2,-0.048760383149704385,0.053283725492393436,-0.9985475539020141,2,743
0,-0.44255922992244906,0.1871439390513433,-1.8639260919122178,0,744
1,0.05114499295972885,-0.09737045085538479,0.975584553581812,1,744
2,-0.04876067299406996,0.05328370896735484,-0.9985369137036999,2,744
0,-0.44255952771897916,0.18715491001362042,-1.8639260296671818,0,745
1,0.0511451489036341,-0.09737565569754102,0.9755841851360505,1,745
2,-0.0487608400095897,0.05328877054722707,-0.9985365517015957,2,745
0,-0.4425596550917674,0.18715671261338268,-1.8639266273739483,0,746
1,0.051145215604051164,-0.0973765006001456,0.9755844689374146,1,746
2,-0.04876091148418966,0.05328958658515717,-0.9985368288272836,2,746
0,-0.4425596550917674,0.18715671261338268,-1.8639266273739483,0,747
1,0.051145215604051164,-0.0973765006001456,0.9755844689374146,1,747
2,-0.04876091148418966,0.05328958658515717,-0.9985368288272836,2,747
0,-0.44423088353394746,0.1854625259289361,-6.112150303727604,0,748
1,0.05202004866571563,-0.09648670364011401,3.0403054844505597,1,748
2,-0.04967197868895545,0.052377365602519155,-3.0150029332821653,2,748
0,-0.44285371132339785,0.18685861682974594,-2.611410701881575,0,749
1,0.05129914435904734,-0.09721993891511206,1.33887656346337,1,749
2,-0.04892121571443973,0.05312907934521375,-1.3533383681751805,2,749
0,-0.442609139750959,0.18710654816633812,-1.9897154755586077,0,750
1,0.05117111919377802,-0.09735015393310358,1.0367203455179481,1,750
2,-0.04878788795789658,0.0532625759483739,-1.0582438894735111,2,750
0,-0.4425682537679798,0.1871479958141858,-1.8857842615246765,0,751
1,0.05114971672792356,-0.09737192248517261,0.9862077129138571,1,751
2,-0.048765599037191916,0.05328489309582562,-1.0089117953418407,2,751
0,-0.44256130883123396,0.187155036155926,-1.868130394481934,0,752
1,0.05114608128220991,-0.09737562011468183,0.9776275831784278,1,752
2,-0.04876181301731054,0.05328868391033248,-1.0005321931324747,2,752
0,-0.4425599348090595,0.18715642905351676,-1.8646376622004246,0,753
1,0.051145362026843715,-0.09737635167281125,0.9759300459740365,1,753
2,-0.0487610639715729,0.053289433904663466,-0.9988743293300597,2,753
0,-0.4425599505945734,0.18716998014785557,-1.864549014383691,0,754
1,0.05114537031189786,-0.0973828193062102,0.9758881433724729,1,754
2,-0.04876107436155663,0.053295744633419136,-0.9988334136155419,2,754
0,-0.44256005050647057,0.18717909258621662,-1.8645028151801502,0,755
1,0.05114542266262662,-0.09738714974927884,0.9758673840228722,1,755
2,-0.04876113292206165,0.05329995987406745,-0.998813150294465,2,755
0,-0.44256030264784557,0.18718326975962093,-1.8644836666354385,0,756
1,0.051145554757051105,-0.09738909033781187,0.9758600416764985,1,756
2,-0.048761279089278756,0.053301824612998296,-0.9988059921351126,2,756
0,-0.44256120931896753,0.18718854892791953,-1.8650182872730643,0,757
1,0.0511460297378772,-0.0973914171272534,0.9761228259502445,1,757
2,-0.048761803432967245,0.05330399043511208,-0.9990626537300882,2,757
0,-0.4425606534542347,0.18718531235910668,-1.8646905204006454,0,758
1,0.051145738535164686,-0.09738999061199315,0.9759617173557291,1,758
2,-0.048761481966718465,0.053302662606198446,-0.9989052988463931,2,758
0,-0.4425608011583753,0.1871723669607407,-1.8646256163140593,0,759
1,0.051145815911751706,-0.09738377120786228,0.9759293757895304,1,759
2,-0.04876156724992847,0.05329657194067839,-0.9988737080329371,2,759
0,-0.44256089256095826,0.18716757134121906,-1.86463968253201,0,760
1,0.051145863791352775,-0.0973814602070178,0.9759358885727265,1,760
2,-0.04876161980137609,0.0532943049943021,-0.9988800665305607,2,760
0,-0.44256114168812727,0.18716527867729643,-1.8646561351990039,0,761
1,0.0511459942911358,-0.09738031352502473,0.9759430634449922,1,761
2,-0.04876176295353284,0.05329315770546926,-0.9988870684534509,2,761
0,-0.4425612670430353,0.187166563531462,-1.8646527423187673,0,762
1,0.05114605995554344,-0.0973809023121752,0.9759412562650943,1,762
2,-0.048761834984217226,0.05329371895942694,-0.9988853024957668,2,762
0,-0.4425614233115013,0.18716579567354832,-1.864650368871855,0,763
1,0.051146141813825936,-0.0973805036610773,0.9759400564987393,1,763
2,-0.04876192481807733,0.05329331254349304,-0.9988841304731044,2,763
0,-0.4425596550917674,0.18715671261338268,-1.8639266273739483,0,764
1,0.051145215604051164,-0.0973765006001456,0.9755844689374146,1,764
2,-0.04876091148418966,0.05328958658515717,-0.9985368288272836,2,764
0,-0.4431644717820791,0.42369554267754506,-6.288861819368464,0,765
1,0.05146162984883427,-0.21048443252809496,3.129370878198539,1,765
2,-0.04907532784819453,0.16376910668760886,-3.102007145961983,2,765
0,-0.4426664646751118,0.22892906163826965,-2.64536254300084,0,766
1,0.051201093813417295,-0.11735116610726722,1.3559394304814036,1,766
2,-0.04881643687125953,0.07280007910162815,-1.370006055368256,2,766
0,-0.44257761892622166,0.19418222042964833,-1.9953529000472097,0,767
1,0.051154613514530926,-0.10073595181424805,1.0395546984710904,1,767
2,-0.048770250055037795,0.05657097058374422,-1.0610126056386613,2,767
0,-0.4425627780423315,0.1883780728777158,-1.8867746308678641,0,768
1,0.05114684939832319,-0.09796052958853713,0.9867054723575271,1,768
2,-0.04876253496247175,0.05386004385781355,-1.0093980268041907,2,768
0,-0.44256029827251414,0.18740825531037084,-1.8686322401136921,0,769
1,0.05114555208873095,-0.09749678306810314,0.9778748719210405,1,769
2,-0.04876124584426137,0.0534070739188056,-1.0007737241246164,2,769
0,-0.4425599202450516,0.18726041188058973,-1.8658665310114404,0,770
1,0.051145354320917734,-0.09742608742550114,0.9765286947641011,1,770
2,-0.04876104932517992,0.053338021107611266,-0.9994589959421688,2,770
0,-0.44255991215921925,0.18721713210116706,-1.8657158148042834,0,771
1,0.05114535010221445,-0.09740539589405155,0.9764565291346236,1,771
2,-0.048761046057266014,0.05331781254776607,-0.9993885238627964,2,771
0,-0.4425599178778112,0.1871876470330204,-1.8654091714830154,0,772
1,0.05114535314967898,-0.09739128129145246,0.9763117135602236,1,772
2,-0.04876105358108789,0.05330401757882246,-0.9992471198342581,2,772
0,-0.44255994215872163,0.18717611913283236,-1.8654955104889712,0,773
1,0.051145365869098305,-0.09738576629878942,0.976353828613472,1,773
2,-0.04876106756584295,0.05329862934214255,-0.9992882515879885,2,773
0,-0.442559977310067,0.1871784634119255,-1.865521880749824,0,774
1,0.05114538429741763,-0.09738687361272964,0.9763675429218803,1,774
2,-0.04876108899394539,0.05329970352825544,-0.9993016511310697,2,774
0,-0.4425600726655255,0.1872009308760979,-1.865543271724975,0,775
1,0.05114543429182268,-0.09739757466087652,0.9763792289888078,1,775
2,-0.04876114742363006,0.05331013295376051,-0.9993130723458349,2,775
0,-0.4425602148442663,0.18722150604309076,-1.8655496862139167,0,776
1,0.051145508836404834,-0.09740735200945681,0.9763831744742761,1,776
2,-0.048761234622741775,0.05331964995124143,-0.9993169309265342,2,776
0,-0.4425609404324693,0.18721699071201042,-1.8655706663683793,0,777
1,0.051145889262351266,-0.09740490355343868,0.9763960547637993,1,777
2,-0.04876167952282728,0.05331710187650176,-0.9993295273864009,2,777
0,-0.442564859906814,0.18718257530007001,-1.866975694828434,0,778
1,0.05114794422503494,-0.09738689223251326,0.9770825483124173,1,778
2,-0.04876408131014661,0.053298668100403276,-0.9999999999999994,2,778
0,-0.4425610016143575,0.18721645349714314,-1.8655925984660817,0,779
1,0.05114592133973873,-0.09740462240180264,0.9764067707343341,1,779
2,-0.04876171701404932,0.05331681413045975,-0.9993399932746616,2,779
0,-0.44256142843714,0.18719719031385293,-1.8655742295738962,0,780
1,0.05114614511954522,-0.09739524549022126,0.9763977906812645,1,780
2,-0.048761978445472115,0.053307565501727334,-0.9993312227599329,2,780
0,-0.4425614845714171,0.1871743561587654,-1.8655523525041626,0,781
1,0.05114617454308222,-0.09738431150039802,0.9763847683272928,1,781
2,-0.04876201223854759,0.05329687738836359,-0.9993184894390206,2,781
0,-0.44256159080812135,0.18717316764982633,-1.865586717640153,0,782
1,0.05114623023662771,-0.09738370309506396,0.9764009411027162,1,782
2,-0.04876207685869361,0.05329626143587803,-0.9993342808455647,2,782
0,-0.4425615989601537,0.1871776067244277,-1.8655721208766638,0,783
1,0.0511462345061085,-0.09738582317303728,0.9763932570658951,1,783
2,-0.04876208147912653,0.0532983308435282,-0.9993267726142706,2,783
0,-0.44256164354180716,0.1871793472465556,-1.8655597953833754,0,784
1,0.05114625787442221,-0.09738663943798022,0.9763868816041484,1,784
2,-0.048762108337033205,0.053299119475454855,-0.999320543686934,2,784
0,-0.44256168110991934,0.18717869121720085,-1.8655599211615892,0,785
1,0.05114627756894033,-0.09738631183296423,0.9763869490524134,1,785
2,-0.04876213117253725,0.05329879196075247,-0.9993206095993433,2,785
0,-0.44256168110991934,0.18717869121720085,-1.8655599211615892,0,786
1,0.05114627756894033,-0.09738631183296423,0.9763869490524134,1,786
2,-0.04876213117253725,0.05329879196075247,-0.9993206095993433,2,786
0,-0.4434005004643301,0.18308669749555764,-6.117530832261402,0,787
1,0.05158571778520453,-0.09524331278801658,3.04289682478805,1,787
2,-0.04924765315842692,0.05110481104277901,-3.0175335591030077,2,787
0,-0.4427096177007035,0.18645701545053414,-2.6154497244823425,0,788
1,0.05122377850773677,-0.09700836636580759,1.3408425666179973,1,788
2,-0.04884775922459093,0.052911855184027606,-1.3552584425256824,2,788
0,-0.4425864905986868,0.18705766364226906,-1.9913190896884965,0,789
1,0.05115927475009932,-0.0973229290432695,1.0375074433264284,1,789
2,-0.048776491299293324,0.05323390129668696,-1.0590126413056862,2,789
0,-0.4425659017495608,0.18715810176510725,-1.8869543213814581,0,790
1,0.051148488675285084,-0.09737552902654402,0.9867848892698261,1,790
2,-0.048764574145901476,0.053287752631741125,-1.0094755369197248,2,790
0,-0.44256245533708316,0.1871749143221229,-1.8694844745945693,0,791
1,0.05114668317063548,-0.09738433385276773,0.9782943300285923,1,791
2,-0.048762579307535366,0.053296766924475436,-1.0011834126911472,2,791
0,-0.4425617945547851,0.18717813780164833,-1.8661349725895178,0,792
1,0.05114633700037334,-0.09738602200627308,0.9766664310807973,1,792
2,-0.04876219683623001,0.05329849523909419,-0.9995935597823853,2,792
0,-0.442561759420044,0.1871852082718744,-1.865880200975069,0,793
1,0.051146318603517045,-0.09738940538850012,0.9765432207014553,1,793
2,-0.04876217727631125,0.05330180131308112,-0.9994732329045185,2,793
0,-0.4425617699452348,0.18718636733029706,-1.8658353594710764,0,794
1,0.05114632413147839,-0.09738995120659072,0.9765218662332742,1,794
2,-0.04876218451394008,0.053302329892634615,-0.9994523803307712,2,794
0,-0.4425617998280712,0.18718649869312437,-1.8658221670350394,0,795
1,0.05114633980940132,-0.09738999773893542,0.976515882593442,1,795
2,-0.04876220368182531,0.05330236653506352,-0.9994465392793138,2,795
0,-0.44256199645396055,0.1871853791388441,-1.8659651560453818,0,796
1,0.051146442958201116,-0.09738935973943733,0.9765867956097962,1,796
2,-0.04876232896622863,0.053301687828629166,-0.999515804061,2,796
0,-0.44256197174384587,0.18718357247771525,-1.865902774857176,0,797
1,0.05114642999495953,-0.09738850922506707,0.9765559528873662,1,797
2,-0.04876231318417487,0.05330086432409769,-0.9994856788090063,2,797
0,-0.4425619879761581,0.18718302550513288,-1.8658934192960228,0,798
1,0.0511464385083064,-0.09738824000904497,0.9765511762127195,1,798
2,-0.04876232336119503,0.05330059721743803,-0.9994810122987885,2,798
0,-0.44256203479370093,0.18718246058043572,-1.8658921459170783,0,799
1,0.05114646306406622,-0.09738794712001832,0.976550299779265,1,799
2,-0.048762352828570596,0.05330029882519549,-0.9994801546980886,2,799
0,-0.44256209480082337,0.18718183033540658,-1.8658951652521025,0,800
1,0.0511464945383269,-0.09738761641985835,0.9765516633374158,1,800
2,-0.04876239064478595,0.05329995994281465,-0.9994814857224695,2,800
0,-0.44256212792647626,0.18718152721644635,-1.8658961787328,0,801
1,0.05114651191312117,-0.09738745525724342,0.9765521514736801,1,801
2,-0.0487624115285511,0.05329979375196964,-0.9994819624219998,2,801
0,-0.44256168110991934,0.18717869121720085,-1.8655599211615892,0,802
1,0.05114627756894033,-0.09738631183296423,0.9763869490524134,1,802
2,-0.04876213117253725,0.05329879196075247,-0.9993206095993433,2,802
0,-0.4428482734752244,0.42125582925205823,-6.2904597806473275,0,803
1,0.051296244218239966,-0.20927677933923497,3.130144491968354,1,803
2,-0.04891387462190428,0.16256731887949705,-3.1027626600863085,2,803
0,-0.44261231767015186,0.22853660068712922,-2.6473731701549914,0,804
1,0.05117277442018045,-0.11715567446496632,1.356923511605683,1,804
2,-0.04878894195762384,0.0726048971282928,-1.3709671814500524,2,804
0,-0.4425701659754564,0.19410878874186574,-1.9965636912031746,0,805
1,0.051150717487822794,-0.10069894568695177,1.0401511848175762,1,805
2,-0.04876662369543669,0.05653380053220282,-1.0615952027942752,2,805
0,-0.44256312407760184,0.18835724928807415,-1.887838907849411,0,806
1,0.05114703263800165,-0.09794967062417483,0.9872309313234592,1,806
2,-0.04876289518763265,0.05384894950870279,-1.0099112577336575,2,806
0,-0.44256194898422707,0.18739748019729685,-1.8696958198461429,0,807
1,0.05114641774089605,-0.09749089445676791,0.9784000393530907,1,807
2,-0.04876227300524571,0.05340092388940573,-1.0012866706370855,2,807
0,-0.44256176631600114,0.1872482841237852,-1.8668754774143201,0,808
1,0.051146322155161496,-0.09741957771667317,0.9770272774875021,1,808
2,-0.04876217628701443,0.05333127832165987,-0.9999459788573268,2,808
0,-0.4425617590224111,0.18721669183759038,-1.8666620958207374,0,809
1,0.051146318345011904,-0.09740447471943363,0.9769240933858262,1,809
2,-0.04876217294812928,0.05331652833119866,-0.9998452096425506,2,809
0,-0.44256173834289975,0.18722698867365273,-1.8658931312793774,0,810
1,0.05114630757813756,-0.09740937323641893,0.9765523646704964,1,810
2,-0.048762166423940836,0.05332129937511378,-0.9994821814943577,2,810
0,-0.4425617499896409,0.18722118947569158,-1.8663262135945289,0,811
1,0.05114631364206183,-0.09740661438219021,0.9767617230010626,1,811
2,-0.048762170098376224,0.053318612313964224,-0.9996866396487035,2,811
0,-0.4425617560309595,0.18716595077850157,-1.866267225157844,0,812
1,0.05114631682506571,-0.0973802032940815,0.9767339836944247,1,812
2,-0.04876217507139358,0.053292816540021826,-0.9996595546032,2,812
0,-0.442561759912369,0.1871861451945523,-1.8662904656562458,0,813
1,0.051146318860557205,-0.09738985378064059,0.9767453264276948,1,813
2,-0.04876217748955324,0.05330223948846018,-0.999670632547419,2,813
0,-0.44256176799816915,0.1871922785988386,-1.8662983539511258,0,814
1,0.05114632310701328,-0.0973927791379308,0.9767494647069405,1,814
2,-0.04876218302466627,0.05330509280401571,-0.9996746760611529,2,814
0,-0.44256179479073887,0.1872032301865143,-1.8663057118438482,0,815
1,0.051146337179472784,-0.09739799230858096,0.9767536823674182,1,815
2,-0.04876220150310203,0.05331017203634134,-0.9996787992616565,2,815
0,-0.442561829173814,0.18720902685605736,-1.8663092546972606,0,816
1,0.05114635523829838,-0.09740073566593485,0.9767556733461393,1,816
2,-0.04876222517975684,0.05331283623127964,-0.9996807454333415,2,816
0,-0.44256220356871134,0.18720250171715672,-1.8664416260746535,0,817
1,0.05114655187767157,-0.09739732073163068,0.9768215922390617,1,817
2,-0.048762482836950054,0.053309341199759386,-0.9997451338754938,2,817
0,-0.44256216444754826,0.18720314236727217,-1.8663656687126693,0,818
1,0.05114653133489867,-0.09739765601614922,0.976784217339169,1,818
2,-0.04876245627407115,0.053309684348369794,-0.9997086295342439,2,818
0,-0.44256214010561623,0.18719492759433387,-1.8663085608406818,0,819
1,0.051146518552300894,-0.0973937478467788,0.9767558166017649,1,819
2,-0.04876243970585828,0.05330587779731299,-0.9996808884201402,2,819
0,-0.44256214826161644,0.18719040575492601,-1.8663128121118457,0,820
1,0.051146522834365035,-0.09739158072258011,0.976757652077252,1,820
2,-0.04876244518623781,0.053303758395666596,-0.9996826795198159,2,820
0,-0.44256219187701223,0.18718080893227007,-1.8663461825712793,0,821
1,0.05114654573610811,-0.09738696149182423,0.9767731036054754,1,821
2,-0.04876247472063097,0.053299230152881336,-0.9996977650114839,2,821
0,-0.4425621692523032,0.18718578711288866,-1.8663288722405227,0,822
1,0.051146533856237304,-0.09738935763540686,0.9767650884007466,1,822
2,-0.0487624594001912,0.05330157909807682,-0.9996899396816917,2,822
0,-0.44256217669051245,0.1871844327426259,-1.8663187798668381,0,823
1,0.05114653776121616,-0.0973887050451749,0.9767598433960054,1,823
2,-0.04876246437942915,0.05330093899026188,-0.999684815080411,2,823
0,-0.4425621882812752,0.18718669226637236,-1.8663183618637462,0,824
1,0.05114654384749798,-0.09738977642690537,0.9767595980748383,1,824
2,-0.048762472241122894,0.05330198056552618,-0.9996845752224757,2,824
0,-0.44256219893640436,0.18718773663625063,-1.8663184793087948,0,825
1,0.051146549442620814,-0.09739026764737188,0.9767596441016404,1,825
2,-0.048762479479623345,0.053302455948222874,-0.9996846201027357,2,825
0,-0.44256219893640436,0.18718773663625063,-1.8663184793087948,0,826
1,0.051146549442620814,-0.09739026764737188,0.9767596441016404,1,826
2,-0.048762479479623345,0.053302455948222874,-0.9996846201027357,2,826
0,-0.4430145909368185,0.1819819387657121,-6.119474909376658,0,827
1,0.051383868363150356,-0.09466513682245982,3.0438513782147156,1,827
2,-0.04905046157278692,0.05051307397147911,-3.018465865636161,2,827
0,-0.44264206989273336,0.18626863980430738,-2.617224046110718,0,828
1,0.05118844870061038,-0.09690913888092799,1.3417099382555222,1,828
2,-0.04881332344937881,0.05280998347778506,-1.3561055748340387,2,828
0,-0.4425755720255956,0.1870338488593453,-1.9920453715413584,0,829
1,0.05115356479012496,-0.09730971048114061,1.037864619656349,1,829
2,-0.04877099247325234,0.053219999463738454,-1.0593614968580662,2,829
0,-0.44256444997262995,0.1871618333497674,-1.8874815617421354,0,830
1,0.051147730306753465,-0.09737670779617952,0.9870451893162594,1,830
2,-0.04876391243627034,0.053288576392725155,-1.0097297794136122,2,830
0,-0.4425625941012644,0.18718318936666614,-1.870033615653538,0,831
1,0.05114675674093248,-0.09738788724290307,0.9785652507741437,1,831
2,-0.04876273103226629,0.053300019420309826,-1.0014480275157214,2,831
0,-0.4425622750209351,0.18718686111084618,-1.867033786855604,0,832
1,0.05114658935556968,-0.09738980932737386,0.9771072932750617,1,832
2,-0.04876252791324383,0.05330198682228974,-1.0000241442853124,2,832
0,-0.4425622140131972,0.18718756314350005,-1.866460223538309,0,833
1,0.051146557351708734,-0.09739017682739441,0.976828533720445,1,833
2,-0.04876248907715416,0.053302362986958646,-0.9997518996860086,2,833
0,-0.4425622165787587,0.18719038763115928,-1.8664513164744205,0,834
1,0.05114655870131277,-0.09739152393576683,0.9768244571290619,1,834
2,-0.04876249101600894,0.05330367689622671,-0.9997479199869137,2,834
0,-0.44256222879396984,0.18719318574228974,-1.8664435142178801,0,835
1,0.05114656512279794,-0.09739284926473507,0.9768212323249346,1,835
2,-0.048762499897834106,0.053304964573189596,-0.9997447741854337,2,835
0,-0.4425622498078544,0.18719399542767104,-1.8664417115994565,0,836
1,0.05114657616766766,-0.0973932162968849,0.976820752193602,1,836
2,-0.04876251501060987,0.05330531217949702,-0.9997443078129762,2,836
0,-0.4425623566025966,0.18719581592879517,-1.866680880526707,0,837
1,0.05114663229669544,-0.09739398575614822,0.9769381030940889,1,837
2,-0.048762591640102326,0.053306009082970666,-0.9998589232014847,2,837
0,-0.4425622659401606,0.18719427043074466,-1.8664778402176687,0,838
1,0.05114658464646219,-0.09739333253062933,0.9768384791029007,1,838
2,-0.04876252658618392,0.053305417453036685,-0.9997616214985787,2,838
0,-0.44256227540639226,0.1871909238348845,-1.8664692179796776,0,839
1,0.05114658962113386,-0.09739172425753416,0.976834056812601,1,839
2,-0.04876253333148309,0.0533038422248465,-0.9997573010773597,2,839
0,-0.4425622852254491,0.18718925398445446,-1.8664726534243128,0,840
1,0.051146594780976835,-0.09739091718311199,0.9768355616644311,1,840
2,-0.04876254030824097,0.05330304925999181,-0.9997587697026609,2,840
0,-0.4425622975803845,0.1871891920638129,-1.8664751349782298,0,841
1,0.05114660127334377,-0.0973908763696961,0.9768366725061048,1,841
2,-0.04876254908181053,0.05330300333370718,-0.9997598539723109,2,841
0,-0.442562309203254,0.18718917709280833,-1.8664750499936353,0,842
1,0.051146607381013356,-0.09739085867186768,0.9768365762083703,1,842
2,-0.04876255733497143,0.05330298034573603,-0.9997597595727337,2,842
0,-0.4425623209339287,0.1871888491587872,-1.8664747139688445,0,843
1,0.05114661354542315,-0.09739069126162095,0.9768364024919547,1,843
2,-0.048762565672072745,0.05330281109189903,-0.9997595898496118,2,843
0,-0.44256219893640436,0.18718773663625063,-1.8663184793087948,0,844
1,0.051146549442620814,-0.09739026764737188,0.9767596441016404,1,844
2,-0.048762479479623345,0.053302455948222874,-0.9996846201027357,2,844
0,-0.44270104662977466,0.4208924297007976,-6.291141387598535,0,845
1,0.0512192380957779,-0.20908374594994486,3.13048235679987,1,845
2,-0.048838699267400025,0.16236835012582415,-3.1030926708617907,2,845
0,-0.4425867371339787,0.22848976905178287,-2.6483061099153336,0,846
1,0.05115939552230177,-0.11712957027311016,1.3573815482983291,1,846
2,-0.04877594960769026,0.07257739235486221,-1.3714145428370996,2,846
0,-0.4425663035563843,0.19409652229329563,-1.9971252365154755,0,847
1,0.051148698266924524,-0.10069215384727406,1.0404280642417165,1,847
2,-0.048764732691442304,0.05652666542166672,-1.0618656365874328,2,847
0,-0.44256288959382334,0.18835023257727243,-1.8883284723610327,0,848
1,0.05114691101115921,-0.09794585433013243,0.9874727105735508,1,848
2,-0.04876285861276256,0.053844972478904414,-1.0101474109404216,2,848
0,-0.4425623203839745,0.18739215390955527,-1.8701887919752187,0,849
1,0.051146613022072795,-0.0974879639151751,0.97864346645288,1,849
2,-0.0487625461476949,0.053397853915657746,-1.001524433128079,2,849
0,-0.4425622254201231,0.1872323133165275,-1.867162467135816,0,850
1,0.05114656330720705,-0.09741157198835879,0.977170443763,1,850
2,-0.048762494017735775,0.05332325910553271,-1.0000858227783913,2,850
0,-0.4425622223896943,0.18720203474588107,-1.8669586625322283,0,851
1,0.051146561723709974,-0.09739709877316381,0.9770719815150191,1,851
2,-0.04876249259697597,0.0533091251227191,-0.9999896654930998,2,851
0,-0.4425622162363243,0.18721963615877352,-1.8665861160895842,0,852
1,0.05114655851765075,-0.09740550565124262,0.9768904027963206,1,852
2,-0.04876249046936526,0.05331733136635533,-0.9998123271860055,2,852
0,-0.4425622210356194,0.18717591075226853,-1.8667213418852584,0,853
1,0.05114656103188703,-0.0973846053160167,0.9769567500267632,1,853
2,-0.048762493245987915,0.053296921173468875,-0.9998771278093166,2,853
0,-0.4425622209368777,0.18718657810321032,-1.8666726311107908,0,854
1,0.05114656098429748,-0.09738970223225209,0.9769331089071676,1,854
2,-0.048762493526749565,0.053301897489501225,-0.999854039423246,2,854
0,-0.4425622229773193,0.18719639856555656,-1.8666562029713845,0,855
1,0.05114656205998121,-0.0973943927846844,0.9769253249929898,1,855
2,-0.04876249525800328,0.053306476127824756,-0.9998464387129589,2,855
0,-0.44256222538291484,0.187194369167936,-1.8666553120897664,0,856
1,0.051146563326405,-0.09739341964976528,0.97692503403604,1,856
2,-0.04876249715506061,0.05330552413559108,-0.9998461554662177,2,856
0,-0.4425622352011864,0.18720072825474587,-1.8666631597242782,0,857
1,0.051146568493556,-0.09739644690215311,0.9769292284861937,1,857
2,-0.0487625047616088,0.0533084737208371,-0.9998502543247034,2,857
0,-0.4425622462544327,0.18719999077445063,-1.866665092860619,0,858
1,0.0511465743109743,-0.09739608054628517,0.9769303088488741,1,858
2,-0.04876251335153976,0.05330810846250681,-0.9998513103405213,2,858
0,-0.44256229046741824,0.18719704085327096,-1.8666728254059781,0,859
1,0.05114659758064774,-0.0973946151228129,0.9769346302996001,1,859
2,-0.04876254771126376,0.05330664742918584,-0.9998555344037872,2,859
0,-0.44256243376193993,0.18718504031203265,-1.866937392865432,0,860
1,0.051146672997755355,-0.09738869948213788,0.9770642412703634,1,860
2,-0.048762659069074295,0.05330077337729894,-0.9999821227915001,2,860
0,-0.44256229350097,0.18719678680124305,-1.8666784263116571,0,861
1,0.05114659917723151,-0.09739448988841903,0.9769373741700037,1,861
2,-0.048762550068713925,0.05330652307522842,-0.999858214285967,2,861
0,-0.442562337220271,0.1871902495391165,-1.8666746781275523,0,862
1,0.05114662218708683,-0.09739131042427808,0.9769356152401869,1,862
2,-0.048762584045783014,0.05330338856307662,-0.9998564968665841,2,862
0,-0.44256234124104077,0.18718565800472092,-1.8666710181606536,0,863
1,0.05114662430247265,-0.09738911107345694,0.9769332739075242,1,863
2,-0.04876258710679836,0.05330123827880809,-0.9998542066486327,2,863
0,-0.44256234464147587,0.18719261358086411,-1.866669247479459,0,864
1,0.051146626091698434,-0.09739243150780978,0.9769322106798838,1,864
2,-0.04876258971250131,0.05330447853557251,-0.9998531669712025,2,864
0,-0.44256234880635786,0.18719369307818212,-1.866670410588205,0,865
1,0.05114662828320504,-0.09739294244327974,0.9769326468045504,1,865
2,-0.04876259290787591,0.053304974753606606,-0.9998535920753394,2,865
0,-0.442562353768493,0.18719253646395528,-1.8666709341325096,0,866
1,0.051146630894252115,-0.09739238362341143,0.9769328251190222,1,866
2,-0.048762596717852796,0.053304425808413144,-0.9998537657344557,2,866
0,-0.44256235777771974,0.18719174689423876,-1.866670763073443,0,867
1,0.05114663300395349,-0.09739200136666423,0.9769327270750741,1,867
2,-0.04876259980182267,0.053304049891434634,-0.9998536698863821,2,867
