,s_1,s_2,Exp,pid,success
0,-6.899999999999956,-7.549999999999965,24849,19660,0
1,-5.74999999999994,2.600000000000179,34252,19660,0
2,-6.199999999999946,-0.9499999999998714,30581,19660,0
3,-5.79999999999994,-8.899999999999984,33622,19660,0
4,-5.649999999999938,5.700000000000223,35114,19660,0
5,-7.099999999999959,9.400000000000276,23588,19660,0
6,-6.049999999999944,0.4000000000001478,31808,19660,0
7,-6.349999999999948,-6.49999999999995,29270,19660,0
8,-7.299999999999962,7.250000000000245,21945,19660,0
9,-5.199999999999932,2.5000000000001776,38650,19660,0
10,-5.09999999999993,-3.6499999999999098,39327,19660,0
11,-5.04999999999993,2.5500000000001783,39851,19660,0
12,-6.999999999999957,9.200000000000273,24384,19660,0
13,-6.549999999999951,4.9500000000002125,27899,19660,0
14,-5.74999999999994,-4.699999999999925,34106,19660,0
15,-7.349999999999962,-7.299999999999962,21254,19660,0
16,-5.999999999999943,-3.949999999999914,32121,19660,0
17,-7.099999999999959,6.350000000000232,23527,19660,0
18,-6.099999999999945,-8.099999999999973,31238,19660,0
19,-7.099999999999959,-1.7999999999998835,23364,19660,0
20,-5.349999999999934,8.400000000000261,37568,19660,0
21,-5.649999999999938,5.200000000000216,35104,19660,0
22,-5.5999999999999375,-4.449999999999921,35311,19660,0
23,-5.399999999999935,3.2500000000001883,37065,19660,0
24,-7.4999999999999645,-5.9499999999999424,20081,19660,0
25,-5.149999999999931,-2.4499999999998927,38951,19660,0
26,-6.749999999999954,8.000000000000256,26360,19660,0
27,-6.549999999999951,4.350000000000204,27887,19660,0
28,-5.149999999999931,2.7000000000001805,39054,19660,0
29,-6.749999999999954,3.450000000000191,26269,19660,0
30,-5.149999999999931,-4.599999999999923,38908,19660,0
31,-6.849999999999955,-2.4499999999998927,25351,19660,0
32,-6.199999999999946,-1.6499999999998813,30567,19660,0
33,-5.9499999999999424,-5.9499999999999424,32481,19660,0
34,-5.549999999999937,6.1500000000002295,35923,19660,0
35,-6.299999999999947,2.5000000000001776,29850,19660,0
36,-6.7999999999999545,2.750000000000181,25855,19660,0
37,-5.2499999999999325,-2.0999999999998877,38158,19660,0
38,-6.849999999999955,0.9500000000001556,25419,19660,0
39,-6.49999999999995,-6.4499999999999496,28071,19660,0
40,-7.249999999999961,3.800000000000196,22276,19660,0
41,-6.599999999999952,4.450000000000205,27489,19660,0
42,-6.399999999999949,-1.899999999999885,28962,19660,0
43,-6.249999999999947,-1.699999999999882,30166,19660,0
44,-7.249999999999961,6.950000000000241,22339,19660,0
45,-6.199999999999946,-6.749999999999954,30465,19660,0
46,-5.349999999999934,-6.749999999999954,37265,19660,0
47,-5.649999999999938,-0.5499999999998657,34989,19660,0
48,-6.749999999999954,5.200000000000216,26304,19660,0
49,-6.049999999999944,-4.199999999999918,31716,19660,0
50,-5.5999999999999375,-5.199999999999932,35296,19660,0
51,-5.849999999999941,-5.2499999999999325,33295,19660,0
52,-5.9499999999999424,7.300000000000246,32746,19660,0
53,-5.299999999999933,9.950000000000284,37999,19660,0
54,-5.79999999999994,6.8500000000002395,33937,19660,0
55,-6.599999999999952,-7.049999999999958,27259,19660,0
56,-6.949999999999957,-3.299999999999905,24534,19660,0
57,-6.749999999999954,5.400000000000219,26308,19660,0
58,-5.2499999999999325,-7.549999999999965,38049,19660,0
59,-7.449999999999964,-10.0,20400,19660,0
60,-5.79999999999994,-6.249999999999947,33675,19660,0
61,-7.049999999999958,-4.5499999999999226,23709,19660,0
62,-5.899999999999942,7.60000000000025,33152,19660,0
63,-6.099999999999945,3.500000000000192,31470,19660,0
64,-5.149999999999931,0.4000000000001478,39008,19660,0
65,-6.099999999999945,7.550000000000249,31551,19660,0
66,-5.349999999999934,-8.59999999999998,37228,19660,0
67,-6.249999999999947,-4.199999999999918,30116,19660,0
68,-5.2499999999999325,6.950000000000241,38339,19660,0
69,-6.649999999999952,-2.399999999999892,26952,19660,0
70,-7.19999999999996,6.8500000000002395,22737,19660,0
71,-6.849999999999955,-9.899999999999999,25202,19660,0
72,-5.649999999999938,-2.8499999999998984,34943,19660,0
73,-6.599999999999952,-7.399999999999963,27252,19660,0
74,-6.099999999999945,-6.949999999999957,31261,19660,0
75,-5.74999999999994,6.8500000000002395,34337,19660,0
76,-6.299999999999947,-6.949999999999957,29661,19660,0
77,-6.4499999999999496,9.800000000000281,28796,19660,0
78,-7.049999999999958,1.900000000000169,23838,19660,0
79,-5.849999999999941,-0.24999999999986144,33395,19660,0
80,-5.849999999999941,2.9000000000001833,33458,19660,0
81,-7.19999999999996,1.0000000000001563,22620,19660,0
82,-5.199999999999932,-6.699999999999953,38466,19660,0
83,-5.849999999999941,8.850000000000268,33577,19660,0
84,-6.649999999999952,5.400000000000219,27108,19660,0
85,-5.04999999999993,-3.099999999999902,39738,19660,0
86,-7.099999999999959,7.250000000000245,23545,19660,0
87,-6.7999999999999545,0.6500000000001513,25813,19660,0
88,-5.74999999999994,-7.399999999999963,34052,19660,0
89,-7.299999999999962,8.900000000000269,21978,19660,0
90,-5.04999999999993,-0.9999999999998721,39780,19660,0
91,-7.049999999999958,-8.799999999999983,23624,19660,0
92,-6.249999999999947,5.100000000000215,30302,19660,0
93,-6.699999999999953,1.4210854715202004e-13,26600,19660,0
94,-6.299999999999947,0.6000000000001506,29812,19660,0
95,-6.349999999999948,4.200000000000202,29484,19660,0
96,-7.249999999999961,-6.949999999999957,22061,19660,0
97,-7.349999999999962,2.800000000000182,21456,19660,0
98,-5.449999999999935,-9.849999999999998,36403,19660,0
99,-6.699999999999953,5.550000000000221,26711,19660,0
100,-5.199999999999932,-3.299999999999905,38534,19660,0
101,-6.399999999999949,-5.499999999999936,28890,19660,0
102,-5.999999999999943,1.6500000000001656,32233,19660,0
103,-7.399999999999963,-6.049999999999944,20879,19660,0
104,-5.549999999999937,8.30000000000026,35966,19660,0
105,-6.299999999999947,-7.249999999999961,29655,19660,0
106,-5.5999999999999375,8.750000000000266,35575,19660,0
107,-6.049999999999944,-3.1999999999999034,31736,19660,0
108,-6.399999999999949,9.500000000000277,29190,19660,0
109,-7.049999999999958,6.90000000000024,23938,19660,0
110,-5.999999999999943,-0.7999999999998693,32184,19660,0
111,-6.299999999999947,-8.799999999999983,29624,19660,0
112,-5.199999999999932,7.300000000000246,38746,19660,0
113,-6.299999999999947,6.550000000000235,29931,19660,0
114,-6.099999999999945,-3.1999999999999034,31336,19660,0
115,-5.449999999999935,9.100000000000271,36782,19660,0
116,-5.399999999999935,7.100000000000243,37142,19660,0
117,-6.699999999999953,2.0500000000001712,26641,19660,0
118,-6.099999999999945,4.900000000000212,31498,19660,0
119,-5.549999999999937,5.100000000000215,35902,19660,0
120,-5.449999999999935,0.15000000000014424,36603,19660,0
121,-5.449999999999935,9.300000000000274,36786,19660,0
122,-7.449999999999964,2.2000000000001734,20644,19660,0
123,-5.299999999999933,-7.349999999999962,37653,19660,0
124,-6.849999999999955,-7.249999999999961,25255,19660,0
125,-6.149999999999945,-9.199999999999989,30816,19660,0
126,-5.449999999999935,4.550000000000207,36691,19660,0
127,-6.4499999999999496,-2.24999999999989,28555,19660,0
128,-5.349999999999934,-8.449999999999978,37231,19660,0
129,-7.249999999999961,-1.0499999999998728,22179,19660,0
130,-5.649999999999938,-5.349999999999934,34893,19660,0
131,-6.149999999999945,-5.149999999999931,30897,19660,0
132,-5.2499999999999325,4.350000000000204,38287,19660,0
133,-5.699999999999939,1.1500000000001585,34623,19660,0
134,-6.099999999999945,-2.9999999999999005,31340,19660,0
135,-5.199999999999932,-1.4999999999998792,38570,19660,0
136,-6.49999999999995,3.850000000000197,28277,19660,0
137,-5.699999999999939,4.850000000000211,34697,19660,0
138,-5.79999999999994,-5.649999999999938,33687,19660,0
139,-5.2499999999999325,-6.999999999999957,38060,19660,0
140,-7.249999999999961,-8.849999999999984,22023,19660,0
141,-5.449999999999935,5.100000000000215,36702,19660,0
142,-7.249999999999961,1.1500000000001585,22223,19660,0
143,-7.449999999999964,-8.64999999999998,20427,19660,0
144,-6.399999999999949,6.550000000000235,29131,19660,0
145,-7.249999999999961,-4.5499999999999226,22109,19660,0
146,-5.04999999999993,8.400000000000261,39968,19660,0
147,-6.699999999999953,8.550000000000264,26771,19660,0
148,-5.2499999999999325,-8.449999999999978,38031,19660,0
149,-6.699999999999953,-2.7999999999998977,26544,19660,0
150,-5.399999999999935,-9.199999999999989,36816,19660,0
151,-5.399999999999935,-0.9499999999998714,36981,19660,0
152,-5.199999999999932,-0.09999999999985931,38598,19660,0
153,-5.449999999999935,8.800000000000267,36776,19660,0
154,-6.199999999999946,1.9500000000001698,30639,19660,0
155,-6.899999999999956,-5.149999999999931,24897,19660,0
156,-5.699999999999939,6.90000000000024,34738,19660,0
157,-6.299999999999947,-0.7999999999998693,29784,19660,0
158,-5.649999999999938,-4.999999999999929,34900,19660,0
159,-5.349999999999934,8.200000000000259,37564,19660,0
160,-6.4499999999999496,1.900000000000169,28638,19660,0
161,-5.449999999999935,-9.499999999999993,36410,19660,0
162,-5.899999999999942,4.9500000000002125,33099,19660,0
163,-5.5999999999999375,6.300000000000232,35526,19660,0
164,-5.899999999999942,-8.799999999999983,32824,19660,0
165,-7.4999999999999645,0.6500000000001513,20213,19660,0
166,-5.649999999999938,-2.9499999999999,34941,19660,0
167,-6.849999999999955,-2.9999999999999005,25340,19660,0
168,-6.649999999999952,8.650000000000265,27173,19660,0
169,-5.549999999999937,-6.999999999999957,35660,19660,0
170,-6.299999999999947,-5.499999999999936,29690,19660,0
171,-5.2499999999999325,-8.899999999999984,38022,19660,0
172,-5.9499999999999424,-0.6499999999998671,32587,19660,0
173,-5.299999999999933,-2.24999999999989,37755,19660,0
174,-6.49999999999995,7.300000000000246,28346,19660,0
175,-5.349999999999934,-9.049999999999986,37219,19660,0
176,-5.2499999999999325,9.850000000000282,38397,19660,0
177,-5.449999999999935,9.00000000000027,36780,19660,0
178,-5.149999999999931,-2.2999999999998906,38954,19660,0
179,-6.049999999999944,-5.349999999999934,31693,19660,0
180,-5.999999999999943,8.600000000000264,32372,19660,0
181,-6.099999999999945,-6.649999999999952,31267,19660,0
182,-7.449999999999964,-5.79999999999994,20484,19660,0
183,-5.899999999999942,3.9000000000001975,33078,19660,0
184,-7.349999999999962,3.100000000000186,21462,19660,0
185,-6.249999999999947,-6.999999999999957,30060,19660,0
186,-6.099999999999945,3.5500000000001926,31471,19660,0
187,-6.199999999999946,-2.7999999999998977,30544,19660,0
188,-6.699999999999953,0.4000000000001478,26608,19660,0
189,-6.249999999999947,6.350000000000232,30327,19660,0
190,-5.149999999999931,4.200000000000202,39084,19660,0
191,-6.999999999999957,-1.0999999999998735,24178,19660,0
192,-5.199999999999932,-1.7499999999998828,38565,19660,0
193,-7.449999999999964,3.300000000000189,20666,19660,0
194,-5.74999999999994,-1.2999999999998764,34174,19660,0
195,-6.049999999999944,7.350000000000247,31947,19660,0
196,-6.599999999999952,-3.099999999999902,27338,19660,0
197,-6.199999999999946,8.100000000000257,30762,19660,0
198,-6.649999999999952,5.600000000000222,27112,19660,0
199,-6.949999999999957,5.250000000000217,24705,19660,0
200,-5.549999999999937,0.20000000000014495,35804,19660,0
201,-5.79999999999994,5.250000000000217,33905,19660,0
202,-5.04999999999993,-3.799999999999912,39724,19660,0
203,-7.099999999999959,0.10000000000014353,23402,19660,0
204,-5.349999999999934,0.8500000000001542,37417,19660,0
205,-6.749999999999954,-0.4499999999998643,26191,19660,0
206,-5.79999999999994,-3.749999999999911,33725,19660,0
207,-6.349999999999948,2.5500000000001783,29451,19660,0
208,-5.199999999999932,5.100000000000215,38702,19660,0
209,-6.199999999999946,-7.4999999999999645,30450,19660,0
210,-6.899999999999956,-6.549999999999951,24869,19660,0
211,-5.199999999999932,-3.749999999999911,38525,19660,0
212,-6.249999999999947,-3.8499999999999126,30123,19660,0
213,-6.049999999999944,-2.599999999999895,31748,19660,0
214,-6.299999999999947,8.25000000000026,29965,19660,0
215,-7.099999999999959,8.25000000000026,23565,19660,0
216,-6.299999999999947,-3.299999999999905,29734,19660,0
217,-6.7999999999999545,-6.249999999999947,25675,19660,0
218,-7.1499999999999595,8.500000000000263,23170,19660,0
219,-7.19999999999996,3.650000000000194,22673,19660,0
220,-7.1499999999999595,8.050000000000257,23161,19660,0
221,-6.699999999999953,-3.449999999999907,26531,19660,0
222,-7.1499999999999595,-6.299999999999947,22874,19660,0
223,-7.399999999999963,-5.449999999999935,20891,19660,0
224,-5.2499999999999325,2.2000000000001734,38244,19660,0
225,-5.299999999999933,-8.999999999999986,37620,19660,0
226,-5.299999999999933,4.650000000000208,37893,19660,0
227,-6.099999999999945,-3.399999999999906,31332,19660,0
228,-5.449999999999935,-1.199999999999875,36576,19660,0
229,-6.299999999999947,0.20000000000014495,29804,19660,0
230,-7.19999999999996,4.500000000000206,22690,19660,0
231,-7.349999999999962,-0.3999999999998636,21392,19660,0
232,-6.349999999999948,-6.49999999999995,29270,19660,0
233,-5.349999999999934,2.5000000000001776,37450,19660,0
234,-6.149999999999945,5.900000000000226,31118,19660,0
235,-7.099999999999959,-8.199999999999974,23236,19660,0
236,-5.199999999999932,-1.349999999999877,38573,19660,0
237,-6.049999999999944,-3.099999999999902,31738,19660,0
238,-7.399999999999963,-9.799999999999997,20804,19660,0
239,-5.5999999999999375,4.6000000000002075,35492,19660,0
240,-7.299999999999962,-3.299999999999905,21734,19660,0
241,-5.899999999999942,-9.34999999999999,32813,19660,0
242,-6.999999999999957,5.8000000000002245,24316,19660,0
243,-5.04999999999993,-8.199999999999974,39636,19660,0
244,-5.899999999999942,7.350000000000247,33147,19660,0
245,-5.449999999999935,-0.9499999999998714,36581,19660,0
246,-5.549999999999937,-2.1499999999998884,35757,19660,0
247,-6.099999999999945,6.20000000000023,31524,19660,0
248,-5.499999999999936,7.200000000000244,36344,19660,0
249,-5.09999999999993,8.550000000000264,39571,19660,0
250,-6.049999999999944,-0.9999999999998721,31780,19660,0
251,-6.999999999999957,8.400000000000261,24368,19660,0
252,-6.899999999999956,4.450000000000205,25089,19660,0
253,-7.1499999999999595,6.250000000000231,23125,19660,0
254,-6.299999999999947,-6.999999999999957,29660,19660,0
255,-5.399999999999935,-8.64999999999998,36827,19660,0
256,-5.499999999999936,-6.4499999999999496,36071,19660,0
257,-7.4999999999999645,6.700000000000237,20334,19660,0
258,-5.849999999999941,1.6000000000001648,33432,19660,0
259,-6.399999999999949,-7.449999999999964,28851,19660,0
260,-5.74999999999994,3.9000000000001975,34278,19660,0
261,-6.349999999999948,-5.849999999999941,29283,19660,0
262,-6.4499999999999496,-5.549999999999937,28489,19660,0
263,-7.299999999999962,-9.899999999999999,21602,19660,0
264,-6.649999999999952,-9.399999999999991,26812,19660,0
265,-6.549999999999951,2.3500000000001755,27847,19660,0
266,-6.899999999999956,4.650000000000208,25093,19660,0
267,-6.49999999999995,4.9500000000002125,28299,19660,0
268,-6.849999999999955,7.650000000000251,25553,19660,0
269,-7.049999999999958,5.750000000000224,23915,19660,0
270,-5.74999999999994,0.30000000000014637,34206,19660,0
271,-5.449999999999935,0.6000000000001506,36612,19660,0
272,-7.449999999999964,-9.749999999999996,20405,19660,0
273,-6.149999999999945,9.00000000000027,31180,19660,0
274,-5.79999999999994,4.150000000000201,33883,19660,0
275,-7.099999999999959,1.400000000000162,23428,19660,0
276,-5.699999999999939,-6.4499999999999496,34471,19660,0
277,-5.149999999999931,6.600000000000236,39132,19660,0
278,-5.299999999999933,-0.34999999999986287,37793,19660,0
279,-7.249999999999961,6.20000000000023,22324,19660,0
280,-5.149999999999931,-0.3999999999998636,38992,19660,0
281,-5.299999999999933,-5.149999999999931,37697,19660,0
282,-6.749999999999954,-0.5499999999998657,26189,19660,0
283,-6.49999999999995,-0.5499999999998657,28189,19660,0
284,-6.099999999999945,-5.5999999999999375,31288,19660,0
285,-5.699999999999939,-7.349999999999962,34453,19660,0
286,-6.749999999999954,-4.949999999999928,26101,19660,0
287,-6.299999999999947,3.0500000000001855,29861,19660,0
288,-7.099999999999959,8.30000000000026,23566,19660,0
289,-6.7999999999999545,3.9000000000001975,25878,19660,0
290,-5.9499999999999424,-0.24999999999986144,32595,19660,0
291,-5.399999999999935,7.950000000000255,37159,19660,0
292,-6.949999999999957,0.15000000000014424,24603,19660,0
293,-5.449999999999935,2.600000000000179,36652,19660,0
294,-6.099999999999945,9.70000000000028,31594,19660,0
295,-6.199999999999946,-5.899999999999942,30482,19660,0
296,-7.449999999999964,-6.4499999999999496,20471,19660,0
297,-6.849999999999955,9.350000000000275,25587,19660,0
298,-6.049999999999944,-2.4499999999998927,31751,19660,0
299,-6.7999999999999545,4.150000000000201,25883,19660,0
300,-5.449999999999935,-6.549999999999951,36469,19660,0
301,-6.249999999999947,4.000000000000199,30280,19660,0
302,-7.449999999999964,3.5500000000001926,20671,19660,0
303,-6.299999999999947,2.450000000000177,29849,19660,0
304,-6.399999999999949,-6.049999999999944,28879,19660,0
305,-5.849999999999941,-2.2999999999998906,33354,19660,0
306,-5.999999999999943,-3.1499999999999027,32137,19660,0
307,-7.4999999999999645,0.7500000000001528,20215,19660,0
308,-6.249999999999947,-4.749999999999925,30105,19660,0
309,-5.699999999999939,7.60000000000025,34752,19660,0
310,-5.79999999999994,8.200000000000259,33964,19660,0
311,-6.299999999999947,2.8500000000001826,29857,19660,0
312,-5.549999999999937,-6.7999999999999545,35664,19660,0
313,-5.699999999999939,8.550000000000264,34771,19660,0
314,-6.599999999999952,-4.999999999999929,27300,19660,0
315,-5.199999999999932,9.65000000000028,38793,19660,0
316,-7.399999999999963,0.5000000000001492,21010,19660,0
317,-5.9499999999999424,8.050000000000257,32761,19660,0
318,-6.7999999999999545,4.9500000000002125,25899,19660,0
319,-5.9499999999999424,0.20000000000014495,32604,19660,0
320,-6.349999999999948,-2.6999999999998963,29346,19660,0
321,-5.699999999999939,6.400000000000233,34728,19660,0
322,-5.449999999999935,-1.699999999999882,36566,19660,0
323,-5.5999999999999375,-5.999999999999943,35280,19660,0
324,-6.699999999999953,-1.2499999999998757,26575,19660,0
325,-5.199999999999932,5.400000000000219,38708,19660,0
326,-7.19999999999996,-1.2999999999998764,22574,19660,0
327,-6.999999999999957,6.050000000000228,24321,19660,0
328,-6.699999999999953,6.050000000000228,26721,19660,0
329,-7.399999999999963,6.800000000000239,21136,19660,0
330,-5.649999999999938,7.350000000000247,35147,19660,0
331,-6.999999999999957,0.4500000000001485,24209,19660,0
332,-6.49999999999995,8.100000000000257,28362,19660,0
333,-5.499999999999936,3.6000000000001933,36272,19660,0
334,-6.549999999999951,4.350000000000204,27887,19660,0
335,-5.649999999999938,6.050000000000228,35121,19660,0
336,-5.399999999999935,-2.4499999999998927,36951,19660,0
337,-5.849999999999941,0.5500000000001499,33411,19660,0
338,-5.199999999999932,-4.449999999999921,38511,19660,0
339,-7.249999999999961,-6.849999999999955,22063,19660,0
340,-7.099999999999959,-2.7999999999998977,23344,19660,0
341,-6.649999999999952,5.250000000000217,27105,19660,0
342,-6.149999999999945,2.8500000000001826,31057,19660,0
343,-5.699999999999939,9.950000000000284,34799,19660,0
344,-7.1499999999999595,2.6500000000001798,23053,19660,0
345,-7.249999999999961,-4.39999999999992,22112,19660,0
346,-5.849999999999941,-1.899999999999885,33362,19660,0
347,-7.4999999999999645,-0.0499999999998586,20199,19660,0
348,-6.999999999999957,2.800000000000182,24256,19660,0
349,-6.7999999999999545,-0.6499999999998671,25787,19660,0
350,-5.09999999999993,9.850000000000282,39597,19660,0
351,-5.899999999999942,-0.3999999999998636,32992,19660,0
352,-5.699999999999939,-5.9499999999999424,34481,19660,0
353,-5.699999999999939,-4.8999999999999275,34502,19660,0
354,-6.749999999999954,-8.64999999999998,26027,19660,0
355,-5.449999999999935,-5.549999999999937,36489,19660,0
356,-5.849999999999941,-0.7499999999998685,33385,19660,0
357,-5.849999999999941,-5.5999999999999375,33288,19660,0
358,-6.949999999999957,4.650000000000208,24693,19660,0
359,-5.74999999999994,2.3500000000001755,34247,19660,0
360,-6.749999999999954,8.850000000000268,26377,19660,0
361,-6.4499999999999496,5.850000000000225,28717,19660,0
362,-7.19999999999996,9.500000000000277,22790,19660,0
363,-7.249999999999961,1.1500000000001585,22223,19660,0
364,-6.899999999999956,2.8500000000001826,25057,19660,0
365,-5.349999999999934,3.5500000000001926,37471,19660,0
366,-6.4499999999999496,3.850000000000197,28677,19660,0
367,-7.4999999999999645,-8.699999999999982,20026,19660,0
368,-6.199999999999946,9.400000000000276,30788,19660,0
369,-6.149999999999945,-6.649999999999952,30867,19660,0
370,-6.4499999999999496,1.3500000000001613,28627,19660,0
371,-5.549999999999937,3.9000000000001975,35878,19660,0
372,-5.149999999999931,-1.3999999999998778,38972,19660,0
373,-7.399999999999963,4.000000000000199,21080,19660,0
374,-6.349999999999948,5.200000000000216,29504,19660,0
375,-5.09999999999993,-1.3999999999998778,39372,19660,0
376,-6.899999999999956,-3.1499999999999027,24937,19660,0
377,-7.399999999999963,2.2000000000001734,21044,19660,0
378,-7.449999999999964,-1.7499999999998828,20565,19660,0
379,-7.249999999999961,-4.0499999999999154,22119,19660,0
380,-6.7999999999999545,-5.649999999999938,25687,19660,0
381,-5.2499999999999325,2.250000000000174,38245,19660,0
382,-7.049999999999958,-7.049999999999958,23659,19660,0
383,-5.549999999999937,9.100000000000271,35982,19660,0
384,-5.999999999999943,-3.9999999999999147,32120,19660,0
385,-7.099999999999959,-6.149999999999945,23277,19660,0
386,-6.549999999999951,1.2000000000001592,27824,19660,0
387,-5.79999999999994,4.850000000000211,33897,19660,0
388,-5.699999999999939,3.800000000000196,34676,19660,0
389,-7.399999999999963,-0.29999999999986215,20994,19660,0
390,-6.7999999999999545,-1.7999999999998835,25764,19660,0
391,-5.399999999999935,-0.7999999999998693,36984,19660,0
392,-5.549999999999937,7.200000000000244,35944,19660,0
393,-6.7999999999999545,4.80000000000021,25896,19660,0
394,-6.849999999999955,6.20000000000023,25524,19660,0
395,-6.849999999999955,-3.0499999999999012,25339,19660,0
396,-6.599999999999952,-5.79999999999994,27284,19660,0
397,-6.299999999999947,-4.999999999999929,29700,19660,0
398,-5.09999999999993,-7.649999999999967,39247,19660,0
399,-6.7999999999999545,8.35000000000026,25967,19660,0
400,-7.449999999999964,-6.749999999999954,20465,19660,0
401,-5.849999999999941,-1.7499999999998828,33365,19660,0
402,-6.999999999999957,4.350000000000204,24287,19660,0
403,-7.349999999999962,-5.649999999999938,21287,19660,0
404,-6.199999999999946,7.60000000000025,30752,19660,0
405,-6.849999999999955,7.300000000000246,25546,19660,0
406,-6.399999999999949,4.0500000000002,29081,19660,0
407,-5.999999999999943,3.150000000000187,32263,19660,0
408,-5.449999999999935,-3.3499999999999055,36533,19660,0
409,-5.199999999999932,-8.899999999999984,38422,19660,0
410,-5.499999999999936,-1.5999999999998806,36168,19660,0
411,-6.849999999999955,-3.1999999999999034,25336,19660,0
412,-7.299999999999962,7.60000000000025,21952,19660,0
413,-6.199999999999946,0.8000000000001535,30616,19660,0
414,-6.549999999999951,-0.9499999999998714,27781,19660,0
415,-5.549999999999937,1.8000000000001677,35836,19660,0
416,-5.849999999999941,1.3000000000001606,33426,19660,0
417,-7.449999999999964,3.800000000000196,20676,19660,0
418,-5.09999999999993,-9.399999999999991,39212,19660,0
419,-5.549999999999937,1.900000000000169,35838,19660,0
420,-6.949999999999957,-8.949999999999985,24421,19660,0
421,-7.099999999999959,-1.54999999999988,23369,19660,0
422,-5.149999999999931,0.05000000000014282,39001,19660,0
423,-6.149999999999945,-9.899999999999999,30802,19660,0
424,-6.249999999999947,-0.34999999999986287,30193,19660,0
425,-7.349999999999962,-8.999999999999986,21220,19660,0
426,-5.349999999999934,-4.999999999999929,37300,19660,0
427,-5.449999999999935,-6.299999999999947,36474,19660,0
428,-6.7999999999999545,-0.7999999999998693,25784,19660,0
429,-7.099999999999959,-9.749999999999996,23205,19660,0
430,-6.299999999999947,5.050000000000214,29901,19660,0
431,-6.949999999999957,-1.1499999999998742,24577,19660,0
432,-5.5999999999999375,-8.59999999999998,35228,19660,0
433,-5.549999999999937,-6.849999999999955,35663,19660,0
434,-5.649999999999938,1.3000000000001606,35026,19660,0
435,-5.5999999999999375,-1.54999999999988,35369,19660,0
436,-5.399999999999935,-7.099999999999959,36858,19660,0
437,-6.7999999999999545,-4.499999999999922,25710,19660,0
438,-6.749999999999954,-9.95,26001,19660,0
439,-6.199999999999946,-9.199999999999989,30416,19660,0
440,-7.449999999999964,-0.29999999999986215,20594,19660,0
441,-5.74999999999994,-6.949999999999957,34061,19660,0
442,-7.19999999999996,0.3500000000001471,22607,19660,0
443,-5.699999999999939,6.8500000000002395,34737,19660,0
444,-6.549999999999951,6.20000000000023,27924,19660,0
445,-5.299999999999933,7.100000000000243,37942,19660,0
446,-5.5999999999999375,-7.599999999999966,35248,19660,0
447,-5.199999999999932,0.8500000000001542,38617,19660,0
448,-6.849999999999955,4.75000000000021,25495,19660,0
449,-5.899999999999942,7.60000000000025,33152,19660,0
450,-5.849999999999941,5.200000000000216,33504,19660,0
451,-6.649999999999952,-5.149999999999931,26897,19660,0
452,-5.999999999999943,-9.399999999999991,32012,19660,0
453,-6.4499999999999496,-0.5999999999998664,28588,19660,0
454,-6.4499999999999496,9.200000000000273,28784,19660,0
455,-6.199999999999946,6.1500000000002295,30723,19660,0
456,-6.949999999999957,2.100000000000172,24642,19660,0
457,-5.899999999999942,7.050000000000242,33141,19660,0
458,-5.5999999999999375,6.550000000000235,35531,19660,0
459,-5.999999999999943,0.8500000000001542,32217,19660,0
460,-7.19999999999996,-7.099999999999959,22458,19660,0
461,-7.449999999999964,6.950000000000241,20739,19660,0
462,-7.349999999999962,-4.949999999999928,21301,19660,0
463,-6.699999999999953,-7.349999999999962,26453,19660,0
464,-7.1499999999999595,-0.5999999999998664,22988,19660,0
465,-7.449999999999964,-10.0,20400,19660,0
466,-5.74999999999994,-2.3499999999998913,34153,19660,0
467,-7.049999999999958,9.350000000000275,23987,19660,0
468,-5.449999999999935,6.350000000000232,36727,19660,0
469,-5.499999999999936,0.10000000000014353,36202,19660,0
470,-6.599999999999952,3.3500000000001897,27467,19660,0
471,-6.4499999999999496,9.400000000000276,28788,19660,0
472,-6.349999999999948,-4.34999999999992,29313,19660,0
473,-6.249999999999947,4.300000000000203,30286,19660,0
474,-5.899999999999942,8.200000000000259,33164,19660,0
475,-6.549999999999951,-7.799999999999969,27644,19660,0
476,-7.399999999999963,-2.049999999999887,20959,19660,0
477,-5.699999999999939,-5.849999999999941,34483,19660,0
478,-7.249999999999961,-3.449999999999907,22131,19660,0
479,-6.699999999999953,4.0500000000002,26681,19660,0
480,-5.04999999999993,-9.799999999999997,39604,19660,0
481,-6.249999999999947,5.400000000000219,30308,19660,0
482,-7.349999999999962,-9.399999999999991,21212,19660,0
483,-7.049999999999958,8.30000000000026,23966,19660,0
484,-5.549999999999937,3.3500000000001897,35867,19660,0
485,-5.09999999999993,5.200000000000216,39504,19660,0
486,-6.049999999999944,8.650000000000265,31973,19660,0
487,-5.849999999999941,4.80000000000021,33496,19660,0
488,-6.7999999999999545,4.450000000000205,25889,19660,0
489,-7.4999999999999645,2.800000000000182,20256,19660,0
490,-5.299999999999933,1.7000000000001663,37834,19660,0
491,-6.349999999999948,6.250000000000231,29525,19660,0
492,-5.74999999999994,-6.049999999999944,34079,19660,0
493,-7.4999999999999645,0.7500000000001528,20215,19660,0
494,-7.349999999999962,0.6500000000001513,21413,19660,0
495,-6.849999999999955,3.650000000000194,25473,19660,0
496,-7.099999999999959,-2.6999999999998963,23346,19660,0
497,-5.999999999999943,4.000000000000199,32280,19660,0
498,-6.849999999999955,9.300000000000274,25586,19660,0
499,-7.299999999999962,4.150000000000201,21883,19660,0
500,-5.899999999999942,1.900000000000169,33038,19660,0
501,-5.299999999999933,-7.349999999999962,37653,19660,0
502,-5.9499999999999424,-3.249999999999904,32535,19660,0
503,-6.649999999999952,-4.449999999999921,26911,19660,0
504,-6.099999999999945,4.80000000000021,31496,19660,0
505,-5.649999999999938,-0.19999999999986073,34996,19660,0
506,-5.5999999999999375,2.0000000000001705,35440,19660,0
507,-5.699999999999939,-8.149999999999974,34437,19660,0
508,-5.699999999999939,-7.599999999999966,34448,19660,0
509,-7.049999999999958,-1.349999999999877,23773,19660,0
510,-7.4999999999999645,0.4000000000001478,20208,19660,0
511,-7.249999999999961,-8.54999999999998,22029,19660,0
512,-6.4499999999999496,9.300000000000274,28786,19660,0
513,-7.4999999999999645,4.400000000000205,20288,19660,0
514,-6.7999999999999545,-6.949999999999957,25661,19660,0
515,-7.19999999999996,3.7500000000001954,22675,19660,0
516,-5.04999999999993,4.75000000000021,39895,19660,0
517,-5.199999999999932,0.05000000000014282,38601,19660,0
518,-5.74999999999994,6.300000000000232,34326,19660,0
519,-5.299999999999933,0.5500000000001499,37811,19660,0
520,-6.949999999999957,-2.399999999999892,24552,19660,0
521,-5.79999999999994,3.5500000000001926,33871,19660,0
522,-7.19999999999996,8.400000000000261,22768,19660,0
523,-5.849999999999941,2.100000000000172,33442,19660,0
524,-5.449999999999935,7.800000000000253,36756,19660,0
525,-5.149999999999931,8.650000000000265,39173,19660,0
526,-5.79999999999994,-8.199999999999974,33636,19660,0
527,-5.699999999999939,7.200000000000244,34744,19660,0
528,-6.899999999999956,-3.9999999999999147,24920,19660,0
529,-5.299999999999933,-7.449999999999964,37651,19660,0
530,-5.449999999999935,-2.6499999999998956,36547,19660,0
531,-5.999999999999943,-1.9499999999998856,32161,19660,0
532,-7.099999999999959,8.200000000000259,23564,19660,0
533,-5.299999999999933,8.050000000000257,37961,19660,0
534,-6.599999999999952,-1.54999999999988,27369,19660,0
535,-5.149999999999931,8.700000000000266,39174,19660,0
536,-5.999999999999943,7.550000000000249,32351,19660,0
537,-5.649999999999938,-9.599999999999994,34808,19660,0
538,-5.79999999999994,-1.4999999999998792,33770,19660,0
539,-5.999999999999943,-5.2499999999999325,32095,19660,0
540,-6.949999999999957,-3.3499999999999055,24533,19660,0
541,-5.449999999999935,-6.249999999999947,36475,19660,0
542,-7.249999999999961,5.8000000000002245,22316,19660,0
543,-7.1499999999999595,-3.449999999999907,22931,19660,0
544,-5.04999999999993,-8.949999999999985,39621,19660,0
545,-6.699999999999953,0.05000000000014282,26601,19660,0
546,-6.149999999999945,-4.499999999999922,30910,19660,0
547,-7.249999999999961,5.400000000000219,22308,19660,0
548,-5.149999999999931,-3.1499999999999027,38937,19660,0
549,-6.299999999999947,-6.699999999999953,29666,19660,0
550,-5.849999999999941,3.5500000000001926,33471,19660,0
551,-5.349999999999934,2.600000000000179,37452,19660,0
552,-6.749999999999954,9.200000000000273,26384,19660,0
553,-7.049999999999958,-2.199999999999889,23756,19660,0
554,-5.899999999999942,-8.249999999999975,32835,19660,0
555,-6.699999999999953,8.35000000000026,26767,19660,0
556,-5.399999999999935,5.600000000000222,37112,19660,0
557,-7.099999999999959,1.7000000000001663,23434,19660,0
558,-7.299999999999962,9.600000000000279,21992,19660,0
559,-5.74999999999994,-3.1499999999999027,34137,19660,0
560,-5.449999999999935,-9.24999999999999,36415,19660,0
561,-5.999999999999943,-5.9499999999999424,32081,19660,0
562,-6.599999999999952,-9.799999999999997,27204,19660,0
563,-7.349999999999962,-7.799999999999969,21244,19660,0
564,-7.299999999999962,-4.999999999999929,21700,19660,0
565,-6.649999999999952,5.050000000000214,27101,19660,0
566,-7.449999999999964,5.45000000000022,20709,19660,0
567,-6.849999999999955,-0.5999999999998664,25388,19660,0
568,-5.649999999999938,-2.0999999999998877,34958,19660,0
569,-6.649999999999952,-2.6999999999998963,26946,19660,0
570,-6.299999999999947,-4.599999999999923,29708,19660,0
571,-6.549999999999951,-9.049999999999986,27619,19660,0
572,-5.9499999999999424,3.9000000000001975,32678,19660,0
573,-5.79999999999994,-4.449999999999921,33711,19660,0
574,-6.299999999999947,-4.5499999999999226,29709,19660,0
575,-6.899999999999956,-8.099999999999973,24838,19660,0
576,-5.349999999999934,4.1000000000002,37482,19660,0
577,-5.199999999999932,4.400000000000205,38688,19660,0
578,-6.199999999999946,-2.3499999999998913,30553,19660,0
579,-6.699999999999953,7.200000000000244,26744,19660,0
580,-6.999999999999957,2.5000000000001776,24250,19660,0
581,-5.349999999999934,-7.049999999999958,37259,19660,0
582,-5.09999999999993,3.6000000000001933,39472,19660,0
583,-7.249999999999961,0.8500000000001542,22217,19660,0
584,-6.49999999999995,8.800000000000267,28376,19660,0
585,-5.199999999999932,-8.499999999999979,38430,19660,0
586,-5.899999999999942,4.300000000000203,33086,19660,0
587,-6.049999999999944,-3.6999999999999105,31726,19660,0
588,-5.09999999999993,6.650000000000237,39533,19660,0
589,-5.899999999999942,5.600000000000222,33112,19660,0
590,-6.349999999999948,9.05000000000027,29581,19660,0
591,-6.899999999999956,7.950000000000255,25159,19660,0
592,-6.7999999999999545,-1.2499999999998757,25775,19660,0
593,-6.4499999999999496,1.7000000000001663,28634,19660,0
594,-5.74999999999994,6.350000000000232,34327,19660,0
595,-6.49999999999995,-8.949999999999985,28021,19660,0
596,-5.349999999999934,-0.6499999999998671,37387,19660,0
597,-5.149999999999931,2.950000000000184,39059,19660,0
598,-5.299999999999933,6.5000000000002345,37930,19660,0
599,-6.099999999999945,3.7500000000001954,31475,19660,0
600,-5.2499999999999325,3.800000000000196,38276,19660,0
601,-5.149999999999931,-9.699999999999996,38806,19660,0
602,-5.849999999999941,2.6500000000001798,33453,19660,0
603,-5.79999999999994,8.200000000000259,33964,19660,0
604,-5.9499999999999424,-5.399999999999935,32492,19660,0
605,-7.099999999999959,-9.849999999999998,23203,19660,0
606,-6.7999999999999545,0.8500000000001542,25817,19660,0
607,-5.04999999999993,1.8500000000001684,39837,19660,0
608,-7.299999999999962,9.550000000000278,21991,19660,0
609,-6.999999999999957,-1.2499999999998757,24175,19660,0
610,-6.699999999999953,3.450000000000191,26669,19660,0
611,-6.149999999999945,-0.34999999999986287,30993,19660,0
612,-6.849999999999955,-9.549999999999994,25209,19660,0
613,-5.699999999999939,7.300000000000246,34746,19660,0
614,-6.899999999999956,-8.399999999999977,24832,19660,0
615,-6.999999999999957,3.300000000000189,24266,19660,0
616,-5.849999999999941,-9.399999999999991,33212,19660,0
617,-7.049999999999958,7.800000000000253,23956,19660,0
618,-5.9499999999999424,-6.7999999999999545,32464,19660,0
619,-7.4999999999999645,-8.049999999999972,20039,19660,0
620,-6.949999999999957,-8.099999999999973,24438,19660,0
621,-5.79999999999994,1.4500000000001627,33829,19660,0
622,-7.399999999999963,-4.949999999999928,20901,19660,0
623,-5.5999999999999375,-0.34999999999986287,35393,19660,0
624,-5.449999999999935,3.3500000000001897,36667,19660,0
625,-6.249999999999947,4.75000000000021,30295,19660,0
626,-6.999999999999957,7.60000000000025,24352,19660,0
627,-7.049999999999958,7.150000000000244,23943,19660,0
628,-5.899999999999942,-9.199999999999989,32816,19660,0
629,-6.199999999999946,-8.899999999999984,30422,19660,0
630,-5.2499999999999325,1.6500000000001656,38233,19660,0
631,-5.699999999999939,5.350000000000218,34707,19660,0
632,-6.649999999999952,8.000000000000256,27160,19660,0
633,-6.699999999999953,9.75000000000028,26795,19660,0
634,-6.049999999999944,0.10000000000014353,31802,19660,0
635,-7.19999999999996,9.75000000000028,22795,19660,0
636,-6.899999999999956,-2.24999999999989,24955,19660,0
637,-7.19999999999996,3.6000000000001933,22672,19660,0
638,-5.349999999999934,3.100000000000186,37462,19660,0
639,-5.449999999999935,-3.4999999999999076,36530,19660,0
640,-5.79999999999994,6.20000000000023,33924,19660,0
641,-6.399999999999949,7.450000000000248,29149,19660,0
642,-6.299999999999947,-2.0999999999998877,29758,19660,0
643,-5.9499999999999424,9.500000000000277,32790,19660,0
644,-5.499999999999936,-6.649999999999952,36067,19660,0
645,-5.09999999999993,9.250000000000274,39585,19660,0
646,-5.549999999999937,0.8000000000001535,35816,19660,0
647,-7.099999999999959,3.650000000000194,23473,19660,0
648,-6.349999999999948,-9.049999999999986,29219,19660,0
649,-5.849999999999941,-3.799999999999912,33324,19660,0
650,-6.099999999999945,-3.1999999999999034,31336,19660,0
651,-6.199999999999946,-1.2999999999998764,30574,19660,0
652,-6.149999999999945,8.900000000000269,31178,19660,0
653,-7.1499999999999595,-2.4999999999998934,22950,19660,0
654,-5.9499999999999424,-7.099999999999959,32458,19660,0
655,-5.2499999999999325,8.100000000000257,38362,19660,0
656,-7.099999999999959,9.150000000000272,23583,19660,0
657,-5.849999999999941,-2.9999999999999005,33340,19660,0
658,-7.1499999999999595,-3.299999999999905,22934,19660,0
659,-5.5999999999999375,0.6500000000001513,35413,19660,0
660,-6.149999999999945,0.5000000000001492,31010,19660,0
661,-5.649999999999938,7.750000000000252,35155,19660,0
662,-5.79999999999994,4.0500000000002,33881,19660,0
663,-7.1499999999999595,-3.799999999999912,22924,19660,0
664,-6.899999999999956,-5.09999999999993,24898,19660,0
665,-6.749999999999954,6.700000000000237,26334,19660,0
666,-6.749999999999954,-1.9999999999998863,26160,19660,0
667,-6.599999999999952,-3.8999999999999133,27322,19660,0
668,-6.549999999999951,5.150000000000215,27903,19660,0
669,-5.849999999999941,-2.049999999999887,33359,19660,0
670,-7.449999999999964,-6.7999999999999545,20464,19660,0
671,-6.649999999999952,0.15000000000014424,27003,19660,0
672,-5.499999999999936,-4.799999999999926,36104,19660,0
673,-6.49999999999995,-2.3499999999998913,28153,19660,0
674,-5.549999999999937,-0.5499999999998657,35789,19660,0
675,-6.199999999999946,-6.699999999999953,30466,19660,0
676,-5.04999999999993,4.2500000000002025,39885,19660,0
677,-5.299999999999933,5.350000000000218,37907,19660,0
678,-6.249999999999947,7.800000000000253,30356,19660,0
679,-5.04999999999993,-3.6999999999999105,39726,19660,0
680,-5.74999999999994,0.3500000000001471,34207,19660,0
681,-6.049999999999944,-3.299999999999905,31734,19660,0
682,-5.149999999999931,-7.649999999999967,38847,19660,0
683,-5.74999999999994,-8.699999999999982,34026,19660,0
684,-5.549999999999937,9.200000000000273,35984,19660,0
685,-6.349999999999948,-7.099999999999959,29258,19660,0
686,-6.549999999999951,-7.099999999999959,27658,19660,0
687,-5.849999999999941,-9.549999999999994,33209,19660,0
688,-6.149999999999945,-5.649999999999938,30887,19660,0
689,-6.549999999999951,9.300000000000274,27986,19660,0
690,-6.4499999999999496,2.9000000000001833,28658,19660,0
691,-7.449999999999964,1.4210854715202004e-13,20600,19660,0
692,-5.199999999999932,-0.7999999999998693,38584,19660,0
693,-5.74999999999994,-2.3499999999998913,34153,19660,0
694,-7.1499999999999595,3.100000000000186,23062,19660,0
695,-6.199999999999946,-1.7499999999998828,30565,19660,0
696,-7.4999999999999645,9.950000000000284,20399,19660,0
697,-6.349999999999948,-9.699999999999996,29206,19660,0
698,-5.499999999999936,-5.199999999999932,36096,19660,0
699,-5.999999999999943,8.600000000000264,32372,19660,0
700,-6.849999999999955,9.950000000000284,25599,19660,0
701,-5.449999999999935,-3.399999999999906,36532,19660,0
702,-6.899999999999956,-4.499999999999922,24910,19660,0
703,-6.899999999999956,0.10000000000014353,25002,19660,0
704,-6.349999999999948,8.550000000000264,29571,19660,0
705,-6.199999999999946,0.10000000000014353,30602,19660,0
706,-7.4999999999999645,-2.399999999999892,20152,19660,0
707,-6.349999999999948,1.8000000000001677,29436,19660,0
708,-5.2499999999999325,-5.199999999999932,38096,19660,0
709,-6.149999999999945,1.6500000000001656,31033,19660,0
710,-7.4999999999999645,-8.349999999999977,20033,19660,0
711,-7.4999999999999645,-0.9999999999998721,20180,19660,0
712,-7.249999999999961,-8.54999999999998,22029,19660,0
713,-6.399999999999949,1.4500000000001627,29029,19660,0
714,-5.09999999999993,1.2500000000001599,39425,19660,0
715,-5.149999999999931,0.9000000000001549,39018,19660,0
716,-5.399999999999935,-0.14999999999986002,36997,19660,0
717,-5.74999999999994,-7.89999999999997,34042,19660,0
718,-6.249999999999947,5.850000000000225,30317,19660,0
719,-5.299999999999933,-8.899999999999984,37622,19660,0
720,-6.549999999999951,-2.399999999999892,27752,19660,0
721,-6.4499999999999496,-7.049999999999958,28459,19660,0
722,-7.399999999999963,1.400000000000162,21028,19660,0
723,-5.5999999999999375,-5.849999999999941,35283,19660,0
724,-7.449999999999964,0.20000000000014495,20604,19660,0
725,-7.299999999999962,-3.8999999999999133,21722,19660,0
726,-6.199999999999946,6.700000000000237,30734,19660,0
727,-5.399999999999935,-4.649999999999924,36907,19660,0
728,-5.999999999999943,8.35000000000026,32367,19660,0
729,-7.1499999999999595,5.750000000000224,23115,19660,0
730,-5.849999999999941,-5.399999999999935,33292,19660,0
731,-5.5999999999999375,-3.1999999999999034,35336,19660,0
732,-5.849999999999941,5.50000000000022,33510,19660,0
733,-6.349999999999948,-9.399999999999991,29212,19660,0
734,-5.149999999999931,-8.54999999999998,38829,19660,0
735,-7.399999999999963,-5.04999999999993,20899,19660,0
736,-6.399999999999949,1.900000000000169,29038,19660,0
737,-6.099999999999945,-3.8999999999999133,31322,19660,0
738,-5.849999999999941,-4.649999999999924,33307,19660,0
739,-5.899999999999942,9.900000000000283,33198,19660,0
740,-6.649999999999952,-1.2999999999998764,26974,19660,0
741,-5.2499999999999325,6.400000000000233,38328,19660,0
742,-6.7999999999999545,-7.999999999999972,25640,19660,0
743,-5.499999999999936,3.500000000000192,36270,19660,0
744,-7.249999999999961,5.050000000000214,22301,19660,0
745,-6.749999999999954,-2.049999999999887,26159,19660,0
746,-5.299999999999933,-8.399999999999977,37632,19660,0
747,-5.09999999999993,-9.749999999999996,39205,19660,0
748,-6.49999999999995,7.60000000000025,28352,19660,0
749,-6.599999999999952,1.7000000000001663,27434,19660,0
750,-7.049999999999958,6.350000000000232,23927,19660,0
751,-6.4499999999999496,1.8000000000001677,28636,19660,0
752,-7.049999999999958,-1.2999999999998764,23774,19660,0
753,-6.599999999999952,-2.1499999999998884,27357,19660,0
754,-7.4999999999999645,-7.89999999999997,20042,19660,0
755,-6.949999999999957,-0.7999999999998693,24584,19660,0
756,-6.749999999999954,-3.6999999999999105,26126,19660,0
757,-7.349999999999962,1.4500000000001627,21429,19660,0
758,-5.999999999999943,-1.4499999999998785,32171,19660,0
759,-6.749999999999954,-4.949999999999928,26101,19660,0
760,-5.649999999999938,-1.1499999999998742,34977,19660,0
761,-5.699999999999939,-6.849999999999955,34463,19660,0
762,-6.999999999999957,-8.249999999999975,24035,19660,0
763,-6.7999999999999545,7.000000000000242,25940,19660,0
764,-5.899999999999942,-5.899999999999942,32882,19660,0
765,-5.2499999999999325,9.500000000000277,38390,19660,0
766,-5.2499999999999325,-0.5499999999998657,38189,19660,0
767,-6.399999999999949,5.200000000000216,29104,19660,0
768,-5.04999999999993,2.0000000000001705,39840,19660,0
769,-5.349999999999934,8.450000000000262,37569,19660,0
770,-6.299999999999947,9.200000000000273,29984,19660,0
771,-5.999999999999943,-2.049999999999887,32159,19660,0
772,-6.949999999999957,4.000000000000199,24680,19660,0
773,-5.449999999999935,8.050000000000257,36761,19660,0
774,-7.19999999999996,-4.0499999999999154,22519,19660,0
775,-5.899999999999942,-8.499999999999979,32830,19660,0
776,-6.749999999999954,9.800000000000281,26396,19660,0
777,-5.9499999999999424,5.850000000000225,32717,19660,0
778,-6.249999999999947,-4.949999999999928,30101,19660,0
779,-6.599999999999952,-4.249999999999918,27315,19660,0
780,-6.549999999999951,1.7000000000001663,27834,19660,0
781,-6.4499999999999496,8.800000000000267,28776,19660,0
782,-7.099999999999959,-5.699999999999939,23286,19660,0
783,-5.04999999999993,-9.34999999999999,39613,19660,0
784,-5.149999999999931,0.25000000000014566,39005,19660,0
785,-5.04999999999993,6.20000000000023,39924,19660,0
786,-7.4999999999999645,-4.599999999999923,20108,19660,0
787,-6.549999999999951,-2.199999999999889,27756,19660,0
788,-7.349999999999962,-3.6499999999999098,21327,19660,0
789,-6.849999999999955,3.2000000000001876,25464,19660,0
790,-5.299999999999933,-9.699999999999996,37606,19660,0
791,-5.2499999999999325,8.000000000000256,38360,19660,0
792,-6.899999999999956,-0.4499999999998643,24991,19660,0
793,-5.849999999999941,3.5500000000001926,33471,19660,0
794,-6.349999999999948,6.300000000000232,29526,19660,0
795,-6.099999999999945,-2.199999999999889,31356,19660,0
796,-7.399999999999963,4.9500000000002125,21099,19660,0
797,-5.04999999999993,5.250000000000217,39905,19660,0
798,-6.749999999999954,8.400000000000261,26368,19660,0
799,-5.349999999999934,0.15000000000014424,37403,19660,0
800,-7.299999999999962,-2.2999999999998906,21754,19660,0
801,-6.849999999999955,-1.2499999999998757,25375,19660,0
802,-6.549999999999951,1.5000000000001634,27830,19660,0
803,-6.199999999999946,-4.199999999999918,30516,19660,0
804,-6.4499999999999496,-1.4999999999998792,28570,19660,0
805,-7.1499999999999595,6.20000000000023,23124,19660,0
806,-6.099999999999945,-7.949999999999971,31241,19660,0
807,-7.19999999999996,1.4210854715202004e-13,22600,19660,0
808,-6.149999999999945,0.15000000000014424,31003,19660,0
809,-6.399999999999949,-7.249999999999961,28855,19660,0
810,-6.249999999999947,-5.899999999999942,30082,19660,0
811,-5.849999999999941,-5.09999999999993,33298,19660,0
812,-5.449999999999935,9.350000000000275,36787,19660,0
813,-5.04999999999993,-7.049999999999958,39659,19660,0
814,-6.299999999999947,2.7000000000001805,29854,19660,0
815,-6.299999999999947,6.450000000000234,29929,19660,0
816,-6.649999999999952,-4.849999999999927,26903,19660,0
817,-7.449999999999964,-7.1499999999999595,20457,19660,0
818,-5.499999999999936,-0.24999999999986144,36195,19660,0
819,-6.899999999999956,-3.249999999999904,24935,19660,0
820,-7.249999999999961,-7.4999999999999645,22050,19660,0
821,-6.749999999999954,5.750000000000224,26315,19660,0
822,-7.449999999999964,-3.1999999999999034,20536,19660,0
823,-5.199999999999932,8.95000000000027,38779,19660,0
824,-7.249999999999961,-1.7499999999998828,22165,19660,0
825,-7.299999999999962,-9.399999999999991,21612,19660,0
826,-7.049999999999958,-3.4999999999999076,23730,19660,0
827,-5.849999999999941,-6.199999999999946,33276,19660,0
828,-6.199999999999946,3.4000000000001904,30668,19660,0
829,-5.09999999999993,7.000000000000242,39540,19660,0
830,-7.349999999999962,4.850000000000211,21497,19660,0
831,-7.349999999999962,5.300000000000217,21506,19660,0
832,-6.049999999999944,7.000000000000242,31940,19660,0
833,-6.199999999999946,-4.949999999999928,30501,19660,0
834,-7.449999999999964,4.550000000000207,20691,19660,0
835,-6.199999999999946,-2.8499999999998984,30543,19660,0
836,-5.9499999999999424,-8.499999999999979,32430,19660,0
837,-6.949999999999957,-5.899999999999942,24482,19660,0
838,-6.399999999999949,2.250000000000174,29045,19660,0
839,-5.349999999999934,9.900000000000283,37598,19660,0
840,-5.499999999999936,9.200000000000273,36384,19660,0
841,-6.099999999999945,-8.749999999999982,31225,19660,0
842,-7.399999999999963,-4.949999999999928,20901,19660,0
843,-6.349999999999948,2.800000000000182,29456,19660,0
844,-6.649999999999952,7.900000000000254,27158,19660,0
845,-6.049999999999944,5.900000000000226,31918,19660,0
846,-6.349999999999948,2.0000000000001705,29440,19660,0
847,-7.349999999999962,5.550000000000221,21511,19660,0
848,-5.79999999999994,-3.749999999999911,33725,19660,0
849,-5.74999999999994,7.150000000000244,34343,19660,0
850,-5.04999999999993,-1.2499999999998757,39775,19660,0
851,-5.199999999999932,-0.9999999999998721,38580,19660,0
852,-6.399999999999949,-3.3499999999999055,28933,19660,0
853,-6.249999999999947,-5.999999999999943,30080,19660,0
854,-6.849999999999955,-3.6499999999999098,25327,19660,0
855,-6.999999999999957,-8.749999999999982,24025,19660,0
856,-5.999999999999943,-2.0999999999998877,32158,19660,0
857,-6.199999999999946,-0.4499999999998643,30591,19660,0
858,-6.349999999999948,0.7000000000001521,29414,19660,0
859,-5.999999999999943,7.650000000000251,32353,19660,0
860,-6.4499999999999496,4.650000000000208,28693,19660,0
861,-6.599999999999952,3.2000000000001876,27464,19660,0
862,-7.19999999999996,-4.5499999999999226,22509,19660,0
863,-6.7999999999999545,-7.299999999999962,25654,19660,0
864,-5.849999999999941,6.950000000000241,33539,19660,0
865,-7.19999999999996,-6.4499999999999496,22471,19660,0
866,-6.49999999999995,-2.1499999999998884,28157,19660,0
867,-5.149999999999931,-0.5999999999998664,38988,19660,0
868,-6.599999999999952,3.4000000000001904,27468,19660,0
869,-6.549999999999951,8.100000000000257,27962,19660,0
870,-5.899999999999942,7.150000000000244,33143,19660,0
871,-7.249999999999961,2.450000000000177,22249,19660,0
872,-6.349999999999948,5.000000000000213,29500,19660,0
873,-5.349999999999934,0.20000000000014495,37404,19660,0
874,-5.5999999999999375,-8.299999999999976,35234,19660,0
875,-7.049999999999958,9.250000000000274,23985,19660,0
876,-5.2499999999999325,-7.399999999999963,38052,19660,0
877,-6.549999999999951,-8.899999999999984,27622,19660,0
878,-6.999999999999957,-2.24999999999989,24155,19660,0
879,-6.349999999999948,-5.149999999999931,29297,19660,0
880,-5.449999999999935,-6.249999999999947,36475,19660,0
881,-5.649999999999938,3.7500000000001954,35075,19660,0
882,-6.649999999999952,6.800000000000239,27136,19660,0
883,-5.649999999999938,-3.5499999999999083,34929,19660,0
884,-6.299999999999947,-2.6499999999998956,29747,19660,0
885,-5.549999999999937,-7.89999999999997,35642,19660,0
886,-5.299999999999933,9.850000000000282,37997,19660,0
887,-7.349999999999962,7.400000000000247,21548,19660,0
888,-5.5999999999999375,-9.099999999999987,35218,19660,0
889,-5.5999999999999375,4.2500000000002025,35485,19660,0
890,-5.449999999999935,2.250000000000174,36645,19660,0
891,-5.699999999999939,3.0500000000001855,34661,19660,0
892,-6.399999999999949,-2.599999999999895,28948,19660,0
893,-6.549999999999951,8.900000000000269,27978,19660,0
894,-7.19999999999996,6.050000000000228,22721,19660,0
895,-6.249999999999947,3.0500000000001855,30261,19660,0
896,-6.249999999999947,8.650000000000265,30373,19660,0
897,-6.949999999999957,-2.549999999999894,24549,19660,0
898,-6.4499999999999496,-0.4499999999998643,28591,19660,0
899,-5.9499999999999424,-9.149999999999988,32417,19660,0
900,-6.299999999999947,-8.199999999999974,29636,19660,0
901,-7.299999999999962,-7.299999999999962,21654,19660,0
902,-5.999999999999943,-8.54999999999998,32029,19660,0
903,-6.999999999999957,-2.599999999999895,24148,19660,0
904,-6.699999999999953,3.2000000000001876,26664,19660,0
905,-7.049999999999958,-6.249999999999947,23675,19660,0
906,-5.199999999999932,-0.4499999999998643,38591,19660,0
907,-6.49999999999995,-0.8999999999998707,28182,19660,0
908,-5.449999999999935,-5.9499999999999424,36481,19660,0
909,-7.049999999999958,-5.549999999999937,23689,19660,0
910,-5.449999999999935,-5.04999999999993,36499,19660,0
911,-5.499999999999936,9.800000000000281,36396,19660,0
912,-6.099999999999945,-8.149999999999974,31237,19660,0
913,-5.999999999999943,1.2000000000001592,32224,19660,0
914,-5.149999999999931,-2.4999999999998934,38950,19660,0
915,-7.1499999999999595,-1.5999999999998806,22968,19660,0
916,-5.999999999999943,-8.59999999999998,32028,19660,0
917,-6.699999999999953,-4.499999999999922,26510,19660,0
918,-6.149999999999945,-5.5999999999999375,30888,19660,0
919,-6.7999999999999545,1.7000000000001663,25834,19660,0
920,-7.399999999999963,-3.299999999999905,20934,19660,0
921,-6.549999999999951,-3.1499999999999027,27737,19660,0
922,-6.699999999999953,-7.1499999999999595,26457,19660,0
923,-6.049999999999944,-3.099999999999902,31738,19660,0
924,-6.199999999999946,9.150000000000272,30783,19660,0
925,-5.149999999999931,-6.649999999999952,38867,19660,0
926,-6.249999999999947,4.150000000000201,30283,19660,0
927,-5.999999999999943,3.150000000000187,32263,19660,0
928,-5.09999999999993,5.850000000000225,39517,19660,0
929,-6.099999999999945,-8.449999999999978,31231,19660,0
930,-5.649999999999938,-1.8499999999998842,34963,19660,0
931,-5.74999999999994,0.8500000000001542,34217,19660,0
932,-6.249999999999947,-7.749999999999968,30045,19660,0
933,-6.999999999999957,8.35000000000026,24367,19660,0
934,-6.399999999999949,-4.699999999999925,28906,19660,0
935,-5.649999999999938,-6.199999999999946,34876,19660,0
936,-6.899999999999956,0.3500000000001471,25007,19660,0
937,-5.5999999999999375,-0.19999999999986073,35396,19660,0
938,-7.049999999999958,-7.549999999999965,23649,19660,0
939,-5.09999999999993,-1.8499999999998842,39363,19660,0
940,-6.899999999999956,5.050000000000214,25101,19660,0
941,-5.449999999999935,-7.1499999999999595,36457,19660,0
942,-5.299999999999933,7.60000000000025,37952,19660,0
943,-6.599999999999952,9.350000000000275,27587,19660,0
944,-6.599999999999952,-2.599999999999895,27348,19660,0
945,-7.049999999999958,-5.2499999999999325,23695,19660,0
946,-6.749999999999954,-5.199999999999932,26096,19660,0
947,-6.999999999999957,8.400000000000261,24368,19660,0
948,-6.349999999999948,9.300000000000274,29586,19660,0
949,-5.349999999999934,6.20000000000023,37524,19660,0
950,-6.149999999999945,1.750000000000167,31035,19660,0
951,-7.1499999999999595,0.5000000000001492,23010,19660,0
952,-6.399999999999949,-1.9999999999998863,28960,19660,0
953,-7.4999999999999645,-3.8499999999999126,20123,19660,0
954,-5.649999999999938,-0.19999999999986073,34996,19660,0
955,-6.749999999999954,-3.299999999999905,26134,19660,0
956,-6.899999999999956,2.5000000000001776,25050,19660,0
957,-6.4499999999999496,-9.549999999999994,28409,19660,0
958,-5.04999999999993,-9.95,39601,19660,0
959,-7.449999999999964,1.7000000000001663,20634,19660,0
960,-5.849999999999941,7.900000000000254,33558,19660,0
961,-7.349999999999962,-2.549999999999894,21349,19660,0
962,-7.1499999999999595,-3.6499999999999098,22927,19660,0
963,-6.899999999999956,8.650000000000265,25173,19660,0
964,-5.349999999999934,3.5500000000001926,37471,19660,0
965,-7.349999999999962,-5.699999999999939,21286,19660,0
966,-7.4999999999999645,-4.5499999999999226,20109,19660,0
967,-5.5999999999999375,8.800000000000267,35576,19660,0
968,-5.09999999999993,-9.749999999999996,39205,19660,0
969,-5.399999999999935,-2.24999999999989,36955,19660,0
970,-5.09999999999993,-5.149999999999931,39297,19660,0
971,-6.999999999999957,-0.09999999999985931,24198,19660,0
972,-6.299999999999947,-9.699999999999996,29606,19660,0
973,-7.049999999999958,6.400000000000233,23928,19660,0
974,-6.649999999999952,9.250000000000274,27185,19660,0
975,-5.849999999999941,-4.249999999999918,33315,19660,0
976,-5.399999999999935,-0.4499999999998643,36991,19660,0
977,-5.849999999999941,-8.399999999999977,33232,19660,0
978,-5.5999999999999375,8.35000000000026,35567,19660,0
979,-5.09999999999993,-7.449999999999964,39251,19660,0
980,-6.149999999999945,8.200000000000259,31164,19660,0
981,-5.499999999999936,7.60000000000025,36352,19660,0
982,-5.9499999999999424,-2.7999999999998977,32544,19660,0
983,-5.79999999999994,6.550000000000235,33931,19660,0
984,-6.699999999999953,4.650000000000208,26693,19660,0
985,-6.4499999999999496,-3.749999999999911,28525,19660,0
986,-6.199999999999946,-3.1499999999999027,30537,19660,0
987,-6.249999999999947,-2.399999999999892,30152,19660,0
988,-5.899999999999942,-4.949999999999928,32901,19660,0
989,-5.499999999999936,3.150000000000187,36263,19660,0
990,-6.099999999999945,6.600000000000236,31532,19660,0
991,-5.449999999999935,4.200000000000202,36684,19660,0
992,-5.199999999999932,-8.949999999999985,38421,19660,0
993,-6.4499999999999496,4.350000000000204,28687,19660,0
994,-6.149999999999945,5.550000000000221,31111,19660,0
995,-6.649999999999952,-7.249999999999961,26855,19660,0
996,-6.149999999999945,-2.749999999999897,30945,19660,0
997,-5.449999999999935,7.800000000000253,36756,19660,0
998,-7.449999999999964,7.800000000000253,20756,19660,0
999,-7.249999999999961,-4.799999999999926,22104,19660,0
1000,-5.09999999999993,-6.299999999999947,39274,19660,0
1001,-7.19999999999996,-5.549999999999937,22489,19660,0
1002,-5.699999999999939,2.5500000000001783,34651,19660,0
1003,-7.099999999999959,3.7500000000001954,23475,19660,0
1004,-7.349999999999962,6.600000000000236,21532,19660,0
1005,-7.1499999999999595,9.250000000000274,23185,19660,0
1006,-7.049999999999958,-8.64999999999998,23627,19660,0
1007,-5.9499999999999424,-6.399999999999949,32472,19660,0
1008,-5.9499999999999424,2.5000000000001776,32650,19660,0
1009,-6.249999999999947,1.6000000000001648,30232,19660,0
1010,-5.199999999999932,1.9500000000001698,38639,19660,0
1011,-6.349999999999948,7.750000000000252,29555,19660,0
1012,-5.549999999999937,-7.349999999999962,35653,19660,0
1013,-6.049999999999944,7.200000000000244,31944,19660,0
1014,-7.049999999999958,-1.4999999999998792,23770,19660,0
1015,-5.199999999999932,8.150000000000258,38763,19660,0
1016,-7.19999999999996,-1.7499999999998828,22565,19660,0
1017,-6.4499999999999496,7.550000000000249,28751,19660,0
1018,-6.949999999999957,4.550000000000207,24691,19660,0
1019,-5.9499999999999424,0.9500000000001556,32619,19660,0
1020,-7.19999999999996,6.300000000000232,22726,19660,0
1021,-7.099999999999959,-4.8999999999999275,23302,19660,0
1022,-6.049999999999944,-7.999999999999972,31640,19660,0
1023,-5.849999999999941,5.550000000000221,33511,19660,0
1024,-6.649999999999952,-2.1499999999998884,26957,19660,0
1025,-6.949999999999957,-1.2499999999998757,24575,19660,0
1026,-5.649999999999938,-4.299999999999919,34914,19660,0
1027,-5.79999999999994,-4.0499999999999154,33719,19660,0
1028,-6.949999999999957,6.450000000000234,24729,19660,0
1029,-5.149999999999931,3.2500000000001883,39065,19660,0
1030,-7.249999999999961,-2.199999999999889,22156,19660,0
1031,-5.849999999999941,6.300000000000232,33526,19660,0
1032,-6.349999999999948,4.850000000000211,29497,19660,0
1033,-6.299999999999947,2.300000000000175,29846,19660,0
1034,-5.399999999999935,7.300000000000246,37146,19660,0
1035,-6.49999999999995,4.200000000000202,28284,19660,0
1036,-5.649999999999938,-8.54999999999998,34829,19660,0
1037,-5.899999999999942,7.200000000000244,33144,19660,0
1038,-5.9499999999999424,-4.499999999999922,32510,19660,0
1039,-6.4499999999999496,-0.3999999999998636,28592,19660,0
1040,-5.79999999999994,5.650000000000222,33913,19660,0
1041,-6.849999999999955,2.950000000000184,25459,19660,0
1042,-7.4999999999999645,-5.849999999999941,20083,19660,0
1043,-6.349999999999948,-5.399999999999935,29292,19660,0
1044,-5.5999999999999375,0.5000000000001492,35410,19660,0
1045,-7.399999999999963,0.10000000000014353,21002,19660,0
1046,-5.149999999999931,3.0000000000001847,39060,19660,0
1047,-5.2499999999999325,-1.899999999999885,38162,19660,0
1048,-5.9499999999999424,-8.249999999999975,32435,19660,0
1049,-6.599999999999952,-8.499999999999979,27230,19660,0
1050,-6.049999999999944,-1.0499999999998728,31779,19660,0
1051,-5.349999999999934,-5.79999999999994,37284,19660,0
1052,-6.749999999999954,-6.399999999999949,26072,19660,0
1053,-6.849999999999955,-5.849999999999941,25283,19660,0
1054,-7.299999999999962,-0.7499999999998685,21785,19660,0
1055,-5.899999999999942,-6.849999999999955,32863,19660,0
1056,-6.399999999999949,3.500000000000192,29070,19660,0
1057,-7.299999999999962,7.850000000000254,21957,19660,0
1058,-6.699999999999953,-9.699999999999996,26406,19660,0
1059,-7.099999999999959,6.5000000000002345,23530,19660,0
1060,-5.299999999999933,8.750000000000266,37975,19660,0
1061,-6.4499999999999496,1.1500000000001585,28623,19660,0
1062,-5.349999999999934,7.350000000000247,37547,19660,0
1063,-5.549999999999937,-4.34999999999992,35713,19660,0
1064,-6.999999999999957,-0.19999999999986073,24196,19660,0
1065,-5.999999999999943,-3.3499999999999055,32133,19660,0
1066,-5.199999999999932,-0.5499999999998657,38589,19660,0
1067,-5.04999999999993,0.9500000000001556,39819,19660,0
1068,-5.399999999999935,3.500000000000192,37070,19660,0
1069,-6.4499999999999496,5.700000000000223,28714,19660,0
1070,-5.299999999999933,-8.59999999999998,37628,19660,0
1071,-5.09999999999993,6.20000000000023,39524,19660,0
1072,-7.099999999999959,8.750000000000266,23575,19660,0
1073,-6.099999999999945,-6.349999999999948,31273,19660,0
1074,-6.849999999999955,8.150000000000258,25563,19660,0
1075,-6.699999999999953,9.150000000000272,26783,19660,0
1076,-5.149999999999931,-8.399999999999977,38832,19660,0
1077,-7.449999999999964,-7.649999999999967,20447,19660,0
1078,-6.349999999999948,-0.34999999999986287,29393,19660,0
1079,-5.699999999999939,-6.199999999999946,34476,19660,0
1080,-6.099999999999945,-2.549999999999894,31349,19660,0
1081,-6.249999999999947,3.7000000000001947,30274,19660,0
1082,-6.399999999999949,9.150000000000272,29183,19660,0
1083,-5.449999999999935,-1.199999999999875,36576,19660,0
1084,-5.9499999999999424,-5.2499999999999325,32495,19660,0
1085,-6.949999999999957,5.050000000000214,24701,19660,0
1086,-6.049999999999944,2.7000000000001805,31854,19660,0
1087,-6.099999999999945,-8.349999999999977,31233,19660,0
1088,-5.699999999999939,-2.899999999999899,34542,19660,0
1089,-5.2499999999999325,7.300000000000246,38346,19660,0
1090,-5.79999999999994,4.80000000000021,33896,19660,0
1091,-5.899999999999942,0.20000000000014495,33004,19660,0
1092,-6.299999999999947,3.6000000000001933,29872,19660,0
1093,-6.299999999999947,-0.84999999999987,29783,19660,0
1094,-5.449999999999935,-4.999999999999929,36500,19660,0
1095,-6.599999999999952,6.700000000000237,27534,19660,0
1096,-5.199999999999932,0.8500000000001542,38617,19660,0
1097,-6.7999999999999545,6.450000000000234,25929,19660,0
1098,-5.2499999999999325,4.400000000000205,38288,19660,0
1099,-6.899999999999956,5.650000000000222,25113,19660,0
1100,-6.649999999999952,1.5500000000001641,27031,19660,0
1101,-5.149999999999931,0.20000000000014495,39004,19660,0
1102,-6.649999999999952,-8.899999999999984,26822,19660,0
1103,-6.599999999999952,-5.999999999999943,27280,19660,0
1104,-5.04999999999993,-8.149999999999974,39637,19660,0
1105,-6.949999999999957,-3.9999999999999147,24520,19660,0
1106,-5.349999999999934,-7.599999999999966,37248,19660,0
1107,-6.249999999999947,-2.0999999999998877,30158,19660,0
1108,-5.74999999999994,-5.5999999999999375,34088,19660,0
1109,-7.099999999999959,-5.5999999999999375,23288,19660,0
1110,-6.399999999999949,-0.29999999999986215,28994,19660,0
1111,-5.299999999999933,-9.449999999999992,37611,19660,0
1112,-5.849999999999941,7.350000000000247,33547,19660,0
1113,-5.74999999999994,-3.1999999999999034,34136,19660,0
1114,-7.19999999999996,9.65000000000028,22793,19660,0
1115,-6.7999999999999545,-0.0499999999998586,25799,19660,0
1116,-5.74999999999994,1.400000000000162,34228,19660,0
1117,-7.349999999999962,3.150000000000187,21463,19660,0
1118,-6.599999999999952,1.4500000000001627,27429,19660,0
1119,-5.04999999999993,-6.199999999999946,39676,19660,0
1120,-7.399999999999963,3.850000000000197,21077,19660,0
1121,-6.999999999999957,3.0000000000001847,24260,19660,0
1122,-7.299999999999962,-6.349999999999948,21673,19660,0
1123,-6.999999999999957,1.2000000000001592,24224,19660,0
1124,-5.399999999999935,6.800000000000239,37136,19660,0
1125,-5.5999999999999375,0.5000000000001492,35410,19660,0
1126,-6.949999999999957,1.3500000000001613,24627,19660,0
1127,-6.099999999999945,-6.949999999999957,31261,19660,0
1128,-5.449999999999935,-2.0999999999998877,36558,19660,0
1129,-7.4999999999999645,2.400000000000176,20248,19660,0
1130,-6.649999999999952,4.000000000000199,27080,19660,0
1131,-5.349999999999934,-5.649999999999938,37287,19660,0
1132,-5.2499999999999325,3.2500000000001883,38265,19660,0
1133,-5.2499999999999325,1.1000000000001577,38222,19660,0
1134,-5.2499999999999325,7.200000000000244,38344,19660,0
1135,-7.399999999999963,-5.04999999999993,20899,19660,0
1136,-6.899999999999956,9.800000000000281,25196,19660,0
1137,-7.1499999999999595,-9.849999999999998,22803,19660,0
1138,-6.249999999999947,-7.4999999999999645,30050,19660,0
1139,-7.249999999999961,4.0500000000002,22281,19660,0
1140,-6.599999999999952,6.90000000000024,27538,19660,0
1141,-6.049999999999944,8.30000000000026,31966,19660,0
1142,-5.899999999999942,-0.7499999999998685,32985,19660,0
1143,-6.149999999999945,-8.249999999999975,30835,19660,0
1144,-5.2499999999999325,-2.24999999999989,38155,19660,0
1145,-5.199999999999932,6.600000000000236,38732,19660,0
1146,-7.099999999999959,0.9000000000001549,23418,19660,0
1147,-7.4999999999999645,-2.24999999999989,20155,19660,0
1148,-6.249999999999947,4.850000000000211,30297,19660,0
1149,-7.399999999999963,-9.099999999999987,20818,19660,0
1150,-6.649999999999952,-7.599999999999966,26848,19660,0
1151,-5.999999999999943,5.600000000000222,32312,19660,0
1152,-6.199999999999946,-5.499999999999936,30490,19660,0
1153,-6.749999999999954,3.0000000000001847,26260,19660,0
1154,-6.149999999999945,5.950000000000227,31119,19660,0
1155,-6.899999999999956,-4.599999999999923,24908,19660,0
1156,-5.299999999999933,-8.399999999999977,37632,19660,0
1157,-7.099999999999959,9.800000000000281,23596,19660,0
1158,-7.349999999999962,-7.749999999999968,21245,19660,0
1159,-6.099999999999945,-9.95,31201,19660,0
1160,-5.09999999999993,-0.19999999999986073,39396,19660,0
1161,-7.299999999999962,-3.5499999999999083,21729,19660,0
1162,-5.499999999999936,-1.6499999999998813,36167,19660,0
1163,-5.899999999999942,5.8000000000002245,33116,19660,0
1164,-6.949999999999957,-6.099999999999945,24478,19660,0
1165,-7.399999999999963,3.500000000000192,21070,19660,0
1166,-6.7999999999999545,9.05000000000027,25981,19660,0
1167,-5.04999999999993,-7.749999999999968,39645,19660,0
1168,-6.899999999999956,3.7500000000001954,25075,19660,0
1169,-5.04999999999993,6.800000000000239,39936,19660,0
1170,-6.399999999999949,0.9000000000001549,29018,19660,0
1171,-5.849999999999941,1.4210854715202004e-13,33400,19660,0
1172,-5.499999999999936,9.250000000000274,36385,19660,0
1173,-6.49999999999995,2.450000000000177,28249,19660,0
1174,-7.4999999999999645,-6.4499999999999496,20071,19660,0
1175,-6.199999999999946,6.550000000000235,30731,19660,0
1176,-5.899999999999942,2.0500000000001712,33041,19660,0
1177,-6.099999999999945,1.8000000000001677,31436,19660,0
1178,-5.2499999999999325,-5.999999999999943,38080,19660,0
1179,-5.2499999999999325,-9.599999999999994,38008,19660,0
1180,-5.5999999999999375,-3.4999999999999076,35330,19660,0
1181,-5.499999999999936,7.400000000000247,36348,19660,0
1182,-5.09999999999993,5.850000000000225,39517,19660,0
1183,-7.1499999999999595,-1.349999999999877,22973,19660,0
1184,-6.299999999999947,7.7000000000002515,29954,19660,0
1185,-6.049999999999944,0.30000000000014637,31806,19660,0
1186,-6.999999999999957,-3.5499999999999083,24129,19660,0
1187,-6.749999999999954,-8.999999999999986,26020,19660,0
1188,-5.74999999999994,6.550000000000235,34331,19660,0
1189,-6.899999999999956,-0.6999999999998678,24986,19660,0
1190,-7.399999999999963,-2.3499999999998913,20953,19660,0
1191,-5.04999999999993,-2.24999999999989,39755,19660,0
1192,-6.099999999999945,-8.249999999999975,31235,19660,0
1193,-5.999999999999943,0.5000000000001492,32210,19660,0
1194,-6.49999999999995,1.2500000000001599,28225,19660,0
1195,-5.999999999999943,7.350000000000247,32347,19660,0
1196,-7.049999999999958,3.7000000000001947,23874,19660,0
1197,-5.79999999999994,-1.0999999999998735,33778,19660,0
1198,-5.349999999999934,4.850000000000211,37497,19660,0
1199,-6.849999999999955,0.4000000000001478,25408,19660,0
1200,-5.149999999999931,8.750000000000266,39175,19660,0
1201,-6.899999999999956,-2.2999999999998906,24954,19660,0
1202,-5.74999999999994,3.800000000000196,34276,19660,0
1203,-6.749999999999954,4.400000000000205,26288,19660,0
1204,-5.79999999999994,1.050000000000157,33821,19660,0
1205,-6.299999999999947,-0.7999999999998693,29784,19660,0
1206,-7.299999999999962,-4.099999999999916,21718,19660,0
1207,-5.299999999999933,2.9000000000001833,37858,19660,0
1208,-6.299999999999947,-6.549999999999951,29669,19660,0
1209,-6.399999999999949,8.400000000000261,29168,19660,0
1210,-5.04999999999993,-8.59999999999998,39628,19660,0
1211,-5.199999999999932,8.850000000000268,38777,19660,0
1212,-5.649999999999938,-2.1499999999998884,34957,19660,0
1213,-7.19999999999996,6.20000000000023,22724,19660,0
1214,-7.1499999999999595,-3.449999999999907,22931,19660,0
1215,-5.2499999999999325,-8.099999999999973,38038,19660,0
1216,-5.649999999999938,-7.89999999999997,34842,19660,0
1217,-6.699999999999953,0.5500000000001499,26611,19660,0
1218,-5.349999999999934,-2.9499999999999,37341,19660,0
1219,-6.099999999999945,-3.799999999999912,31324,19660,0
1220,-6.699999999999953,-9.899999999999999,26402,19660,0
1221,-6.099999999999945,0.4500000000001485,31409,19660,0
1222,-6.899999999999956,-8.499999999999979,24830,19660,0
1223,-5.649999999999938,-2.8499999999998984,34943,19660,0
1224,-5.699999999999939,-8.099999999999973,34438,19660,0
1225,-6.299999999999947,-7.399999999999963,29652,19660,0
1226,-7.049999999999958,-0.84999999999987,23783,19660,0
1227,-6.549999999999951,-9.24999999999999,27615,19660,0
1228,-5.5999999999999375,4.9500000000002125,35499,19660,0
1229,-6.699999999999953,-10.0,26400,19660,0
1230,-7.049999999999958,-8.499999999999979,23630,19660,0
1231,-6.399999999999949,4.900000000000212,29098,19660,0
1232,-6.599999999999952,-6.599999999999952,27268,19660,0
1233,-5.09999999999993,8.35000000000026,39567,19660,0
1234,-5.499999999999936,-6.149999999999945,36077,19660,0
1235,-6.999999999999957,-3.1999999999999034,24136,19660,0
1236,-7.349999999999962,8.400000000000261,21568,19660,0
1237,-5.899999999999942,8.800000000000267,33176,19660,0
1238,-6.299999999999947,-3.9999999999999147,29720,19660,0
1239,-6.4499999999999496,8.450000000000262,28769,19660,0
1240,-6.149999999999945,-1.2999999999998764,30974,19660,0
1241,-5.849999999999941,-4.999999999999929,33300,19660,0
1242,-5.299999999999933,8.750000000000266,37975,19660,0
1243,-6.699999999999953,4.150000000000201,26683,19660,0
1244,-6.049999999999944,-9.199999999999989,31616,19660,0
1245,-6.749999999999954,-0.9999999999998721,26180,19660,0
1246,-7.099999999999959,6.650000000000237,23533,19660,0
1247,-5.9499999999999424,6.800000000000239,32736,19660,0
1248,-6.399999999999949,-7.099999999999959,28858,19660,0
1249,-6.349999999999948,-1.6499999999998813,29367,19660,0
1250,-5.79999999999994,-4.799999999999926,33704,19660,0
1251,-6.549999999999951,-6.949999999999957,27661,19660,0
1252,-5.2499999999999325,-1.0499999999998728,38179,19660,0
1253,-6.399999999999949,0.6500000000001513,29013,19660,0
1254,-6.249999999999947,-0.24999999999986144,30195,19660,0
1255,-6.549999999999951,-2.6499999999998956,27747,19660,0
1256,-7.299999999999962,-1.699999999999882,21766,19660,0
1257,-5.449999999999935,5.350000000000218,36707,19660,0
1258,-6.149999999999945,-4.699999999999925,30906,19660,0
1259,-7.249999999999961,9.350000000000275,22387,19660,0
1260,-6.749999999999954,-4.799999999999926,26104,19660,0
1261,-6.49999999999995,-5.399999999999935,28092,19660,0
1262,-7.249999999999961,-6.49999999999995,22070,19660,0
1263,-6.4499999999999496,-8.449999999999978,28431,19660,0
1264,-5.499999999999936,-1.9499999999998856,36161,19660,0
1265,-5.2499999999999325,9.75000000000028,38395,19660,0
1266,-5.849999999999941,9.00000000000027,33580,19660,0
1267,-6.999999999999957,7.200000000000244,24344,19660,0
1268,-5.09999999999993,8.800000000000267,39576,19660,0
1269,-5.549999999999937,8.650000000000265,35973,19660,0
1270,-5.549999999999937,-0.0499999999998586,35799,19660,0
1271,-5.899999999999942,8.150000000000258,33163,19660,0
1272,-6.949999999999957,1.6500000000001656,24633,19660,0
1273,-5.299999999999933,4.850000000000211,37897,19660,0
1274,-5.849999999999941,1.5000000000001634,33430,19660,0
1275,-6.149999999999945,7.750000000000252,31155,19660,0
1276,-5.349999999999934,7.500000000000249,37550,19660,0
1277,-5.399999999999935,4.9500000000002125,37099,19660,0
1278,-6.349999999999948,-2.9999999999999005,29340,19660,0
1279,-5.09999999999993,-6.599999999999952,39268,19660,0
1280,-6.849999999999955,3.9500000000001982,25479,19660,0
1281,-6.949999999999957,3.9000000000001975,24678,19660,0
1282,-7.1499999999999595,4.900000000000212,23098,19660,0
1283,-6.899999999999956,6.600000000000236,25132,19660,0
1284,-6.7999999999999545,4.850000000000211,25897,19660,0
1285,-6.649999999999952,-4.449999999999921,26911,19660,0
1286,-5.09999999999993,-2.1499999999998884,39357,19660,0
1287,-7.4999999999999645,-3.5499999999999083,20129,19660,0
1288,-5.399999999999935,6.650000000000237,37133,19660,0
1289,-6.549999999999951,5.600000000000222,27912,19660,0
1290,-5.549999999999937,3.300000000000189,35866,19660,0
1291,-7.049999999999958,-4.449999999999921,23711,19660,0
1292,-5.399999999999935,6.800000000000239,37136,19660,0
1293,-6.599999999999952,-3.8499999999999126,27323,19660,0
1294,-7.049999999999958,0.20000000000014495,23804,19660,0
1295,-6.749999999999954,-7.89999999999997,26042,19660,0
1296,-5.399999999999935,4.450000000000205,37089,19660,0
1297,-5.649999999999938,3.300000000000189,35066,19660,0
1298,-6.49999999999995,4.75000000000021,28295,19660,0
1299,-6.649999999999952,8.200000000000259,27164,19660,0
1300,-7.4999999999999645,4.900000000000212,20298,19660,0
1301,-6.199999999999946,-4.5499999999999226,30509,19660,0
1302,-7.449999999999964,-9.749999999999996,20405,19660,0
1303,-6.049999999999944,-3.449999999999907,31731,19660,0
1304,-6.599999999999952,-2.549999999999894,27349,19660,0
1305,-7.349999999999962,-2.199999999999889,21356,19660,0
1306,-5.5999999999999375,6.750000000000238,35535,19660,0
1307,-5.999999999999943,-5.299999999999933,32094,19660,0
1308,-5.849999999999941,2.450000000000177,33449,19660,0
1309,-6.099999999999945,7.500000000000249,31550,19660,0
1310,-7.399999999999963,-4.249999999999918,20915,19660,0
1311,-6.249999999999947,-2.199999999999889,30156,19660,0
1312,-5.299999999999933,-8.249999999999975,37635,19660,0
1313,-5.849999999999941,9.950000000000284,33599,19660,0
1314,-6.999999999999957,5.700000000000223,24314,19660,0
1315,-7.049999999999958,-9.049999999999986,23619,19660,0
1316,-5.849999999999941,-7.999999999999972,33240,19660,0
1317,-6.149999999999945,-9.899999999999999,30802,19660,0
1318,-6.249999999999947,1.3500000000001613,30227,19660,0
1319,-7.249999999999961,2.600000000000179,22252,19660,0
1320,-5.499999999999936,6.20000000000023,36324,19660,0
1321,-6.49999999999995,4.75000000000021,28295,19660,0
1322,-7.099999999999959,8.900000000000269,23578,19660,0
1323,-6.949999999999957,-3.0499999999999012,24539,19660,0
1324,-7.249999999999961,7.350000000000247,22347,19660,0
1325,-7.1499999999999595,1.7000000000001663,23034,19660,0
1326,-5.199999999999932,-7.799999999999969,38444,19660,0
1327,-7.349999999999962,0.8000000000001535,21416,19660,0
1328,-5.299999999999933,2.9000000000001833,37858,19660,0
1329,-5.699999999999939,8.35000000000026,34767,19660,0
1330,-5.299999999999933,8.800000000000267,37976,19660,0
1331,-5.09999999999993,-2.4499999999998927,39351,19660,0
1332,-5.9499999999999424,7.650000000000251,32753,19660,0
1333,-5.549999999999937,-9.099999999999987,35618,19660,0
1334,-6.149999999999945,-9.599999999999994,30808,19660,0
1335,-6.049999999999944,-5.9499999999999424,31681,19660,0
1336,-6.249999999999947,-1.3999999999998778,30172,19660,0
1337,-6.549999999999951,-8.949999999999985,27621,19660,0
1338,-5.5999999999999375,-2.049999999999887,35359,19660,0
1339,-5.649999999999938,-2.4999999999998934,34950,19660,0
1340,-7.099999999999959,5.100000000000215,23502,19660,0
1341,-6.099999999999945,-4.34999999999992,31313,19660,0
1342,-5.699999999999939,4.80000000000021,34696,19660,0
1343,-6.849999999999955,-2.749999999999897,25345,19660,0
1344,-6.399999999999949,-7.749999999999968,28845,19660,0
1345,-6.049999999999944,-9.649999999999995,31607,19660,0
1346,-6.299999999999947,-0.6999999999998678,29786,19660,0
1347,-5.549999999999937,-8.499999999999979,35630,19660,0
1348,-5.9499999999999424,9.450000000000276,32789,19660,0
1349,-7.349999999999962,-1.8499999999998842,21363,19660,0
1350,-6.649999999999952,4.700000000000209,27094,19660,0
1351,-6.999999999999957,-2.4499999999998927,24151,19660,0
1352,-5.09999999999993,-6.299999999999947,39274,19660,0
1353,-7.4999999999999645,0.15000000000014424,20203,19660,0
1354,-7.449999999999964,9.75000000000028,20795,19660,0
1355,-7.049999999999958,4.900000000000212,23898,19660,0
1356,-5.199999999999932,-1.199999999999875,38576,19660,0
1357,-7.399999999999963,-7.19999999999996,20856,19660,0
1358,-7.349999999999962,-8.54999999999998,21229,19660,0
1359,-7.19999999999996,3.3500000000001897,22667,19660,0
1360,-5.9499999999999424,-6.099999999999945,32478,19660,0
1361,-6.199999999999946,-9.95,30401,19660,0
1362,-7.099999999999959,7.750000000000252,23555,19660,0
1363,-7.349999999999962,-3.099999999999902,21338,19660,0
1364,-6.399999999999949,7.650000000000251,29153,19660,0
1365,-6.999999999999957,8.850000000000268,24377,19660,0
1366,-5.149999999999931,-1.3999999999998778,38972,19660,0
1367,-6.149999999999945,6.350000000000232,31127,19660,0
1368,-5.5999999999999375,-8.399999999999977,35232,19660,0
1369,-7.449999999999964,-7.249999999999961,20455,19660,0
1370,-5.9499999999999424,-8.099999999999973,32438,19660,0
1371,-5.999999999999943,9.65000000000028,32393,19660,0
1372,-5.649999999999938,-7.599999999999966,34848,19660,0
1373,-5.699999999999939,-3.299999999999905,34534,19660,0
1374,-6.4499999999999496,6.20000000000023,28724,19660,0
1375,-6.49999999999995,-7.999999999999972,28040,19660,0
1376,-7.4999999999999645,-0.6499999999998671,20187,19660,0
1377,-6.199999999999946,-5.9499999999999424,30481,19660,0
1378,-5.74999999999994,-7.549999999999965,34049,19660,0
1379,-5.499999999999936,0.15000000000014424,36203,19660,0
1380,-6.849999999999955,-4.699999999999925,25306,19660,0
1381,-6.399999999999949,5.000000000000213,29100,19660,0
1382,-6.899999999999956,-6.149999999999945,24877,19660,0
1383,-6.49999999999995,-8.799999999999983,28024,19660,0
1384,-6.899999999999956,1.4500000000001627,25029,19660,0
1385,-6.099999999999945,-4.949999999999928,31301,19660,0
1386,-6.749999999999954,1.2500000000001599,26225,19660,0
1387,-7.099999999999959,-5.999999999999943,23280,19660,0
1388,-6.4499999999999496,-6.349999999999948,28473,19660,0
1389,-6.949999999999957,7.60000000000025,24752,19660,0
1390,-6.7999999999999545,-1.0999999999998735,25778,19660,0
1391,-5.04999999999993,-7.299999999999962,39654,19660,0
1392,-7.249999999999961,-6.299999999999947,22074,19660,0
1393,-6.899999999999956,-6.4499999999999496,24871,19660,0
1394,-5.549999999999937,5.700000000000223,35914,19660,0
1395,-5.399999999999935,2.8500000000001826,37057,19660,0
1396,-5.649999999999938,6.550000000000235,35131,19660,0
1397,-5.74999999999994,4.2500000000002025,34285,19660,0
1398,-7.299999999999962,-6.299999999999947,21674,19660,0
1399,-6.649999999999952,-4.0499999999999154,26919,19660,0
1400,-5.399999999999935,-6.349999999999948,36873,19660,0
1401,-7.049999999999958,-5.5999999999999375,23688,19660,0
1402,-6.699999999999953,6.8500000000002395,26737,19660,0
1403,-5.499999999999936,-8.799999999999983,36024,19660,0
1404,-5.04999999999993,9.500000000000277,39990,19660,0
1405,-7.4999999999999645,0.7000000000001521,20214,19660,0
1406,-6.4499999999999496,-2.9999999999999005,28540,19660,0
1407,-6.649999999999952,1.4210854715202004e-13,27000,19660,0
1408,-5.649999999999938,5.000000000000213,35100,19660,0
1409,-5.399999999999935,3.0000000000001847,37060,19660,0
1410,-7.049999999999958,-3.0499999999999012,23739,19660,0
1411,-5.04999999999993,4.300000000000203,39886,19660,0
1412,-5.79999999999994,-3.6999999999999105,33726,19660,0
1413,-5.199999999999932,-6.549999999999951,38469,19660,0
1414,-6.049999999999944,-9.749999999999996,31605,19660,0
1415,-5.999999999999943,-9.149999999999988,32017,19660,0
1416,-6.249999999999947,-1.199999999999875,30176,19660,0
1417,-7.249999999999961,-7.299999999999962,22054,19660,0
1418,-7.249999999999961,9.500000000000277,22390,19660,0
1419,-6.549999999999951,5.50000000000022,27910,19660,0
1420,-5.199999999999932,-6.149999999999945,38477,19660,0
1421,-6.7999999999999545,6.400000000000233,25928,19660,0
1422,-6.899999999999956,7.800000000000253,25156,19660,0
1423,-5.549999999999937,9.250000000000274,35985,19660,0
1424,-7.299999999999962,7.250000000000245,21945,19660,0
1425,-5.04999999999993,4.650000000000208,39893,19660,0
1426,-6.599999999999952,-6.299999999999947,27274,19660,0
1427,-6.299999999999947,-2.7999999999998977,29744,19660,0
1428,-5.699999999999939,-2.4999999999998934,34550,19660,0
1429,-5.09999999999993,7.050000000000242,39541,19660,0
1430,-6.399999999999949,-4.599999999999923,28908,19660,0
1431,-7.1499999999999595,6.100000000000229,23122,19660,0
1432,-7.099999999999959,-5.9499999999999424,23281,19660,0
1433,-5.09999999999993,-0.24999999999986144,39395,19660,0
1434,-6.749999999999954,-3.3499999999999055,26133,19660,0
1435,-5.79999999999994,3.2000000000001876,33864,19660,0
1436,-5.199999999999932,-1.7999999999998835,38564,19660,0
1437,-5.299999999999933,-8.54999999999998,37629,19660,0
1438,-5.999999999999943,-8.149999999999974,32037,19660,0
1439,-6.249999999999947,6.20000000000023,30324,19660,0
1440,-5.74999999999994,3.300000000000189,34266,19660,0
1441,-6.149999999999945,-0.29999999999986215,30994,19660,0
1442,-6.249999999999947,-4.999999999999929,30100,19660,0
1443,-5.399999999999935,-5.549999999999937,36889,19660,0
1444,-5.699999999999939,-5.849999999999941,34483,19660,0
1445,-6.199999999999946,-5.09999999999993,30498,19660,0
1446,-7.349999999999962,-7.749999999999968,21245,19660,0
1447,-5.849999999999941,0.20000000000014495,33404,19660,0
1448,-6.249999999999947,0.3500000000001471,30207,19660,0
1449,-5.649999999999938,-7.299999999999962,34854,19660,0
1450,-6.199999999999946,0.30000000000014637,30606,19660,0
1451,-5.549999999999937,-7.949999999999971,35641,19660,0
1452,-5.2499999999999325,-7.699999999999967,38046,19660,0
1453,-5.149999999999931,-0.7499999999998685,38985,19660,0
1454,-6.399999999999949,-0.5499999999998657,28989,19660,0
1455,-5.199999999999932,-7.249999999999961,38455,19660,0
1456,-5.449999999999935,-5.5999999999999375,36488,19660,0
1457,-6.399999999999949,2.0500000000001712,29041,19660,0
1458,-6.49999999999995,2.600000000000179,28252,19660,0
1459,-6.7999999999999545,7.300000000000246,25946,19660,0
1460,-5.04999999999993,5.550000000000221,39911,19660,0
1461,-6.399999999999949,5.750000000000224,29115,19660,0
1462,-5.849999999999941,-2.2999999999998906,33354,19660,0
1463,-7.19999999999996,2.6500000000001798,22653,19660,0
1464,-7.249999999999961,8.450000000000262,22369,19660,0
1465,-7.449999999999964,-6.599999999999952,20468,19660,0
1466,-5.74999999999994,-9.149999999999988,34017,19660,0
1467,-5.79999999999994,5.100000000000215,33902,19660,0
1468,-6.099999999999945,1.6500000000001656,31433,19660,0
1469,-6.649999999999952,3.5500000000001926,27071,19660,0
1470,-7.399999999999963,5.700000000000223,21114,19660,0
1471,-5.399999999999935,-2.0999999999998877,36958,19660,0
1472,-5.2499999999999325,6.250000000000231,38325,19660,0
1473,-5.2499999999999325,6.800000000000239,38336,19660,0
1474,-6.999999999999957,-9.199999999999989,24016,19660,0
1475,-6.49999999999995,0.20000000000014495,28204,19660,0
1476,-7.099999999999959,-5.549999999999937,23289,19660,0
1477,-5.149999999999931,6.250000000000231,39125,19660,0
1478,-6.549999999999951,9.65000000000028,27993,19660,0
1479,-7.399999999999963,9.500000000000277,21190,19660,0
1480,-6.599999999999952,-4.249999999999918,27315,19660,0
1481,-7.449999999999964,0.25000000000014566,20605,19660,0
1482,-6.049999999999944,-2.7999999999998977,31744,19660,0
1483,-6.849999999999955,-9.599999999999994,25208,19660,0
1484,-6.849999999999955,-0.6999999999998678,25386,19660,0
1485,-5.999999999999943,-7.349999999999962,32053,19660,0
1486,-5.549999999999937,7.350000000000247,35947,19660,0
1487,-5.149999999999931,2.7000000000001805,39054,19660,0
1488,-5.449999999999935,-6.649999999999952,36467,19660,0
1489,-7.099999999999959,4.350000000000204,23487,19660,0
1490,-7.19999999999996,1.7000000000001663,22634,19660,0
1491,-7.299999999999962,3.500000000000192,21870,19660,0
1492,-6.4499999999999496,9.100000000000271,28782,19660,0
1493,-5.549999999999937,4.550000000000207,35891,19660,0
1494,-6.149999999999945,-1.54999999999988,30969,19660,0
1495,-6.049999999999944,-7.399999999999963,31652,19660,0
1496,-6.999999999999957,2.5500000000001783,24251,19660,0
1497,-6.49999999999995,7.650000000000251,28353,19660,0
1498,-6.099999999999945,1.400000000000162,31428,19660,0
1499,-7.449999999999964,2.800000000000182,20656,19660,0
1500,-6.999999999999957,-2.4999999999998934,24150,19660,0
1501,-5.449999999999935,1.5000000000001634,36630,19660,0
1502,-6.849999999999955,0.20000000000014495,25404,19660,0
1503,-7.099999999999959,7.300000000000246,23546,19660,0
1504,-6.599999999999952,6.5000000000002345,27530,19660,0
1505,-7.299999999999962,8.200000000000259,21964,19660,0
1506,-6.349999999999948,1.1500000000001585,29423,19660,0
1507,-5.349999999999934,-4.099999999999916,37318,19660,0
1508,-7.249999999999961,9.800000000000281,22396,19660,0
1509,-6.099999999999945,5.150000000000215,31503,19660,0
1510,-6.699999999999953,7.100000000000243,26742,19660,0
1511,-5.999999999999943,-6.149999999999945,32077,19660,0
1512,-5.199999999999932,6.400000000000233,38728,19660,0
1513,-5.5999999999999375,-8.849999999999984,35223,19660,0
1514,-6.7999999999999545,3.800000000000196,25876,19660,0
1515,-7.099999999999959,2.9000000000001833,23458,19660,0
1516,-6.649999999999952,1.5000000000001634,27030,19660,0
1517,-7.4999999999999645,-3.599999999999909,20128,19660,0
1518,-6.999999999999957,8.400000000000261,24368,19660,0
1519,-5.899999999999942,-7.8499999999999694,32843,19660,0
1520,-7.349999999999962,0.7000000000001521,21414,19660,0
1521,-6.849999999999955,-0.8999999999998707,25382,19660,0
1522,-6.199999999999946,-0.8999999999998707,30582,19660,0
1523,-7.19999999999996,1.3500000000001613,22627,19660,0
1524,-5.149999999999931,-2.6499999999998956,38947,19660,0
1525,-6.899999999999956,-7.699999999999967,24846,19660,0
1526,-5.299999999999933,9.75000000000028,37995,19660,0
1527,-7.19999999999996,8.700000000000266,22774,19660,0
1528,-5.349999999999934,0.3500000000001471,37407,19660,0
1529,-7.299999999999962,8.200000000000259,21964,19660,0
1530,-5.299999999999933,2.7000000000001805,37854,19660,0
1531,-5.5999999999999375,3.850000000000197,35477,19660,0
1532,-5.74999999999994,1.9500000000001698,34239,19660,0
1533,-7.19999999999996,-6.849999999999955,22463,19660,0
1534,-7.4999999999999645,-7.449999999999964,20051,19660,0
1535,-7.349999999999962,-8.049999999999972,21239,19660,0
1536,-5.999999999999943,5.850000000000225,32317,19660,0
1537,-7.049999999999958,-2.7999999999998977,23744,19660,0
1538,-6.7999999999999545,0.4500000000001485,25809,19660,0
1539,-5.5999999999999375,-4.799999999999926,35304,19660,0
1540,-5.899999999999942,-8.849999999999984,32823,19660,0
1541,-5.79999999999994,6.300000000000232,33926,19660,0
1542,-6.149999999999945,-4.39999999999992,30912,19660,0
1543,-5.79999999999994,-0.7999999999998693,33784,19660,0
1544,-6.899999999999956,-3.8999999999999133,24922,19660,0
1545,-7.449999999999964,-6.749999999999954,20465,19660,0
1546,-5.499999999999936,-7.999999999999972,36040,19660,0
1547,-7.1499999999999595,-5.04999999999993,22899,19660,0
1548,-5.2499999999999325,-4.749999999999925,38105,19660,0
1549,-6.7999999999999545,-7.549999999999965,25649,19660,0
1550,-7.299999999999962,-5.09999999999993,21698,19660,0
1551,-5.899999999999942,1.5000000000001634,33030,19660,0
1552,-6.199999999999946,0.05000000000014282,30601,19660,0
1553,-7.349999999999962,-3.249999999999904,21335,19660,0
1554,-6.299999999999947,7.250000000000245,29945,19660,0
1555,-5.849999999999941,4.200000000000202,33484,19660,0
1556,-6.4499999999999496,7.60000000000025,28752,19660,0
1557,-5.549999999999937,4.700000000000209,35894,19660,0
1558,-6.649999999999952,-9.849999999999998,26803,19660,0
1559,-5.09999999999993,-7.999999999999972,39240,19660,0
1560,-6.599999999999952,9.450000000000276,27589,19660,0
1561,-5.299999999999933,8.650000000000265,37973,19660,0
1562,-7.19999999999996,-3.8999999999999133,22522,19660,0
1563,-6.4499999999999496,2.1500000000001727,28643,19660,0
1564,-5.549999999999937,-5.5999999999999375,35688,19660,0
1565,-5.349999999999934,-8.59999999999998,37228,19660,0
1566,-5.349999999999934,7.850000000000254,37557,19660,0
1567,-5.899999999999942,6.950000000000241,33139,19660,0
1568,-5.399999999999935,-5.74999999999994,36885,19660,0
1569,-7.19999999999996,0.6500000000001513,22613,19660,0
1570,-6.149999999999945,-1.699999999999882,30966,19660,0
1571,-5.199999999999932,-3.1499999999999027,38537,19660,0
1572,-5.199999999999932,-8.999999999999986,38420,19660,0
1573,-6.949999999999957,-3.449999999999907,24531,19660,0
1574,-5.9499999999999424,-9.549999999999994,32409,19660,0
1575,-7.099999999999959,-4.249999999999918,23315,19660,0
1576,-5.549999999999937,-0.09999999999985931,35798,19660,0
1577,-5.999999999999943,-8.399999999999977,32032,19660,0
1578,-6.099999999999945,3.100000000000186,31462,19660,0
1579,-7.299999999999962,-3.749999999999911,21725,19660,0
1580,-7.349999999999962,-0.0499999999998586,21399,19660,0
1581,-6.699999999999953,1.5500000000001641,26631,19660,0
1582,-6.249999999999947,3.2000000000001876,30264,19660,0
1583,-5.499999999999936,4.9500000000002125,36299,19660,0
1584,-5.349999999999934,-5.04999999999993,37299,19660,0
1585,-5.149999999999931,-6.399999999999949,38872,19660,0
1586,-5.549999999999937,-5.5999999999999375,35688,19660,0
1587,-5.2499999999999325,-1.7499999999998828,38165,19660,0
1588,-5.549999999999937,1.8500000000001684,35837,19660,0
1589,-7.4999999999999645,3.7500000000001954,20275,19660,0
1590,-5.899999999999942,-1.7999999999998835,32964,19660,0
1591,-5.699999999999939,5.300000000000217,34706,19660,0
1592,-6.349999999999948,0.7500000000001528,29415,19660,0
1593,-6.199999999999946,8.750000000000266,30775,19660,0
1594,-5.09999999999993,-4.34999999999992,39313,19660,0
1595,-5.649999999999938,3.650000000000194,35073,19660,0
1596,-6.049999999999944,0.6000000000001506,31812,19660,0
1597,-5.79999999999994,4.150000000000201,33883,19660,0
1598,-7.049999999999958,6.300000000000232,23926,19660,0
1599,-7.249999999999961,-6.849999999999955,22063,19660,0
1600,-5.899999999999942,-7.599999999999966,32848,19660,0
1601,-7.099999999999959,6.450000000000234,23529,19660,0
1602,-6.049999999999944,-5.149999999999931,31697,19660,0
1603,-6.399999999999949,4.900000000000212,29098,19660,0
1604,-5.499999999999936,-5.399999999999935,36092,19660,0
1605,-7.249999999999961,-5.5999999999999375,22088,19660,0
1606,-5.09999999999993,6.700000000000237,39534,19660,0
1607,-6.49999999999995,5.50000000000022,28310,19660,0
1608,-5.2499999999999325,0.05000000000014282,38201,19660,0
1609,-6.549999999999951,-9.049999999999986,27619,19660,0
1610,-6.7999999999999545,-1.9499999999998856,25761,19660,0
1611,-5.399999999999935,-3.1999999999999034,36936,19660,0
1612,-7.049999999999958,8.25000000000026,23965,19660,0
1613,-5.09999999999993,-2.4499999999998927,39351,19660,0
1614,-6.899999999999956,4.0500000000002,25081,19660,0
1615,-5.09999999999993,-6.949999999999957,39261,19660,0
1616,-6.899999999999956,5.550000000000221,25111,19660,0
1617,-6.399999999999949,4.75000000000021,29095,19660,0
1618,-7.099999999999959,-10.0,23200,19660,0
1619,-7.19999999999996,-9.34999999999999,22413,19660,0
1620,-5.649999999999938,-7.249999999999961,34855,19660,0
1621,-5.999999999999943,2.1500000000001727,32243,19660,0
1622,-5.04999999999993,-8.54999999999998,39629,19660,0
1623,-7.1499999999999595,8.30000000000026,23166,19660,0
1624,-7.399999999999963,1.4500000000001627,21029,19660,0
1625,-6.649999999999952,-6.649999999999952,26867,19660,0
1626,-6.599999999999952,-6.149999999999945,27277,19660,0
1627,-6.749999999999954,4.200000000000202,26284,19660,0
1628,-7.19999999999996,-1.5999999999998806,22568,19660,0
1629,-6.4499999999999496,8.100000000000257,28762,19660,0
1630,-6.049999999999944,-6.399999999999949,31672,19660,0
1631,-5.499999999999936,-5.74999999999994,36085,19660,0
1632,-6.549999999999951,-1.6499999999998813,27767,19660,0
1633,-7.19999999999996,-6.049999999999944,22479,19660,0
1634,-6.349999999999948,-0.34999999999986287,29393,19660,0
1635,-7.249999999999961,-7.999999999999972,22040,19660,0
1636,-6.699999999999953,-1.4499999999998785,26571,19660,0
1637,-5.09999999999993,-1.7999999999998835,39364,19660,0
1638,-6.399999999999949,-0.24999999999986144,28995,19660,0
1639,-5.699999999999939,-3.599999999999909,34528,19660,0
1640,-5.09999999999993,-7.799999999999969,39244,19660,0
1641,-5.09999999999993,-2.549999999999894,39349,19660,0
1642,-7.049999999999958,-8.399999999999977,23632,19660,0
1643,-6.049999999999944,-8.799999999999983,31624,19660,0
1644,-5.9499999999999424,0.15000000000014424,32603,19660,0
1645,-5.79999999999994,0.30000000000014637,33806,19660,0
1646,-6.899999999999956,2.5000000000001776,25050,19660,0
1647,-6.599999999999952,-1.2499999999998757,27375,19660,0
1648,-5.9499999999999424,0.10000000000014353,32602,19660,0
1649,-6.7999999999999545,2.2000000000001734,25844,19660,0
1650,-7.449999999999964,6.1500000000002295,20723,19660,0
1651,-5.499999999999936,9.950000000000284,36399,19660,0
1652,-5.399999999999935,-9.95,36801,19660,0
1653,-5.09999999999993,4.900000000000212,39498,19660,0
1654,-7.049999999999958,-1.6499999999998813,23767,19660,0
1655,-7.299999999999962,3.6000000000001933,21872,19660,0
1656,-6.149999999999945,0.6000000000001506,31012,19660,0
1657,-7.349999999999962,4.150000000000201,21483,19660,0
1658,-6.7999999999999545,-4.749999999999925,25705,19660,0
1659,-6.599999999999952,-6.349999999999948,27273,19660,0
1660,-5.849999999999941,7.350000000000247,33547,19660,0
1661,-7.049999999999958,-7.749999999999968,23645,19660,0
1662,-6.249999999999947,8.400000000000261,30368,19660,0
1663,-7.399999999999963,-7.449999999999964,20851,19660,0
1664,-5.299999999999933,6.8500000000002395,37937,19660,0
1665,-5.2499999999999325,9.100000000000271,38382,19660,0
1666,-7.399999999999963,-4.999999999999929,20900,19660,0
1667,-5.499999999999936,7.650000000000251,36353,19660,0
1668,-7.349999999999962,9.300000000000274,21586,19660,0
1669,-7.049999999999958,2.5000000000001776,23850,19660,0
1670,-6.999999999999957,-1.349999999999877,24173,19660,0
1671,-5.999999999999943,4.550000000000207,32291,19660,0
1672,-6.49999999999995,2.0500000000001712,28241,19660,0
1673,-6.649999999999952,-7.699999999999967,26846,19660,0
1674,-6.099999999999945,3.9000000000001975,31478,19660,0
1675,-6.199999999999946,-8.399999999999977,30432,19660,0
1676,-6.849999999999955,-0.7499999999998685,25385,19660,0
1677,-6.999999999999957,-9.29999999999999,24014,19660,0
1678,-6.699999999999953,7.60000000000025,26752,19660,0
1679,-7.299999999999962,-7.599999999999966,21648,19660,0
1680,-5.549999999999937,7.150000000000244,35943,19660,0
1681,-5.79999999999994,8.050000000000257,33961,19660,0
1682,-6.349999999999948,-5.09999999999993,29298,19660,0
1683,-6.999999999999957,-5.09999999999993,24098,19660,0
1684,-5.2499999999999325,-8.849999999999984,38023,19660,0
1685,-5.79999999999994,-2.8499999999998984,33743,19660,0
1686,-6.299999999999947,6.90000000000024,29938,19660,0
1687,-5.349999999999934,4.900000000000212,37498,19660,0
1688,-7.049999999999958,8.25000000000026,23965,19660,0
1689,-7.299999999999962,-6.999999999999957,21660,19660,0
1690,-6.4499999999999496,2.750000000000181,28655,19660,0
1691,-5.74999999999994,-6.399999999999949,34072,19660,0
1692,-7.249999999999961,4.300000000000203,22286,19660,0
1693,-5.399999999999935,5.50000000000022,37110,19660,0
1694,-6.349999999999948,-9.099999999999987,29218,19660,0
1695,-6.349999999999948,0.5000000000001492,29410,19660,0
1696,-6.349999999999948,-0.6499999999998671,29387,19660,0
1697,-5.74999999999994,3.850000000000197,34277,19660,0
1698,-6.049999999999944,-7.799999999999969,31644,19660,0
1699,-5.9499999999999424,2.2000000000001734,32644,19660,0
1700,-5.399999999999935,-6.149999999999945,36877,19660,0
1701,-6.099999999999945,3.500000000000192,31470,19660,0
1702,-6.699999999999953,-7.299999999999962,26454,19660,0
1703,-6.599999999999952,5.250000000000217,27505,19660,0
1704,-6.699999999999953,-5.74999999999994,26485,19660,0
1705,-7.349999999999962,-9.499999999999993,21210,19660,0
1706,-6.199999999999946,6.800000000000239,30736,19660,0
1707,-5.79999999999994,-5.449999999999935,33691,19660,0
1708,-6.699999999999953,5.300000000000217,26706,19660,0
1709,-5.09999999999993,-5.699999999999939,39286,19660,0
1710,-5.149999999999931,4.650000000000208,39093,19660,0
1711,-6.399999999999949,-6.049999999999944,28879,19660,0
1712,-5.199999999999932,-7.89999999999997,38442,19660,0
1713,-7.399999999999963,9.00000000000027,21180,19660,0
1714,-6.549999999999951,9.550000000000278,27991,19660,0
1715,-5.5999999999999375,3.300000000000189,35466,19660,0
1716,-5.5999999999999375,5.45000000000022,35509,19660,0
1717,-7.19999999999996,7.950000000000255,22759,19660,0
1718,-7.099999999999959,-1.0999999999998735,23378,19660,0
1719,-5.149999999999931,-5.9499999999999424,38881,19660,0
1720,-5.149999999999931,4.450000000000205,39089,19660,0
1721,-7.049999999999958,-3.5499999999999083,23729,19660,0
1722,-6.899999999999956,-5.449999999999935,24891,19660,0
1723,-5.299999999999933,0.4500000000001485,37809,19660,0
1724,-5.849999999999941,5.350000000000218,33507,19660,0
1725,-5.09999999999993,2.5000000000001776,39450,19660,0
1726,-6.649999999999952,-5.299999999999933,26894,19660,0
1727,-6.7999999999999545,-1.2999999999998764,25774,19660,0
1728,-6.749999999999954,6.550000000000235,26331,19660,0
1729,-5.149999999999931,-3.249999999999904,38935,19660,0
1730,-5.549999999999937,-6.749999999999954,35665,19660,0
1731,-5.649999999999938,0.7500000000001528,35015,19660,0
1732,-7.249999999999961,-9.899999999999999,22002,19660,0
1733,-5.299999999999933,-5.79999999999994,37684,19660,0
1734,-6.549999999999951,7.650000000000251,27953,19660,0
1735,-6.749999999999954,-9.799999999999997,26004,19660,0
1736,-7.399999999999963,-6.999999999999957,20860,19660,0
1737,-7.049999999999958,8.100000000000257,23962,19660,0
1738,-6.849999999999955,-1.199999999999875,25376,19660,0
1739,-6.399999999999949,5.50000000000022,29110,19660,0
1740,-5.899999999999942,2.5000000000001776,33050,19660,0
1741,-6.599999999999952,-9.899999999999999,27202,19660,0
1742,-6.199999999999946,-4.0499999999999154,30519,19660,0
1743,-5.449999999999935,-3.449999999999907,36531,19660,0
1744,-5.09999999999993,-5.349999999999934,39293,19660,0
1745,-7.19999999999996,6.550000000000235,22731,19660,0
1746,-5.999999999999943,6.600000000000236,32332,19660,0
1747,-5.5999999999999375,-1.0999999999998735,35378,19660,0
1748,-6.649999999999952,-9.849999999999998,26803,19660,0
1749,-5.449999999999935,3.6000000000001933,36672,19660,0
1750,-6.249999999999947,2.5000000000001776,30250,19660,0
1751,-7.19999999999996,1.1500000000001585,22623,19660,0
1752,-5.999999999999943,3.800000000000196,32276,19660,0
1753,-7.399999999999963,2.400000000000176,21048,19660,0
1754,-6.149999999999945,-3.6499999999999098,30927,19660,0
1755,-6.49999999999995,2.450000000000177,28249,19660,0
1756,-5.549999999999937,-0.5499999999998657,35789,19660,0
1757,-6.099999999999945,7.550000000000249,31551,19660,0
1758,-6.949999999999957,0.9000000000001549,24618,19660,0
1759,-6.999999999999957,-2.199999999999889,24156,19660,0
1760,-7.099999999999959,7.150000000000244,23543,19660,0
1761,-7.349999999999962,-8.54999999999998,21229,19660,0
1762,-5.849999999999941,-2.749999999999897,33345,19660,0
1763,-5.999999999999943,-6.599999999999952,32068,19660,0
1764,-6.849999999999955,5.950000000000227,25519,19660,0
1765,-5.399999999999935,9.550000000000278,37191,19660,0
1766,-7.099999999999959,-1.9999999999998863,23360,19660,0
1767,-6.199999999999946,-4.849999999999927,30503,19660,0
1768,-6.749999999999954,-1.3999999999998778,26172,19660,0
1769,-6.949999999999957,6.650000000000237,24733,19660,0
1770,-7.1499999999999595,8.650000000000265,23173,19660,0
1771,-5.449999999999935,-2.6999999999998963,36546,19660,0
1772,-5.499999999999936,8.150000000000258,36363,19660,0
1773,-5.299999999999933,-0.8999999999998707,37782,19660,0
1774,-7.1499999999999595,2.0500000000001712,23041,19660,0
1775,-6.349999999999948,-7.549999999999965,29249,19660,0
1776,-5.149999999999931,4.650000000000208,39093,19660,0
1777,-5.2499999999999325,9.70000000000028,38394,19660,0
1778,-7.4999999999999645,-2.3499999999998913,20153,19660,0
1779,-5.699999999999939,4.450000000000205,34689,19660,0
1780,-7.1499999999999595,1.5500000000001641,23031,19660,0
1781,-6.299999999999947,-4.449999999999921,29711,19660,0
1782,-5.649999999999938,-7.89999999999997,34842,19660,0
1783,-5.999999999999943,-3.6499999999999098,32127,19660,0
1784,-5.74999999999994,-5.449999999999935,34091,19660,0
1785,-6.249999999999947,6.90000000000024,30338,19660,0
1786,-7.349999999999962,-4.34999999999992,21313,19660,0
1787,-5.149999999999931,1.050000000000157,39021,19660,0
1788,-7.4999999999999645,-6.099999999999945,20078,19660,0
1789,-7.1499999999999595,-4.599999999999923,22908,19660,0
1790,-7.19999999999996,0.9500000000001556,22619,19660,0
1791,-6.999999999999957,-7.049999999999958,24059,19660,0
1792,-6.299999999999947,7.450000000000248,29949,19660,0
1793,-6.199999999999946,0.30000000000014637,30606,19660,0
1794,-6.7999999999999545,9.70000000000028,25994,19660,0
1795,-5.2499999999999325,4.200000000000202,38284,19660,0
1796,-6.49999999999995,-8.449999999999978,28031,19660,0
1797,-7.1499999999999595,4.500000000000206,23090,19660,0
1798,-5.149999999999931,9.05000000000027,39181,19660,0
1799,-5.9499999999999424,-3.3499999999999055,32533,19660,0
1800,-6.249999999999947,-1.4499999999998785,30171,19660,0
1801,-6.049999999999944,2.6500000000001798,31853,19660,0
1802,-7.4999999999999645,8.95000000000027,20379,19660,0
1803,-6.149999999999945,-9.049999999999986,30819,19660,0
1804,-6.949999999999957,-6.049999999999944,24479,19660,0
1805,-5.149999999999931,-5.349999999999934,38893,19660,0
1806,-7.249999999999961,-2.9499999999999,22141,19660,0
1807,-7.4999999999999645,8.450000000000262,20369,19660,0
1808,-5.5999999999999375,-4.8999999999999275,35302,19660,0
1809,-5.09999999999993,-9.499999999999993,39210,19660,0
1810,-5.04999999999993,-2.749999999999897,39745,19660,0
1811,-5.449999999999935,1.3500000000001613,36627,19660,0
1812,-5.899999999999942,-9.149999999999988,32817,19660,0
1813,-5.199999999999932,-7.89999999999997,38442,19660,0
1814,-6.249999999999947,-0.6999999999998678,30186,19660,0
1815,-6.599999999999952,4.75000000000021,27495,19660,0
1816,-5.349999999999934,-5.04999999999993,37299,19660,0
1817,-5.299999999999933,-4.449999999999921,37711,19660,0
1818,-5.649999999999938,-4.599999999999923,34908,19660,0
1819,-5.549999999999937,9.70000000000028,35994,19660,0
1820,-6.749999999999954,-3.949999999999914,26121,19660,0
1821,-5.74999999999994,-3.3499999999999055,34133,19660,0
1822,-5.09999999999993,7.60000000000025,39552,19660,0
1823,-5.649999999999938,-3.4999999999999076,34930,19660,0
1824,-5.04999999999993,8.35000000000026,39967,19660,0
1825,-5.09999999999993,6.400000000000233,39528,19660,0
1826,-5.649999999999938,-8.899999999999984,34822,19660,0
1827,-7.049999999999958,-4.799999999999926,23704,19660,0
1828,-5.9499999999999424,9.65000000000028,32793,19660,0
1829,-5.04999999999993,5.200000000000216,39904,19660,0
1830,-7.4999999999999645,-4.949999999999928,20101,19660,0
1831,-5.549999999999937,-9.399999999999991,35612,19660,0
1832,-5.449999999999935,7.050000000000242,36741,19660,0
1833,-6.599999999999952,-6.999999999999957,27260,19660,0
1834,-5.849999999999941,-0.24999999999986144,33395,19660,0
1835,-6.7999999999999545,-4.849999999999927,25703,19660,0
1836,-5.349999999999934,1.7000000000001663,37434,19660,0
1837,-5.9499999999999424,4.900000000000212,32698,19660,0
1838,-5.79999999999994,2.950000000000184,33859,19660,0
1839,-6.7999999999999545,-7.349999999999962,25653,19660,0
1840,-7.049999999999958,8.800000000000267,23976,19660,0
1841,-5.09999999999993,1.6000000000001648,39432,19660,0
1842,-5.549999999999937,-3.4999999999999076,35730,19660,0
1843,-6.749999999999954,-8.249999999999975,26035,19660,0
1844,-7.449999999999964,-4.149999999999917,20517,19660,0
1845,-6.149999999999945,7.60000000000025,31152,19660,0
1846,-5.2499999999999325,-2.399999999999892,38152,19660,0
1847,-6.049999999999944,-0.5999999999998664,31788,19660,0
1848,-6.7999999999999545,7.750000000000252,25955,19660,0
1849,-7.399999999999963,3.850000000000197,21077,19660,0
1850,-6.549999999999951,5.400000000000219,27908,19660,0
1851,-5.9499999999999424,-9.199999999999989,32416,19660,0
1852,-6.599999999999952,2.250000000000174,27445,19660,0
1853,-5.299999999999933,-9.34999999999999,37613,19660,0
1854,-6.749999999999954,2.0500000000001712,26241,19660,0
1855,-5.9499999999999424,-4.849999999999927,32503,19660,0
1856,-5.199999999999932,-0.3999999999998636,38592,19660,0
1857,-5.499999999999936,-9.34999999999999,36013,19660,0
1858,-6.699999999999953,-0.7999999999998693,26584,19660,0
1859,-5.299999999999933,-3.8999999999999133,37722,19660,0
1860,-6.199999999999946,-3.6499999999999098,30527,19660,0
1861,-6.949999999999957,0.8500000000001542,24617,19660,0
1862,-6.149999999999945,-9.149999999999988,30817,19660,0
1863,-6.599999999999952,1.6000000000001648,27432,19660,0
1864,-7.19999999999996,-2.749999999999897,22545,19660,0
1865,-5.5999999999999375,0.15000000000014424,35403,19660,0
1866,-6.349999999999948,-0.5499999999998657,29389,19660,0
1867,-5.449999999999935,4.1000000000002,36682,19660,0
1868,-5.549999999999937,-3.299999999999905,35734,19660,0
1869,-7.19999999999996,4.350000000000204,22687,19660,0
1870,-5.04999999999993,-1.3999999999998778,39772,19660,0
1871,-6.849999999999955,-7.699999999999967,25246,19660,0
1872,-7.349999999999962,0.8500000000001542,21417,19660,0
1873,-5.149999999999931,-7.8499999999999694,38843,19660,0
1874,-5.149999999999931,-6.299999999999947,38874,19660,0
1875,-6.349999999999948,-6.749999999999954,29265,19660,0
1876,-5.549999999999937,-5.899999999999942,35682,19660,0
1877,-5.9499999999999424,5.50000000000022,32710,19660,0
1878,-5.79999999999994,-9.799999999999997,33604,19660,0
1879,-7.299999999999962,5.200000000000216,21904,19660,0
1880,-7.299999999999962,-0.9999999999998721,21780,19660,0
1881,-5.9499999999999424,-3.8499999999999126,32523,19660,0
1882,-5.9499999999999424,3.6000000000001933,32672,19660,0
1883,-6.749999999999954,-5.2499999999999325,26095,19660,0
1884,-5.5999999999999375,5.300000000000217,35506,19660,0
1885,-5.349999999999934,-2.6499999999998956,37347,19660,0
1886,-6.49999999999995,-9.399999999999991,28012,19660,0
1887,-5.449999999999935,-3.799999999999912,36524,19660,0
1888,-5.149999999999931,7.650000000000251,39153,19660,0
1889,-5.849999999999941,7.200000000000244,33544,19660,0
1890,-6.49999999999995,2.450000000000177,28249,19660,0
1891,-7.249999999999961,9.900000000000283,22398,19660,0
1892,-5.2499999999999325,-6.49999999999995,38070,19660,0
1893,-5.79999999999994,-8.249999999999975,33635,19660,0
1894,-5.9499999999999424,3.3500000000001897,32667,19660,0
1895,-5.499999999999936,-3.0499999999999012,36139,19660,0
1896,-5.9499999999999424,7.400000000000247,32748,19660,0
1897,-5.2499999999999325,-0.6999999999998678,38186,19660,0
1898,-6.749999999999954,1.3000000000001606,26226,19660,0
1899,-5.699999999999939,-4.39999999999992,34512,19660,0
1900,-6.349999999999948,5.950000000000227,29519,19660,0
1901,-5.74999999999994,8.150000000000258,34363,19660,0
1902,-6.549999999999951,-2.6499999999998956,27747,19660,0
1903,-5.299999999999933,8.30000000000026,37966,19660,0
1904,-6.099999999999945,2.800000000000182,31456,19660,0
1905,-5.79999999999994,7.850000000000254,33957,19660,0
1906,-6.949999999999957,1.1500000000001585,24623,19660,0
1907,-5.499999999999936,9.00000000000027,36380,19660,0
1908,-5.5999999999999375,-3.3499999999999055,35333,19660,0
1909,-5.2499999999999325,-7.1499999999999595,38057,19660,0
1910,-7.349999999999962,9.500000000000277,21590,19660,0
1911,-5.199999999999932,8.700000000000266,38774,19660,0
1912,-6.699999999999953,9.850000000000282,26797,19660,0
1913,-5.299999999999933,6.550000000000235,37931,19660,0
1914,-7.349999999999962,-3.949999999999914,21321,19660,0
1915,-6.399999999999949,4.850000000000211,29097,19660,0
1916,-6.899999999999956,5.200000000000216,25104,19660,0
1917,-5.399999999999935,-8.64999999999998,36827,19660,0
1918,-7.1499999999999595,-2.899999999999899,22942,19660,0
1919,-6.49999999999995,-0.84999999999987,28183,19660,0
1920,-5.299999999999933,-8.449999999999978,37631,19660,0
1921,-7.299999999999962,-1.7999999999998835,21764,19660,0
1922,-6.7999999999999545,-3.399999999999906,25732,19660,0
1923,-5.999999999999943,-9.34999999999999,32013,19660,0
1924,-5.9499999999999424,4.6000000000002075,32692,19660,0
1925,-5.09999999999993,-7.4999999999999645,39250,19660,0
1926,-5.09999999999993,-9.149999999999988,39217,19660,0
1927,-6.099999999999945,-7.449999999999964,31251,19660,0
1928,-6.249999999999947,2.800000000000182,30256,19660,0
1929,-6.099999999999945,4.80000000000021,31496,19660,0
1930,-7.299999999999962,-5.499999999999936,21690,19660,0
1931,-7.4999999999999645,-4.099999999999916,20118,19660,0
1932,-7.19999999999996,-3.6999999999999105,22526,19660,0
1933,-6.949999999999957,5.150000000000215,24703,19660,0
1934,-6.299999999999947,-6.949999999999957,29661,19660,0
1935,-6.349999999999948,6.750000000000238,29535,19660,0
1936,-7.4999999999999645,-3.8499999999999126,20123,19660,0
1937,-6.349999999999948,-6.999999999999957,29260,19660,0
1938,-6.649999999999952,-5.549999999999937,26889,19660,0
1939,-5.999999999999943,-0.09999999999985931,32198,19660,0
1940,-6.099999999999945,-9.149999999999988,31217,19660,0
1941,-5.699999999999939,-2.399999999999892,34552,19660,0
1942,-6.249999999999947,-7.249999999999961,30055,19660,0
1943,-5.79999999999994,-3.1999999999999034,33736,19660,0
1944,-6.199999999999946,1.900000000000169,30638,19660,0
1945,-6.599999999999952,8.050000000000257,27561,19660,0
1946,-7.449999999999964,-1.699999999999882,20566,19660,0
1947,-5.5999999999999375,8.25000000000026,35565,19660,0
1948,-6.349999999999948,1.3500000000001613,29427,19660,0
1949,-5.649999999999938,-7.999999999999972,34840,19660,0
1950,-5.399999999999935,4.6000000000002075,37092,19660,0
1951,-5.899999999999942,6.1500000000002295,33123,19660,0
1952,-5.9499999999999424,8.000000000000256,32760,19660,0
1953,-5.849999999999941,3.300000000000189,33466,19660,0
1954,-6.549999999999951,-5.9499999999999424,27681,19660,0
1955,-5.04999999999993,-7.1499999999999595,39657,19660,0
1956,-6.199999999999946,-1.2999999999998764,30574,19660,0
1957,-5.449999999999935,8.700000000000266,36774,19660,0
1958,-6.599999999999952,-6.7999999999999545,27264,19660,0
1959,-5.09999999999993,-0.4499999999998643,39391,19660,0
1960,-6.199999999999946,-0.84999999999987,30583,19660,0
1961,-5.79999999999994,2.100000000000172,33842,19660,0
1962,-5.299999999999933,-8.999999999999986,37620,19660,0
1963,-5.899999999999942,4.75000000000021,33095,19660,0
1964,-6.4499999999999496,6.250000000000231,28725,19660,0
1965,-7.449999999999964,-9.95,20401,19660,0
1966,-7.299999999999962,-2.7999999999998977,21744,19660,0
1967,-6.249999999999947,4.900000000000212,30298,19660,0
1968,-5.499999999999936,-7.949999999999971,36041,19660,0
1969,-5.999999999999943,5.850000000000225,32317,19660,0
1970,-5.9499999999999424,5.350000000000218,32707,19660,0
1971,-6.999999999999957,-3.8999999999999133,24122,19660,0
1972,-6.149999999999945,5.200000000000216,31104,19660,0
1973,-7.099999999999959,-0.6499999999998671,23387,19660,0
1974,-6.199999999999946,8.700000000000266,30774,19660,0
1975,-5.549999999999937,5.900000000000226,35918,19660,0
1976,-6.49999999999995,9.75000000000028,28395,19660,0
1977,-7.399999999999963,-5.499999999999936,20890,19660,0
1978,-5.2499999999999325,-8.349999999999977,38033,19660,0
1979,-7.399999999999963,-3.299999999999905,20934,19660,0
1980,-6.199999999999946,-1.1499999999998742,30577,19660,0
1981,-6.249999999999947,3.100000000000186,30262,19660,0
1982,-5.399999999999935,-9.099999999999987,36818,19660,0
1983,-6.649999999999952,5.150000000000215,27103,19660,0
1984,-5.2499999999999325,-6.399999999999949,38072,19660,0
1985,-5.2499999999999325,9.850000000000282,38397,19660,0
1986,-6.749999999999954,-4.5499999999999226,26109,19660,0
1987,-6.049999999999944,1.1500000000001585,31823,19660,0
1988,-7.19999999999996,4.000000000000199,22680,19660,0
1989,-6.149999999999945,3.500000000000192,31070,19660,0
1990,-7.349999999999962,-1.54999999999988,21369,19660,0
1991,-5.649999999999938,7.900000000000254,35158,19660,0
1992,-5.649999999999938,6.400000000000233,35128,19660,0
1993,-7.299999999999962,-1.54999999999988,21769,19660,0
1994,-6.199999999999946,-1.9999999999998863,30560,19660,0
1995,-6.999999999999957,-3.099999999999902,24138,19660,0
1996,-5.199999999999932,-9.449999999999992,38411,19660,0
1997,-6.4499999999999496,-8.699999999999982,28426,19660,0
1998,-6.7999999999999545,5.900000000000226,25918,19660,0
1999,-5.74999999999994,1.2500000000001599,34225,19660,0
2000,-7.099999999999959,1.4210854715202004e-13,23400,19660,0
2001,-6.549999999999951,4.300000000000203,27886,19660,0
2002,-5.349999999999934,-6.349999999999948,37273,19660,0
2003,-5.549999999999937,8.30000000000026,35966,19660,0
2004,-6.949999999999957,1.2000000000001592,24624,19660,0
2005,-6.49999999999995,-1.0499999999998728,28179,19660,0
2006,-6.49999999999995,5.50000000000022,28310,19660,0
2007,-6.749999999999954,9.500000000000277,26390,19660,0
2008,-5.499999999999936,9.400000000000276,36388,19660,0
2009,-5.74999999999994,-8.59999999999998,34028,19660,0
2010,-6.999999999999957,8.35000000000026,24367,19660,0
2011,-6.549999999999951,8.850000000000268,27977,19660,0
2012,-6.49999999999995,6.550000000000235,28331,19660,0
2013,-6.999999999999957,7.250000000000245,24345,19660,0
2014,-6.899999999999956,0.8000000000001535,25016,19660,0
2015,-6.099999999999945,-5.79999999999994,31284,19660,0
2016,-6.949999999999957,8.450000000000262,24769,19660,0
2017,-6.949999999999957,6.90000000000024,24738,19660,0
2018,-5.999999999999943,-9.399999999999991,32012,19660,0
2019,-5.9499999999999424,-6.049999999999944,32479,19660,0
2020,-6.49999999999995,-7.549999999999965,28049,19660,0
2021,-5.09999999999993,6.050000000000228,39521,19660,0
2022,-5.349999999999934,8.900000000000269,37578,19660,0
2023,-7.19999999999996,7.050000000000242,22741,19660,0
2024,-6.399999999999949,-6.7999999999999545,28864,19660,0
2025,-6.899999999999956,0.6000000000001506,25012,19660,0
2026,-6.4499999999999496,-10.0,28400,19660,0
2027,-5.199999999999932,-2.7999999999998977,38544,19660,0
2028,-5.349999999999934,0.5000000000001492,37410,19660,0
2029,-6.049999999999944,-1.4499999999998785,31771,19660,0
2030,-6.299999999999947,2.8500000000001826,29857,19660,0
2031,-7.349999999999962,-3.0499999999999012,21339,19660,0
2032,-6.4499999999999496,2.950000000000184,28659,19660,0
2033,-6.4499999999999496,6.950000000000241,28739,19660,0
2034,-6.099999999999945,-4.699999999999925,31306,19660,0
2035,-5.399999999999935,0.05000000000014282,37001,19660,0
2036,-6.349999999999948,-0.29999999999986215,29394,19660,0
2037,-5.699999999999939,-7.999999999999972,34440,19660,0
2038,-5.999999999999943,5.300000000000217,32306,19660,0
2039,-6.599999999999952,-5.549999999999937,27289,19660,0
2040,-6.249999999999947,8.25000000000026,30365,19660,0
2041,-7.249999999999961,-1.7999999999998835,22164,19660,0
2042,-6.699999999999953,-8.049999999999972,26439,19660,0
2043,-5.9499999999999424,2.950000000000184,32659,19660,0
2044,-6.199999999999946,-0.29999999999986215,30594,19660,0
2045,-5.449999999999935,7.900000000000254,36758,19660,0
2046,-5.04999999999993,-4.599999999999923,39708,19660,0
2047,-6.249999999999947,-6.899999999999956,30062,19660,0
2048,-7.4999999999999645,2.800000000000182,20256,19660,0
2049,-6.49999999999995,8.600000000000264,28372,19660,0
2050,-7.349999999999962,0.6000000000001506,21412,19660,0
2051,-6.099999999999945,6.700000000000237,31534,19660,0
2052,-5.79999999999994,-2.2999999999998906,33754,19660,0
2053,-6.049999999999944,-4.849999999999927,31703,19660,0
2054,-6.4499999999999496,4.9500000000002125,28699,19660,0
2055,-7.1499999999999595,-9.849999999999998,22803,19660,0
2056,-7.299999999999962,9.800000000000281,21996,19660,0
2057,-6.399999999999949,4.9500000000002125,29099,19660,0
2058,-6.299999999999947,8.30000000000026,29966,19660,0
2059,-5.699999999999939,7.300000000000246,34746,19660,0
2060,-6.549999999999951,7.750000000000252,27955,19660,0
2061,-6.899999999999956,-4.8999999999999275,24902,19660,0
2062,-7.299999999999962,-6.949999999999957,21661,19660,0
2063,-6.549999999999951,3.450000000000191,27869,19660,0
2064,-7.19999999999996,4.000000000000199,22680,19660,0
2065,-5.9499999999999424,2.300000000000175,32646,19660,0
2066,-7.349999999999962,1.8500000000001684,21437,19660,0
2067,-7.349999999999962,2.400000000000176,21448,19660,0
2068,-7.349999999999962,1.2000000000001592,21424,19660,0
2069,-5.699999999999939,-2.4499999999998927,34551,19660,0
2070,-5.849999999999941,-2.199999999999889,33356,19660,0
2071,-5.04999999999993,-7.1499999999999595,39657,19660,0
2072,-5.5999999999999375,5.300000000000217,35506,19660,0
2073,-5.299999999999933,-4.449999999999921,37711,19660,0
2074,-5.199999999999932,9.900000000000283,38798,19660,0
2075,-6.7999999999999545,-3.8999999999999133,25722,19660,0
2076,-5.499999999999936,-1.2499999999998757,36175,19660,0
2077,-5.899999999999942,2.5000000000001776,33050,19660,0
2078,-5.5999999999999375,-8.949999999999985,35221,19660,0
2079,-6.999999999999957,8.800000000000267,24376,19660,0
2080,-5.04999999999993,5.200000000000216,39904,19660,0
2081,-7.049999999999958,4.1000000000002,23882,19660,0
2082,-6.699999999999953,1.400000000000162,26628,19660,0
2083,-6.149999999999945,7.800000000000253,31156,19660,0
2084,-5.79999999999994,9.400000000000276,33988,19660,0
2085,-7.299999999999962,2.5500000000001783,21851,19660,0
2086,-5.349999999999934,-0.24999999999986144,37395,19660,0
2087,-5.499999999999936,4.900000000000212,36298,19660,0
2088,-5.349999999999934,-3.099999999999902,37338,19660,0
2089,-6.299999999999947,-2.9999999999999005,29740,19660,0
2090,-6.899999999999956,-8.54999999999998,24829,19660,0
2091,-6.149999999999945,1.900000000000169,31038,19660,0
2092,-5.79999999999994,-0.6999999999998678,33786,19660,0
2093,-6.599999999999952,3.2000000000001876,27464,19660,0
2094,-7.1499999999999595,2.950000000000184,23059,19660,0
2095,-7.249999999999961,7.900000000000254,22358,19660,0
2096,-6.099999999999945,1.8500000000001684,31437,19660,0
2097,-6.399999999999949,6.400000000000233,29128,19660,0
2098,-7.399999999999963,-7.449999999999964,20851,19660,0
2099,-5.649999999999938,0.5000000000001492,35010,19660,0
2100,-5.74999999999994,-1.7499999999998828,34165,19660,0
2101,-5.299999999999933,-8.949999999999985,37621,19660,0
2102,-6.099999999999945,-0.24999999999986144,31395,19660,0
2103,-6.699999999999953,-4.34999999999992,26513,19660,0
2104,-6.149999999999945,-6.349999999999948,30873,19660,0
2105,-5.149999999999931,4.400000000000205,39088,19660,0
2106,-5.899999999999942,1.6000000000001648,33032,19660,0
2107,-5.04999999999993,9.400000000000276,39988,19660,0
2108,-6.299999999999947,-2.9499999999999,29741,19660,0
2109,-6.249999999999947,0.10000000000014353,30202,19660,0
2110,-5.449999999999935,-4.39999999999992,36512,19660,0
2111,-6.999999999999957,-5.149999999999931,24097,19660,0
2112,-6.149999999999945,-7.299999999999962,30854,19660,0
2113,-7.19999999999996,-7.349999999999962,22453,19660,0
2114,-5.09999999999993,8.850000000000268,39577,19660,0
2115,-5.499999999999936,9.00000000000027,36380,19660,0
2116,-6.49999999999995,-3.249999999999904,28135,19660,0
2117,-6.699999999999953,8.600000000000264,26772,19660,0
2118,-5.04999999999993,-7.399999999999963,39652,19660,0
2119,-7.449999999999964,7.850000000000254,20757,19660,0
2120,-6.4499999999999496,6.90000000000024,28738,19660,0
2121,-5.199999999999932,-1.7499999999998828,38565,19660,0
2122,-5.09999999999993,9.150000000000272,39583,19660,0
2123,-5.449999999999935,6.050000000000228,36721,19660,0
2124,-5.09999999999993,8.050000000000257,39561,19660,0
2125,-6.349999999999948,8.25000000000026,29565,19660,0
2126,-5.399999999999935,-7.099999999999959,36858,19660,0
2127,-6.149999999999945,-7.449999999999964,30851,19660,0
2128,-7.349999999999962,-7.099999999999959,21258,19660,0
2129,-5.849999999999941,0.3500000000001471,33407,19660,0
2130,-7.4999999999999645,-1.9999999999998863,20160,19660,0
2131,-5.79999999999994,7.450000000000248,33949,19660,0
2132,-5.149999999999931,-4.299999999999919,38914,19660,0
2133,-6.649999999999952,9.600000000000279,27192,19660,0
2134,-6.299999999999947,2.2000000000001734,29844,19660,0
2135,-5.449999999999935,4.400000000000205,36688,19660,0
2136,-5.74999999999994,-6.399999999999949,34072,19660,0
2137,-5.9499999999999424,-5.2499999999999325,32495,19660,0
2138,-5.199999999999932,-7.699999999999967,38446,19660,0
2139,-6.599999999999952,-4.599999999999923,27308,19660,0
2140,-6.149999999999945,-8.149999999999974,30837,19660,0
2141,-7.4999999999999645,-8.899999999999984,20022,19660,0
2142,-7.049999999999958,0.9500000000001556,23819,19660,0
2143,-5.449999999999935,5.300000000000217,36706,19660,0
2144,-6.199999999999946,2.7000000000001805,30654,19660,0
2145,-5.9499999999999424,-9.399999999999991,32412,19660,0
2146,-7.349999999999962,-2.2999999999998906,21354,19660,0
2147,-7.099999999999959,3.4000000000001904,23468,19660,0
2148,-7.1499999999999595,9.550000000000278,23191,19660,0
2149,-5.849999999999941,5.050000000000214,33501,19660,0
2150,-7.449999999999964,6.100000000000229,20722,19660,0
2151,-5.199999999999932,4.850000000000211,38697,19660,0
2152,-7.449999999999964,0.6000000000001506,20612,19660,0
2153,-6.4499999999999496,-8.199999999999974,28436,19660,0
2154,-7.4999999999999645,-0.499999999999865,20190,19660,0
2155,-5.499999999999936,-0.14999999999986002,36197,19660,0
2156,-6.49999999999995,-4.449999999999921,28111,19660,0
2157,-6.299999999999947,5.350000000000218,29907,19660,0
2158,-6.549999999999951,-9.599999999999994,27608,19660,0
2159,-6.949999999999957,-9.699999999999996,24406,19660,0
2160,-5.04999999999993,-2.7999999999998977,39744,19660,0
2161,-6.999999999999957,-3.749999999999911,24125,19660,0
2162,-6.199999999999946,-8.64999999999998,30427,19660,0
2163,-5.349999999999934,6.90000000000024,37538,19660,0
2164,-5.9499999999999424,-8.099999999999973,32438,19660,0
2165,-6.099999999999945,-4.8999999999999275,31302,19660,0
2166,-5.499999999999936,9.350000000000275,36387,19660,0
2167,-7.19999999999996,-4.499999999999922,22510,19660,0
2168,-7.299999999999962,-9.149999999999988,21617,19660,0
2169,-5.09999999999993,-8.999999999999986,39220,19660,0
2170,-5.999999999999943,0.8500000000001542,32217,19660,0
2171,-5.79999999999994,-0.499999999999865,33790,19660,0
2172,-7.299999999999962,7.100000000000243,21942,19660,0
2173,-5.09999999999993,3.7500000000001954,39475,19660,0
2174,-5.549999999999937,9.400000000000276,35988,19660,0
2175,-6.49999999999995,-6.549999999999951,28069,19660,0
2176,-5.899999999999942,5.8000000000002245,33116,19660,0
2177,-6.199999999999946,-3.949999999999914,30521,19660,0
2178,-5.649999999999938,3.4000000000001904,35068,19660,0
2179,-6.249999999999947,-1.7499999999998828,30165,19660,0
2180,-7.449999999999964,-1.0499999999998728,20579,19660,0
2181,-6.949999999999957,-3.749999999999911,24525,19660,0
2182,-6.099999999999945,-2.9499999999999,31341,19660,0
2183,-6.899999999999956,-3.249999999999904,24935,19660,0
2184,-6.249999999999947,1.1500000000001585,30223,19660,0
2185,-5.299999999999933,5.200000000000216,37904,19660,0
2186,-7.399999999999963,0.15000000000014424,21003,19660,0
2187,-7.449999999999964,9.00000000000027,20780,19660,0
2188,-5.2499999999999325,-8.64999999999998,38027,19660,0
2189,-7.399999999999963,3.450000000000191,21069,19660,0
2190,-5.349999999999934,8.800000000000267,37576,19660,0
2191,-7.099999999999959,-8.749999999999982,23225,19660,0
2192,-5.74999999999994,2.250000000000174,34245,19660,0
2193,-7.049999999999958,-6.949999999999957,23661,19660,0
2194,-6.349999999999948,5.50000000000022,29510,19660,0
2195,-5.5999999999999375,-0.8999999999998707,35382,19660,0
2196,-6.7999999999999545,1.6000000000001648,25832,19660,0
2197,-7.249999999999961,-4.999999999999929,22100,19660,0
2198,-7.349999999999962,2.3500000000001755,21447,19660,0
2199,-5.899999999999942,-3.399999999999906,32932,19660,0
2200,-5.999999999999943,-7.649999999999967,32047,19660,0
2201,-6.7999999999999545,-5.5999999999999375,25688,19660,0
2202,-6.049999999999944,8.650000000000265,31973,19660,0
2203,-5.199999999999932,-2.399999999999892,38552,19660,0
2204,-5.349999999999934,-3.6499999999999098,37327,19660,0
2205,-5.9499999999999424,-7.349999999999962,32453,19660,0
2206,-5.9499999999999424,8.650000000000265,32773,19660,0
2207,-5.399999999999935,-9.899999999999999,36802,19660,0
2208,-5.149999999999931,-2.9999999999999005,38940,19660,0
2209,-6.599999999999952,2.9000000000001833,27458,19660,0
2210,-5.04999999999993,4.400000000000205,39888,19660,0
2211,-5.349999999999934,7.800000000000253,37556,19660,0
2212,-5.149999999999931,2.300000000000175,39046,19660,0
2213,-7.099999999999959,-1.3999999999998778,23372,19660,0
2214,-7.099999999999959,-8.64999999999998,23227,19660,0
2215,-6.099999999999945,-8.149999999999974,31237,19660,0
2216,-5.149999999999931,-1.3999999999998778,38972,19660,0
2217,-6.4499999999999496,-1.7499999999998828,28565,19660,0
2218,-7.1499999999999595,-1.54999999999988,22969,19660,0
2219,-5.899999999999942,1.4500000000001627,33029,19660,0
2220,-7.349999999999962,5.600000000000222,21512,19660,0
2221,-6.49999999999995,2.950000000000184,28259,19660,0
2222,-5.09999999999993,-7.399999999999963,39252,19660,0
2223,-5.549999999999937,-1.5999999999998806,35768,19660,0
2224,-5.499999999999936,-7.699999999999967,36046,19660,0
2225,-5.399999999999935,4.550000000000207,37091,19660,0
2226,-6.49999999999995,-1.3999999999998778,28172,19660,0
2227,-5.9499999999999424,4.300000000000203,32686,19660,0
2228,-5.549999999999937,8.100000000000257,35962,19660,0
2229,-6.549999999999951,3.450000000000191,27869,19660,0
2230,-5.9499999999999424,3.3500000000001897,32667,19660,0
2231,-6.999999999999957,-9.449999999999992,24011,19660,0
2232,-5.349999999999934,9.150000000000272,37583,19660,0
2233,-7.19999999999996,-5.149999999999931,22497,19660,0
2234,-5.149999999999931,8.550000000000264,39171,19660,0
2235,-5.149999999999931,-6.4499999999999496,38871,19660,0
2236,-5.199999999999932,-9.34999999999999,38413,19660,0
2237,-5.449999999999935,-7.749999999999968,36445,19660,0
2238,-7.19999999999996,-1.8499999999998842,22563,19660,0
2239,-6.199999999999946,-8.999999999999986,30420,19660,0
2240,-5.79999999999994,5.150000000000215,33903,19660,0
2241,-5.449999999999935,-0.24999999999986144,36595,19660,0
2242,-5.09999999999993,0.10000000000014353,39402,19660,0
2243,-5.74999999999994,2.950000000000184,34259,19660,0
2244,-5.999999999999943,-7.999999999999972,32040,19660,0
2245,-6.249999999999947,2.5000000000001776,30250,19660,0
2246,-5.5999999999999375,9.900000000000283,35598,19660,0
2247,-7.399999999999963,-8.399999999999977,20832,19660,0
2248,-5.899999999999942,-8.949999999999985,32821,19660,0
2249,-6.749999999999954,2.0500000000001712,26241,19660,0
2250,-5.999999999999943,9.300000000000274,32386,19660,0
2251,-5.399999999999935,6.8500000000002395,37137,19660,0
2252,-5.79999999999994,3.3500000000001897,33867,19660,0
2253,-7.399999999999963,7.050000000000242,21141,19660,0
2254,-5.849999999999941,-4.0499999999999154,33319,19660,0
2255,-7.299999999999962,6.450000000000234,21929,19660,0
2256,-7.349999999999962,-0.9999999999998721,21380,19660,0
2257,-5.09999999999993,1.5500000000001641,39431,19660,0
2258,-5.549999999999937,9.950000000000284,35999,19660,0
2259,-7.249999999999961,-7.099999999999959,22058,19660,0
2260,-6.399999999999949,-0.09999999999985931,28998,19660,0
2261,-6.999999999999957,-2.1499999999998884,24157,19660,0
2262,-5.549999999999937,-4.249999999999918,35715,19660,0
2263,-6.299999999999947,8.850000000000268,29977,19660,0
2264,-6.699999999999953,-1.9999999999998863,26560,19660,0
2265,-5.649999999999938,-8.59999999999998,34828,19660,0
2266,-7.349999999999962,9.800000000000281,21596,19660,0
2267,-6.249999999999947,3.6000000000001933,30272,19660,0
2268,-5.499999999999936,-0.34999999999986287,36193,19660,0
2269,-7.349999999999962,0.8500000000001542,21417,19660,0
2270,-7.099999999999959,4.850000000000211,23497,19660,0
2271,-6.399999999999949,0.8000000000001535,29016,19660,0
2272,-5.899999999999942,-8.399999999999977,32832,19660,0
2273,-7.049999999999958,-9.449999999999992,23611,19660,0
2274,-5.999999999999943,0.4000000000001478,32208,19660,0
2275,-5.5999999999999375,-6.999999999999957,35260,19660,0
2276,-6.49999999999995,-1.699999999999882,28166,19660,0
2277,-6.599999999999952,7.050000000000242,27541,19660,0
2278,-6.949999999999957,4.6000000000002075,24692,19660,0
2279,-6.049999999999944,-8.849999999999984,31623,19660,0
2280,-5.199999999999932,-9.399999999999991,38412,19660,0
2281,-5.699999999999939,-7.099999999999959,34458,19660,0
2282,-7.399999999999963,3.150000000000187,21063,19660,0
2283,-5.899999999999942,-9.149999999999988,32817,19660,0
2284,-5.04999999999993,-5.79999999999994,39684,19660,0
2285,-6.699999999999953,-4.099999999999916,26518,19660,0
2286,-6.149999999999945,7.100000000000243,31142,19660,0
2287,-5.449999999999935,8.050000000000257,36761,19660,0
2288,-5.549999999999937,-2.3499999999998913,35753,19660,0
2289,-5.999999999999943,-7.999999999999972,32040,19660,0
2290,-6.699999999999953,9.850000000000282,26797,19660,0
2291,-5.499999999999936,5.200000000000216,36304,19660,0
2292,-7.299999999999962,3.9000000000001975,21878,19660,0
2293,-6.649999999999952,-2.24999999999989,26955,19660,0
2294,-5.999999999999943,-7.449999999999964,32051,19660,0
2295,-7.449999999999964,-6.099999999999945,20478,19660,0
2296,-5.299999999999933,-7.349999999999962,37653,19660,0
2297,-6.7999999999999545,6.650000000000237,25933,19660,0
2298,-7.4999999999999645,-4.799999999999926,20104,19660,0
2299,-5.09999999999993,-9.099999999999987,39218,19660,0
2300,-5.149999999999931,-6.349999999999948,38873,19660,0
2301,-6.049999999999944,9.70000000000028,31994,19660,0
2302,-6.899999999999956,-4.999999999999929,24900,19660,0
2303,-7.099999999999959,-5.199999999999932,23296,19660,0
2304,-7.099999999999959,-9.24999999999999,23215,19660,0
2305,-7.299999999999962,6.90000000000024,21938,19660,0
2306,-6.699999999999953,-6.249999999999947,26475,19660,0
2307,-6.849999999999955,8.900000000000269,25578,19660,0
2308,-7.19999999999996,7.300000000000246,22746,19660,0
2309,-5.649999999999938,2.5500000000001783,35051,19660,0
2310,-5.199999999999932,-8.299999999999976,38434,19660,0
2311,-6.599999999999952,-9.29999999999999,27214,19660,0
2312,-5.499999999999936,-5.549999999999937,36089,19660,0
2313,-5.399999999999935,-2.549999999999894,36949,19660,0
2314,-5.199999999999932,0.8500000000001542,38617,19660,0
2315,-5.449999999999935,6.100000000000229,36722,19660,0
2316,-5.149999999999931,-1.699999999999882,38966,19660,0
2317,-6.549999999999951,2.300000000000175,27846,19660,0
2318,-6.249999999999947,-4.849999999999927,30103,19660,0
2319,-6.699999999999953,-0.4499999999998643,26591,19660,0
2320,-7.19999999999996,6.550000000000235,22731,19660,0
2321,-5.349999999999934,-0.5499999999998657,37389,19660,0
2322,-5.5999999999999375,4.6000000000002075,35492,19660,0
2323,-5.349999999999934,0.05000000000014282,37401,19660,0
2324,-5.549999999999937,2.5500000000001783,35851,19660,0
2325,-7.299999999999962,-4.799999999999926,21704,19660,0
2326,-5.79999999999994,-2.24999999999989,33755,19660,0
2327,-6.7999999999999545,-7.349999999999962,25653,19660,0
2328,-6.749999999999954,-8.899999999999984,26022,19660,0
2329,-6.899999999999956,2.100000000000172,25042,19660,0
2330,-6.899999999999956,-2.24999999999989,24955,19660,0
2331,-5.999999999999943,-5.5999999999999375,32088,19660,0
2332,-5.74999999999994,5.000000000000213,34300,19660,0
2333,-7.4999999999999645,7.650000000000251,20353,19660,0
2334,-5.499999999999936,-5.349999999999934,36093,19660,0
2335,-5.649999999999938,2.100000000000172,35042,19660,0
2336,-6.599999999999952,9.250000000000274,27585,19660,0
2337,-6.949999999999957,9.850000000000282,24797,19660,0
2338,-5.299999999999933,1.900000000000169,37838,19660,0
2339,-6.699999999999953,1.2500000000001599,26625,19660,0
2340,-7.449999999999964,6.550000000000235,20731,19660,0
2341,-5.349999999999934,-0.19999999999986073,37396,19660,0
2342,-5.849999999999941,-1.0499999999998728,33379,19660,0
2343,-6.849999999999955,2.1500000000001727,25443,19660,0
2344,-7.449999999999964,8.900000000000269,20778,19660,0
2345,-6.049999999999944,-5.79999999999994,31684,19660,0
2346,-7.19999999999996,9.65000000000028,22793,19660,0
2347,-6.149999999999945,-7.449999999999964,30851,19660,0
2348,-5.79999999999994,-8.349999999999977,33633,19660,0
2349,-6.549999999999951,2.250000000000174,27845,19660,0
2350,-6.649999999999952,-5.849999999999941,26883,19660,0
2351,-5.899999999999942,-9.649999999999995,32807,19660,0
2352,-5.899999999999942,-0.7499999999998685,32985,19660,0
2353,-5.09999999999993,-3.0499999999999012,39339,19660,0
2354,-7.049999999999958,9.00000000000027,23980,19660,0
2355,-5.9499999999999424,-7.049999999999958,32459,19660,0
2356,-6.849999999999955,1.5000000000001634,25430,19660,0
2357,-6.599999999999952,8.100000000000257,27562,19660,0
2358,-7.449999999999964,-1.54999999999988,20569,19660,0
2359,-6.7999999999999545,-6.349999999999948,25673,19660,0
2360,-6.049999999999944,0.10000000000014353,31802,19660,0
2361,-6.949999999999957,-1.6499999999998813,24567,19660,0
2362,-6.4499999999999496,-3.249999999999904,28535,19660,0
2363,-6.199999999999946,-4.099999999999916,30518,19660,0
2364,-6.7999999999999545,-3.949999999999914,25721,19660,0
2365,-5.9499999999999424,2.0500000000001712,32641,19660,0
2366,-7.449999999999964,5.000000000000213,20700,19660,0
2367,-6.749999999999954,-0.7999999999998693,26184,19660,0
2368,-6.49999999999995,-1.1499999999998742,28177,19660,0
2369,-6.549999999999951,-3.799999999999912,27724,19660,0
2370,-7.399999999999963,3.7000000000001947,21074,19660,0
2371,-7.399999999999963,-6.199999999999946,20876,19660,0
2372,-5.299999999999933,-5.9499999999999424,37681,19660,0
2373,-5.9499999999999424,-6.099999999999945,32478,19660,0
2374,-6.999999999999957,-6.049999999999944,24079,19660,0
2375,-6.699999999999953,3.0000000000001847,26660,19660,0
2376,-6.749999999999954,3.7500000000001954,26275,19660,0
2377,-6.299999999999947,8.050000000000257,29961,19660,0
2378,-5.149999999999931,-3.3499999999999055,38933,19660,0
2379,-6.149999999999945,3.7000000000001947,31074,19660,0
2380,-5.09999999999993,9.00000000000027,39580,19660,0
2381,-5.499999999999936,1.7000000000001663,36234,19660,0
2382,-5.549999999999937,7.150000000000244,35943,19660,0
2383,-5.79999999999994,8.600000000000264,33972,19660,0
2384,-5.699999999999939,-7.749999999999968,34445,19660,0
2385,-6.7999999999999545,5.600000000000222,25912,19660,0
2386,-6.999999999999957,-9.449999999999992,24011,19660,0
2387,-7.19999999999996,-6.599999999999952,22468,19660,0
2388,-5.449999999999935,-0.19999999999986073,36596,19660,0
2389,-6.699999999999953,-7.299999999999962,26454,19660,0
2390,-5.849999999999941,-2.599999999999895,33348,19660,0
2391,-5.2499999999999325,-2.3499999999998913,38153,19660,0
2392,-7.1499999999999595,7.250000000000245,23145,19660,0
2393,-5.149999999999931,4.550000000000207,39091,19660,0
2394,-6.349999999999948,4.350000000000204,29487,19660,0
2395,-6.399999999999949,1.5000000000001634,29030,19660,0
2396,-6.999999999999957,8.900000000000269,24378,19660,0
2397,-5.04999999999993,-5.699999999999939,39686,19660,0
2398,-6.899999999999956,-9.399999999999991,24812,19660,0
2399,-5.74999999999994,8.500000000000263,34370,19660,0
2400,-5.79999999999994,0.5000000000001492,33810,19660,0
2401,-5.849999999999941,2.950000000000184,33459,19660,0
2402,-5.5999999999999375,0.05000000000014282,35401,19660,0
2403,-7.399999999999963,-0.34999999999986287,20993,19660,0
2404,-7.19999999999996,0.3500000000001471,22607,19660,0
2405,-6.899999999999956,4.000000000000199,25080,19660,0
2406,-5.5999999999999375,1.3000000000001606,35426,19660,0
2407,-6.549999999999951,8.25000000000026,27965,19660,0
2408,-5.2499999999999325,7.150000000000244,38343,19660,0
2409,-5.9499999999999424,6.650000000000237,32733,19660,0
2410,-5.79999999999994,4.9500000000002125,33899,19660,0
2411,-6.649999999999952,0.10000000000014353,27002,19660,0
2412,-6.099999999999945,-9.34999999999999,31213,19660,0
2413,-6.249999999999947,-2.4999999999998934,30150,19660,0
2414,-7.349999999999962,-9.799999999999997,21204,19660,0
2415,-6.149999999999945,1.8000000000001677,31036,19660,0
2416,-6.7999999999999545,0.3500000000001471,25807,19660,0
2417,-5.09999999999993,-4.5499999999999226,39309,19660,0
2418,-5.999999999999943,2.9000000000001833,32258,19660,0
2419,-6.599999999999952,-7.399999999999963,27252,19660,0
2420,-6.249999999999947,6.650000000000237,30333,19660,0
2421,-5.499999999999936,6.5000000000002345,36330,19660,0
2422,-6.299999999999947,-5.649999999999938,29687,19660,0
2423,-6.899999999999956,-6.649999999999952,24867,19660,0
2424,-6.749999999999954,3.800000000000196,26276,19660,0
2425,-7.299999999999962,-1.0999999999998735,21778,19660,0
2426,-6.849999999999955,1.5500000000001641,25431,19660,0
2427,-6.299999999999947,-0.9499999999998714,29781,19660,0
2428,-6.849999999999955,-8.59999999999998,25228,19660,0
2429,-7.099999999999959,-3.1499999999999027,23337,19660,0
2430,-6.549999999999951,4.6000000000002075,27892,19660,0
2431,-5.399999999999935,-9.449999999999992,36811,19660,0
2432,-6.649999999999952,2.0500000000001712,27041,19660,0
2433,-7.1499999999999595,7.800000000000253,23156,19660,0
2434,-6.749999999999954,-4.649999999999924,26107,19660,0
2435,-7.349999999999962,-0.8999999999998707,21382,19660,0
2436,-7.399999999999963,-5.499999999999936,20890,19660,0
2437,-5.899999999999942,-1.2999999999998764,32974,19660,0
2438,-6.899999999999956,9.950000000000284,25199,19660,0
2439,-5.74999999999994,2.7000000000001805,34254,19660,0
2440,-6.599999999999952,6.550000000000235,27531,19660,0
2441,-5.79999999999994,8.100000000000257,33962,19660,0
2442,-6.049999999999944,-9.24999999999999,31615,19660,0
2443,-6.899999999999956,2.450000000000177,25049,19660,0
2444,-5.149999999999931,1.3500000000001613,39027,19660,0
2445,-6.949999999999957,4.2500000000002025,24685,19660,0
2446,-6.949999999999957,-3.1999999999999034,24536,19660,0
2447,-7.449999999999964,-1.5999999999998806,20568,19660,0
2448,-6.949999999999957,6.050000000000228,24721,19660,0
2449,-5.199999999999932,-6.7999999999999545,38464,19660,0
2450,-6.199999999999946,2.3500000000001755,30647,19660,0
2451,-6.699999999999953,7.800000000000253,26756,19660,0
2452,-6.099999999999945,5.300000000000217,31506,19660,0
2453,-6.899999999999956,8.700000000000266,25174,19660,0
2454,-7.19999999999996,-5.79999999999994,22484,19660,0
2455,-6.699999999999953,0.7000000000001521,26614,19660,0
2456,-5.899999999999942,2.6500000000001798,33053,19660,0
2457,-6.4499999999999496,7.450000000000248,28749,19660,0
2458,-7.399999999999963,8.500000000000263,21170,19660,0
2459,-5.04999999999993,-6.949999999999957,39661,19660,0
2460,-6.299999999999947,-9.199999999999989,29616,19660,0
2461,-6.299999999999947,-7.799999999999969,29644,19660,0
2462,-6.7999999999999545,9.550000000000278,25991,19660,0
2463,-6.049999999999944,-2.549999999999894,31749,19660,0
2464,-5.449999999999935,7.500000000000249,36750,19660,0
2465,-5.349999999999934,-5.449999999999935,37291,19660,0
2466,-6.699999999999953,0.20000000000014495,26604,19660,0
2467,-5.04999999999993,-4.199999999999918,39716,19660,0
2468,-5.999999999999943,3.500000000000192,32270,19660,0
2469,-5.09999999999993,-5.549999999999937,39289,19660,0
2470,-6.4499999999999496,0.15000000000014424,28603,19660,0
2471,-6.7999999999999545,-7.699999999999967,25646,19660,0
2472,-7.249999999999961,-6.49999999999995,22070,19660,0
2473,-5.09999999999993,-3.5499999999999083,39329,19660,0
2474,-5.499999999999936,1.5500000000001641,36231,19660,0
2475,-6.049999999999944,2.5000000000001776,31850,19660,0
2476,-6.049999999999944,7.100000000000243,31942,19660,0
2477,-5.899999999999942,-0.34999999999986287,32993,19660,0
2478,-6.4499999999999496,-2.4999999999998934,28550,19660,0
2479,-7.349999999999962,-1.7999999999998835,21364,19660,0
2480,-5.849999999999941,-5.649999999999938,33287,19660,0
2481,-5.199999999999932,-4.749999999999925,38505,19660,0
2482,-6.649999999999952,2.750000000000181,27055,19660,0
2483,-6.599999999999952,4.000000000000199,27480,19660,0
2484,-6.749999999999954,6.050000000000228,26321,19660,0
2485,-6.649999999999952,-8.299999999999976,26834,19660,0
2486,-6.599999999999952,1.5500000000001641,27431,19660,0
2487,-6.949999999999957,0.8000000000001535,24616,19660,0
2488,-5.9499999999999424,-8.099999999999973,32438,19660,0
2489,-6.049999999999944,0.6500000000001513,31813,19660,0
2490,-5.299999999999933,-7.949999999999971,37641,19660,0
2491,-5.899999999999942,-8.449999999999978,32831,19660,0
2492,-6.549999999999951,2.5500000000001783,27851,19660,0
2493,-7.249999999999961,-0.6999999999998678,22186,19660,0
2494,-7.449999999999964,5.400000000000219,20708,19660,0
2495,-5.5999999999999375,-0.499999999999865,35390,19660,0
2496,-6.699999999999953,-3.799999999999912,26524,19660,0
2497,-5.149999999999931,-0.7999999999998693,38984,19660,0
2498,-6.949999999999957,5.600000000000222,24712,19660,0
2499,-5.399999999999935,-2.4499999999998927,36951,19660,0
2500,-7.449999999999964,-2.749999999999897,20545,19660,0
2501,-7.049999999999958,-7.599999999999966,23648,19660,0
2502,-5.899999999999942,9.75000000000028,33195,19660,0
2503,-6.749999999999954,-3.8499999999999126,26123,19660,0
2504,-6.149999999999945,1.7000000000001663,31034,19660,0
2505,-7.1499999999999595,-2.9499999999999,22941,19660,0
2506,-5.349999999999934,-6.599999999999952,37268,19660,0
2507,-5.699999999999939,-0.24999999999986144,34595,19660,0
2508,-6.699999999999953,-2.4999999999998934,26550,19660,0
2509,-7.099999999999959,-9.699999999999996,23206,19660,0
2510,-5.999999999999943,-3.8999999999999133,32122,19660,0
2511,-7.099999999999959,-0.6499999999998671,23387,19660,0
2512,-6.749999999999954,-4.849999999999927,26103,19660,0
2513,-6.4499999999999496,6.350000000000232,28727,19660,0
2514,-6.099999999999945,-1.699999999999882,31366,19660,0
2515,-5.549999999999937,5.45000000000022,35909,19660,0
2516,-6.049999999999944,8.050000000000257,31961,19660,0
2517,-7.299999999999962,0.10000000000014353,21802,19660,0
2518,-7.1499999999999595,3.9500000000001982,23079,19660,0
2519,-6.099999999999945,4.850000000000211,31497,19660,0
2520,-6.299999999999947,3.5500000000001926,29871,19660,0
2521,-5.04999999999993,5.200000000000216,39904,19660,0
2522,-6.149999999999945,5.700000000000223,31114,19660,0
2523,-5.999999999999943,-7.799999999999969,32044,19660,0
2524,-5.9499999999999424,-1.0499999999998728,32579,19660,0
2525,-6.149999999999945,0.7000000000001521,31014,19660,0
2526,-6.599999999999952,-0.7499999999998685,27385,19660,0
2527,-6.549999999999951,-3.749999999999911,27725,19660,0
2528,-5.5999999999999375,4.900000000000212,35498,19660,0
2529,-6.649999999999952,-9.799999999999997,26804,19660,0
2530,-7.19999999999996,4.000000000000199,22680,19660,0
2531,-6.099999999999945,1.5500000000001641,31431,19660,0
2532,-6.199999999999946,-5.09999999999993,30498,19660,0
2533,-5.449999999999935,6.750000000000238,36735,19660,0
2534,-5.149999999999931,4.6000000000002075,39092,19660,0
2535,-7.449999999999964,5.050000000000214,20701,19660,0
2536,-7.1499999999999595,-1.349999999999877,22973,19660,0
2537,-6.049999999999944,6.90000000000024,31938,19660,0
2538,-5.9499999999999424,4.000000000000199,32680,19660,0
2539,-7.099999999999959,-3.5499999999999083,23329,19660,0
2540,-6.249999999999947,-8.199999999999974,30036,19660,0
2541,-6.249999999999947,1.3000000000001606,30226,19660,0
2542,-6.299999999999947,-6.699999999999953,29666,19660,0
2543,-7.349999999999962,7.350000000000247,21547,19660,0
2544,-6.049999999999944,7.550000000000249,31951,19660,0
2545,-6.049999999999944,-2.4499999999998927,31751,19660,0
2546,-5.09999999999993,-4.599999999999923,39308,19660,0
2547,-5.399999999999935,1.4210854715202004e-13,37000,19660,0
2548,-6.49999999999995,5.350000000000218,28307,19660,0
2549,-5.399999999999935,-6.349999999999948,36873,19660,0
2550,-5.09999999999993,-2.399999999999892,39352,19660,0
2551,-7.299999999999962,3.9500000000001982,21879,19660,0
2552,-6.599999999999952,-9.599999999999994,27208,19660,0
2553,-7.19999999999996,-2.9999999999999005,22540,19660,0
2554,-6.4499999999999496,9.600000000000279,28792,19660,0
2555,-5.349999999999934,-6.349999999999948,37273,19660,0
2556,-5.2499999999999325,-2.6499999999998956,38147,19660,0
2557,-5.2499999999999325,-6.849999999999955,38063,19660,0
2558,-5.899999999999942,6.1500000000002295,33123,19660,0
2559,-7.299999999999962,0.10000000000014353,21802,19660,0
2560,-6.4499999999999496,-1.2999999999998764,28574,19660,0
2561,-6.599999999999952,-2.899999999999899,27342,19660,0
2562,-6.349999999999948,3.150000000000187,29463,19660,0
2563,-7.1499999999999595,4.350000000000204,23087,19660,0
2564,-7.449999999999964,-8.899999999999984,20422,19660,0
2565,-6.4499999999999496,8.650000000000265,28773,19660,0
2566,-5.2499999999999325,4.900000000000212,38298,19660,0
2567,-6.149999999999945,5.850000000000225,31117,19660,0
2568,-6.999999999999957,4.000000000000199,24280,19660,0
2569,-7.449999999999964,9.75000000000028,20795,19660,0
2570,-6.199999999999946,9.00000000000027,30780,19660,0
2571,-6.999999999999957,-5.549999999999937,24089,19660,0
2572,-5.04999999999993,-4.249999999999918,39715,19660,0
2573,-7.1499999999999595,-8.699999999999982,22826,19660,0
2574,-5.649999999999938,1.3500000000001613,35027,19660,0
2575,-7.249999999999961,6.050000000000228,22321,19660,0
2576,-6.649999999999952,-5.79999999999994,26884,19660,0
2577,-5.999999999999943,-0.3999999999998636,32192,19660,0
2578,-7.299999999999962,-2.3499999999998913,21753,19660,0
2579,-7.449999999999964,8.850000000000268,20777,19660,0
2580,-6.849999999999955,4.850000000000211,25497,19660,0
2581,-6.699999999999953,-2.399999999999892,26552,19660,0
2582,-5.5999999999999375,7.500000000000249,35550,19660,0
2583,-6.099999999999945,-0.14999999999986002,31397,19660,0
2584,-6.649999999999952,1.6000000000001648,27032,19660,0
2585,-5.09999999999993,7.300000000000246,39546,19660,0
2586,-5.09999999999993,6.8500000000002395,39537,19660,0
2587,-7.099999999999959,8.450000000000262,23569,19660,0
2588,-6.949999999999957,-9.34999999999999,24413,19660,0
2589,-5.2499999999999325,-5.74999999999994,38085,19660,0
2590,-5.09999999999993,0.5500000000001499,39411,19660,0
2591,-6.49999999999995,-0.5499999999998657,28189,19660,0
2592,-6.399999999999949,1.400000000000162,29028,19660,0
2593,-6.649999999999952,-0.29999999999986215,26994,19660,0
2594,-5.649999999999938,2.1500000000001727,35043,19660,0
2595,-7.249999999999961,3.7500000000001954,22275,19660,0
2596,-5.9499999999999424,-1.8499999999998842,32563,19660,0
2597,-6.599999999999952,-7.649999999999967,27247,19660,0
2598,-6.349999999999948,9.75000000000028,29595,19660,0
2599,-5.449999999999935,-0.8999999999998707,36582,19660,0
2600,-5.899999999999942,-1.3999999999998778,32972,19660,0
2601,-5.999999999999943,4.500000000000206,32290,19660,0
2602,-6.849999999999955,-4.699999999999925,25306,19660,0
2603,-5.849999999999941,-1.3999999999998778,33372,19660,0
2604,-5.349999999999934,6.800000000000239,37536,19660,0
2605,-7.299999999999962,-3.449999999999907,21731,19660,0
2606,-5.199999999999932,-4.8999999999999275,38502,19660,0
2607,-7.449999999999964,-9.199999999999989,20416,19660,0
2608,-7.1499999999999595,-3.299999999999905,22934,19660,0
2609,-5.199999999999932,1.400000000000162,38628,19660,0
2610,-5.299999999999933,-2.0999999999998877,37758,19660,0
2611,-6.049999999999944,2.600000000000179,31852,19660,0
2612,-5.349999999999934,-9.95,37201,19660,0
2613,-6.099999999999945,-2.9999999999999005,31340,19660,0
2614,-7.449999999999964,-9.499999999999993,20410,19660,0
2615,-6.599999999999952,7.050000000000242,27541,19660,0
2616,-7.399999999999963,-3.099999999999902,20938,19660,0
2617,-6.649999999999952,-4.799999999999926,26904,19660,0
2618,-7.1499999999999595,0.6000000000001506,23012,19660,0
2619,-6.549999999999951,6.90000000000024,27938,19660,0
2620,-6.649999999999952,9.800000000000281,27196,19660,0
2621,-7.449999999999964,1.2500000000001599,20625,19660,0
2622,-5.499999999999936,-7.649999999999967,36047,19660,0
2623,-5.499999999999936,2.5500000000001783,36251,19660,0
2624,-6.949999999999957,-5.2499999999999325,24495,19660,0
2625,-5.549999999999937,0.30000000000014637,35806,19660,0
2626,-5.449999999999935,-2.049999999999887,36559,19660,0
2627,-5.5999999999999375,-4.099999999999916,35318,19660,0
2628,-6.149999999999945,-8.59999999999998,30828,19660,0
2629,-5.449999999999935,-4.199999999999918,36516,19660,0
2630,-7.049999999999958,-6.7999999999999545,23664,19660,0
2631,-7.399999999999963,6.650000000000237,21133,19660,0
2632,-7.299999999999962,-1.5999999999998806,21768,19660,0
2633,-6.699999999999953,-7.649999999999967,26447,19660,0
2634,-6.649999999999952,-9.749999999999996,26805,19660,0
2635,-7.249999999999961,-7.449999999999964,22051,19660,0
2636,-5.74999999999994,1.5500000000001641,34231,19660,0
2637,-6.249999999999947,-1.4499999999998785,30171,19660,0
2638,-5.79999999999994,2.750000000000181,33855,19660,0
2639,-5.899999999999942,5.650000000000222,33113,19660,0
2640,-6.4499999999999496,6.550000000000235,28731,19660,0
2641,-7.449999999999964,-6.049999999999944,20479,19660,0
2642,-5.449999999999935,-9.599999999999994,36408,19660,0
2643,-6.7999999999999545,-3.1499999999999027,25737,19660,0
2644,-6.349999999999948,8.600000000000264,29572,19660,0
2645,-5.199999999999932,5.150000000000215,38703,19660,0
2646,-6.299999999999947,0.8500000000001542,29817,19660,0
2647,-6.099999999999945,-0.5999999999998664,31388,19660,0
2648,-6.999999999999957,-5.149999999999931,24097,19660,0
2649,-5.849999999999941,-5.04999999999993,33299,19660,0
2650,-5.999999999999943,-4.299999999999919,32114,19660,0
2651,-7.399999999999963,-0.29999999999986215,20994,19660,0
2652,-6.599999999999952,1.5000000000001634,27430,19660,0
2653,-6.549999999999951,-6.49999999999995,27670,19660,0
2654,-5.9499999999999424,-7.949999999999971,32441,19660,0
2655,-6.899999999999956,-2.549999999999894,24949,19660,0
2656,-5.74999999999994,-7.949999999999971,34041,19660,0
2657,-5.9499999999999424,-3.6499999999999098,32527,19660,0
2658,-5.899999999999942,-9.549999999999994,32809,19660,0
2659,-6.949999999999957,4.000000000000199,24680,19660,0
2660,-5.09999999999993,-8.399999999999977,39232,19660,0
2661,-7.249999999999961,6.250000000000231,22325,19660,0
2662,-5.79999999999994,6.450000000000234,33929,19660,0
2663,-6.299999999999947,5.45000000000022,29909,19660,0
2664,-7.099999999999959,-4.099999999999916,23318,19660,0
2665,-5.999999999999943,-0.29999999999986215,32194,19660,0
2666,-5.04999999999993,8.400000000000261,39968,19660,0
2667,-7.099999999999959,-3.099999999999902,23338,19660,0
2668,-5.449999999999935,-1.899999999999885,36562,19660,0
2669,-5.649999999999938,4.450000000000205,35089,19660,0
2670,-6.249999999999947,-0.499999999999865,30190,19660,0
2671,-6.399999999999949,-2.6999999999998963,28946,19660,0
2672,-7.049999999999958,4.75000000000021,23895,19660,0
2673,-6.099999999999945,-0.7999999999998693,31384,19660,0
2674,-5.2499999999999325,-5.849999999999941,38083,19660,0
2675,-6.849999999999955,8.35000000000026,25567,19660,0
2676,-6.399999999999949,-8.149999999999974,28837,19660,0
2677,-7.099999999999959,2.250000000000174,23445,19660,0
2678,-6.949999999999957,0.15000000000014424,24603,19660,0
2679,-5.09999999999993,-4.5499999999999226,39309,19660,0
2680,-6.999999999999957,7.500000000000249,24350,19660,0
2681,-5.699999999999939,1.7000000000001663,34634,19660,0
2682,-5.199999999999932,-8.249999999999975,38435,19660,0
2683,-5.299999999999933,-10.0,37600,19660,0
2684,-5.349999999999934,-2.6999999999998963,37346,19660,0
2685,-5.549999999999937,0.20000000000014495,35804,19660,0
2686,-6.49999999999995,-3.8499999999999126,28123,19660,0
2687,-5.999999999999943,9.300000000000274,32386,19660,0
2688,-6.099999999999945,5.950000000000227,31519,19660,0
2689,-5.399999999999935,-3.6999999999999105,36926,19660,0
2690,-6.299999999999947,-3.249999999999904,29735,19660,0
2691,-5.74999999999994,-8.399999999999977,34032,19660,0
2692,-6.49999999999995,-7.399999999999963,28052,19660,0
2693,-5.699999999999939,6.050000000000228,34721,19660,0
2694,-7.399999999999963,7.350000000000247,21147,19660,0
2695,-6.849999999999955,9.05000000000027,25581,19660,0
2696,-5.09999999999993,0.4000000000001478,39408,19660,0
2697,-5.299999999999933,-5.2499999999999325,37695,19660,0
2698,-6.899999999999956,4.400000000000205,25088,19660,0
2699,-6.299999999999947,-0.9499999999998714,29781,19660,0
2700,-7.299999999999962,-6.7999999999999545,21664,19660,0
2701,-5.549999999999937,-1.699999999999882,35766,19660,0
2702,-7.349999999999962,-7.699999999999967,21246,19660,0
2703,-7.099999999999959,-6.199999999999946,23276,19660,0
2704,-6.199999999999946,-2.1499999999998884,30557,19660,0
2705,-6.349999999999948,5.150000000000215,29503,19660,0
2706,-5.849999999999941,-8.099999999999973,33238,19660,0
2707,-5.699999999999939,7.850000000000254,34757,19660,0
2708,-5.04999999999993,-1.349999999999877,39773,19660,0
2709,-5.299999999999933,-4.799999999999926,37704,19660,0
2710,-7.449999999999964,5.150000000000215,20703,19660,0
2711,-7.049999999999958,-0.19999999999986073,23796,19660,0
2712,-6.199999999999946,-7.649999999999967,30447,19660,0
2713,-6.4499999999999496,8.30000000000026,28766,19660,0
2714,-6.4499999999999496,-0.7999999999998693,28584,19660,0
2715,-6.7999999999999545,-1.1499999999998742,25777,19660,0
2716,-6.349999999999948,-7.8499999999999694,29243,19660,0
2717,-7.299999999999962,-2.6499999999998956,21747,19660,0
2718,-6.999999999999957,-2.1499999999998884,24157,19660,0
2719,-6.149999999999945,7.350000000000247,31147,19660,0
2720,-6.599999999999952,-5.499999999999936,27290,19660,0
2721,-7.049999999999958,8.000000000000256,23960,19660,0
2722,-5.649999999999938,-2.599999999999895,34948,19660,0
2723,-6.299999999999947,-3.099999999999902,29738,19660,0
2724,-6.149999999999945,-9.699999999999996,30806,19660,0
2725,-6.749999999999954,1.1500000000001585,26223,19660,0
2726,-7.449999999999964,-2.1499999999998884,20557,19660,0
2727,-6.149999999999945,1.0000000000001563,31020,19660,0
2728,-6.049999999999944,-5.549999999999937,31689,19660,0
2729,-5.2499999999999325,-6.149999999999945,38077,19660,0
2730,-6.149999999999945,0.5500000000001499,31011,19660,0
2731,-6.149999999999945,-8.749999999999982,30825,19660,0
2732,-6.099999999999945,-2.0999999999998877,31358,19660,0
2733,-7.4999999999999645,-3.5499999999999083,20129,19660,0
2734,-5.199999999999932,0.30000000000014637,38606,19660,0
2735,-6.199999999999946,-2.0999999999998877,30558,19660,0
2736,-5.299999999999933,9.00000000000027,37980,19660,0
2737,-5.349999999999934,3.2500000000001883,37465,19660,0
2738,-7.449999999999964,8.750000000000266,20775,19660,0
2739,-5.649999999999938,-0.5499999999998657,34989,19660,0
2740,-6.249999999999947,0.8000000000001535,30216,19660,0
2741,-6.249999999999947,2.9000000000001833,30258,19660,0
2742,-7.249999999999961,1.5500000000001641,22231,19660,0
2743,-5.649999999999938,3.5500000000001926,35071,19660,0
2744,-7.349999999999962,-3.799999999999912,21324,19660,0
2745,-6.599999999999952,-2.749999999999897,27345,19660,0
2746,-6.149999999999945,-1.4999999999998792,30970,19660,0
2747,-6.7999999999999545,5.250000000000217,25905,19660,0
2748,-5.9499999999999424,-7.799999999999969,32444,19660,0
2749,-7.349999999999962,4.9500000000002125,21499,19660,0
2750,-6.649999999999952,-1.1499999999998742,26977,19660,0
2751,-5.299999999999933,2.800000000000182,37856,19660,0
2752,-6.349999999999948,8.600000000000264,29572,19660,0
2753,-5.399999999999935,-8.299999999999976,36834,19660,0
2754,-6.599999999999952,-3.6999999999999105,27326,19660,0
2755,-7.299999999999962,0.05000000000014282,21801,19660,0
2756,-5.299999999999933,-4.799999999999926,37704,19660,0
2757,-7.19999999999996,8.95000000000027,22779,19660,0
2758,-5.349999999999934,8.150000000000258,37563,19660,0
2759,-5.2499999999999325,2.800000000000182,38256,19660,0
2760,-5.199999999999932,-0.9999999999998721,38580,19660,0
2761,-5.349999999999934,-5.2499999999999325,37295,19660,0
2762,-5.999999999999943,9.550000000000278,32391,19660,0
2763,-6.7999999999999545,-8.949999999999985,25621,19660,0
2764,-7.349999999999962,6.450000000000234,21529,19660,0
2765,-7.049999999999958,1.8000000000001677,23836,19660,0
2766,-7.1499999999999595,0.8500000000001542,23017,19660,0
2767,-6.999999999999957,9.65000000000028,24393,19660,0
2768,-7.049999999999958,-4.299999999999919,23714,19660,0
2769,-5.849999999999941,8.650000000000265,33573,19660,0
2770,-6.7999999999999545,-4.0499999999999154,25719,19660,0
2771,-5.04999999999993,-7.249999999999961,39655,19660,0
2772,-6.149999999999945,-5.349999999999934,30893,19660,0
2773,-6.099999999999945,9.05000000000027,31581,19660,0
2774,-6.399999999999949,8.450000000000262,29169,19660,0
2775,-6.599999999999952,9.75000000000028,27595,19660,0
2776,-5.849999999999941,2.7000000000001805,33454,19660,0
2777,-6.699999999999953,-5.549999999999937,26489,19660,0
2778,-5.899999999999942,1.8000000000001677,33036,19660,0
2779,-6.49999999999995,7.150000000000244,28343,19660,0
2780,-5.899999999999942,-6.899999999999956,32862,19660,0
2781,-6.49999999999995,2.100000000000172,28242,19660,0
2782,-5.649999999999938,6.5000000000002345,35130,19660,0
2783,-5.09999999999993,-7.799999999999969,39244,19660,0
2784,-6.099999999999945,-1.5999999999998806,31368,19660,0
2785,-5.899999999999942,-9.749999999999996,32805,19660,0
2786,-5.9499999999999424,8.150000000000258,32763,19660,0
2787,-5.549999999999937,-3.5499999999999083,35729,19660,0
2788,-6.199999999999946,6.600000000000236,30732,19660,0
2789,-6.49999999999995,9.200000000000273,28384,19660,0
2790,-5.349999999999934,5.100000000000215,37502,19660,0
2791,-6.849999999999955,-1.54999999999988,25369,19660,0
2792,-5.649999999999938,1.0000000000001563,35020,19660,0
2793,-5.399999999999935,-3.749999999999911,36925,19660,0
2794,-7.449999999999964,-7.249999999999961,20455,19660,0
2795,-7.049999999999958,-8.399999999999977,23632,19660,0
2796,-7.19999999999996,-0.5999999999998664,22588,19660,0
2797,-6.199999999999946,3.2500000000001883,30665,19660,0
2798,-6.399999999999949,-1.4999999999998792,28970,19660,0
2799,-7.049999999999958,-8.949999999999985,23621,19660,0
2800,-6.699999999999953,4.1000000000002,26682,19660,0
2801,-6.999999999999957,1.6000000000001648,24232,19660,0
2802,-5.149999999999931,-1.8499999999998842,38963,19660,0
2803,-6.7999999999999545,-3.4999999999999076,25730,19660,0
2804,-6.299999999999947,-2.9499999999999,29741,19660,0
2805,-7.099999999999959,-2.899999999999899,23342,19660,0
2806,-5.349999999999934,-8.449999999999978,37231,19660,0
2807,-6.899999999999956,-0.7499999999998685,24985,19660,0
2808,-7.299999999999962,9.05000000000027,21981,19660,0
2809,-6.699999999999953,9.200000000000273,26784,19660,0
2810,-5.649999999999938,3.100000000000186,35062,19660,0
2811,-5.699999999999939,2.6500000000001798,34653,19660,0
2812,-6.349999999999948,-5.499999999999936,29290,19660,0
2813,-6.949999999999957,-5.699999999999939,24486,19660,0
2814,-7.1499999999999595,3.6000000000001933,23072,19660,0
2815,-5.549999999999937,4.000000000000199,35880,19660,0
2816,-6.949999999999957,-0.8999999999998707,24582,19660,0
2817,-6.249999999999947,4.350000000000204,30287,19660,0
2818,-5.5999999999999375,-7.049999999999958,35259,19660,0
2819,-7.4999999999999645,-3.1499999999999027,20137,19660,0
2820,-7.299999999999962,-6.999999999999957,21660,19660,0
2821,-6.849999999999955,3.300000000000189,25466,19660,0
2822,-6.749999999999954,9.150000000000272,26383,19660,0
2823,-6.4499999999999496,-3.799999999999912,28524,19660,0
2824,-5.699999999999939,-9.149999999999988,34417,19660,0
2825,-6.999999999999957,0.30000000000014637,24206,19660,0
2826,-5.149999999999931,-4.699999999999925,38906,19660,0
2827,-5.299999999999933,-1.4499999999998785,37771,19660,0
2828,-5.999999999999943,-7.89999999999997,32042,19660,0
2829,-7.099999999999959,-3.8499999999999126,23323,19660,0
2830,-6.599999999999952,-7.19999999999996,27256,19660,0
2831,-6.7999999999999545,-6.399999999999949,25672,19660,0
2832,-6.49999999999995,8.30000000000026,28366,19660,0
2833,-6.49999999999995,-2.399999999999892,28152,19660,0
2834,-5.549999999999937,-6.699999999999953,35666,19660,0
2835,-6.099999999999945,-9.449999999999992,31211,19660,0
2836,-6.349999999999948,-9.099999999999987,29218,19660,0
2837,-5.399999999999935,-5.199999999999932,36896,19660,0
2838,-5.149999999999931,-0.9499999999998714,38981,19660,0
2839,-5.699999999999939,4.0500000000002,34681,19660,0
2840,-6.949999999999957,6.250000000000231,24725,19660,0
2841,-6.399999999999949,-9.849999999999998,28803,19660,0
2842,-6.399999999999949,-6.949999999999957,28861,19660,0
2843,-5.2499999999999325,9.65000000000028,38393,19660,0
2844,-6.7999999999999545,7.900000000000254,25958,19660,0
2845,-5.5999999999999375,-2.549999999999894,35349,19660,0
2846,-6.849999999999955,1.900000000000169,25438,19660,0
2847,-7.19999999999996,-3.099999999999902,22538,19660,0
2848,-6.999999999999957,5.050000000000214,24301,19660,0
2849,-5.999999999999943,4.2500000000002025,32285,19660,0
2850,-6.249999999999947,1.4500000000001627,30229,19660,0
2851,-5.449999999999935,5.000000000000213,36700,19660,0
2852,-5.499999999999936,9.75000000000028,36395,19660,0
2853,-6.699999999999953,8.600000000000264,26772,19660,0
2854,-7.049999999999958,-9.749999999999996,23605,19660,0
2855,-7.1499999999999595,7.350000000000247,23147,19660,0
2856,-5.199999999999932,-3.099999999999902,38538,19660,0
2857,-5.2499999999999325,-6.749999999999954,38065,19660,0
2858,-5.2499999999999325,-3.6499999999999098,38127,19660,0
2859,-5.449999999999935,-7.699999999999967,36446,19660,0
2860,-7.049999999999958,-2.2999999999998906,23754,19660,0
2861,-5.499999999999936,9.900000000000283,36398,19660,0
2862,-7.19999999999996,-1.699999999999882,22566,19660,0
2863,-5.849999999999941,-5.899999999999942,33282,19660,0
2864,-5.149999999999931,6.450000000000234,39129,19660,0
2865,-5.999999999999943,8.850000000000268,32377,19660,0
2866,-5.699999999999939,7.150000000000244,34743,19660,0
2867,-5.149999999999931,4.200000000000202,39084,19660,0
2868,-5.74999999999994,-2.4499999999998927,34151,19660,0
2869,-6.49999999999995,6.1500000000002295,28323,19660,0
2870,-6.49999999999995,5.750000000000224,28315,19660,0
2871,-6.649999999999952,-7.4999999999999645,26850,19660,0
2872,-6.49999999999995,0.5000000000001492,28210,19660,0
2873,-6.849999999999955,-6.549999999999951,25269,19660,0
2874,-5.699999999999939,4.200000000000202,34684,19660,0
2875,-6.149999999999945,8.700000000000266,31174,19660,0
2876,-5.899999999999942,8.450000000000262,33169,19660,0
2877,-6.7999999999999545,-2.599999999999895,25748,19660,0
2878,-6.7999999999999545,-2.199999999999889,25756,19660,0
2879,-7.249999999999961,8.450000000000262,22369,19660,0
2880,-7.1499999999999595,-9.149999999999988,22817,19660,0
2881,-6.49999999999995,-1.9999999999998863,28160,19660,0
2882,-5.9499999999999424,-6.299999999999947,32474,19660,0
2883,-5.09999999999993,5.750000000000224,39515,19660,0
2884,-5.79999999999994,8.150000000000258,33963,19660,0
2885,-6.649999999999952,-8.399999999999977,26832,19660,0
2886,-6.549999999999951,-2.399999999999892,27752,19660,0
2887,-7.349999999999962,-8.049999999999972,21239,19660,0
2888,-7.249999999999961,-8.699999999999982,22026,19660,0
2889,-6.099999999999945,7.650000000000251,31553,19660,0
2890,-6.349999999999948,4.0500000000002,29481,19660,0
2891,-6.699999999999953,-1.8499999999998842,26563,19660,0
2892,-7.449999999999964,-5.299999999999933,20494,19660,0
2893,-6.099999999999945,-6.7999999999999545,31264,19660,0
2894,-6.849999999999955,1.9500000000001698,25439,19660,0
2895,-5.04999999999993,-0.5499999999998657,39789,19660,0
2896,-5.549999999999937,-2.049999999999887,35759,19660,0
2897,-5.79999999999994,4.2500000000002025,33885,19660,0
2898,-5.9499999999999424,-6.349999999999948,32473,19660,0
2899,-5.649999999999938,-1.54999999999988,34969,19660,0
2900,-7.099999999999959,-4.8999999999999275,23302,19660,0
2901,-5.649999999999938,1.1500000000001585,35023,19660,0
2902,-7.049999999999958,-0.9499999999998714,23781,19660,0
2903,-7.449999999999964,4.550000000000207,20691,19660,0
2904,-7.4999999999999645,7.450000000000248,20349,19660,0
2905,-6.999999999999957,0.7500000000001528,24215,19660,0
2906,-5.449999999999935,7.200000000000244,36744,19660,0
2907,-6.4499999999999496,6.750000000000238,28735,19660,0
2908,-6.7999999999999545,-0.5999999999998664,25788,19660,0
2909,-5.79999999999994,5.200000000000216,33904,19660,0
2910,-6.549999999999951,0.7500000000001528,27815,19660,0
2911,-5.399999999999935,-7.699999999999967,36846,19660,0
2912,-6.999999999999957,8.850000000000268,24377,19660,0
2913,-5.09999999999993,-4.599999999999923,39308,19660,0
2914,-5.699999999999939,-8.149999999999974,34437,19660,0
2915,-5.649999999999938,-9.849999999999998,34803,19660,0
2916,-5.699999999999939,-5.149999999999931,34497,19660,0
2917,-6.899999999999956,6.450000000000234,25129,19660,0
2918,-5.499999999999936,4.500000000000206,36290,19660,0
2919,-5.79999999999994,-0.6999999999998678,33786,19660,0
2920,-5.649999999999938,5.650000000000222,35113,19660,0
2921,-6.699999999999953,-5.79999999999994,26484,19660,0
2922,-5.2499999999999325,-7.89999999999997,38042,19660,0
2923,-5.899999999999942,-4.949999999999928,32901,19660,0
2924,-5.549999999999937,4.550000000000207,35891,19660,0
2925,-5.149999999999931,-7.4999999999999645,38850,19660,0
2926,-5.449999999999935,-2.749999999999897,36545,19660,0
2927,-7.19999999999996,2.400000000000176,22648,19660,0
2928,-6.599999999999952,-5.999999999999943,27280,19660,0
2929,-6.599999999999952,0.8000000000001535,27416,19660,0
2930,-7.249999999999961,-9.549999999999994,22009,19660,0
2931,-6.349999999999948,-6.649999999999952,29267,19660,0
2932,-7.1499999999999595,-4.499999999999922,22910,19660,0
2933,-6.199999999999946,7.450000000000248,30749,19660,0
2934,-6.349999999999948,-9.34999999999999,29213,19660,0
2935,-6.549999999999951,1.400000000000162,27828,19660,0
2936,-5.149999999999931,4.300000000000203,39086,19660,0
2937,-5.2499999999999325,9.100000000000271,38382,19660,0
2938,-5.09999999999993,-5.499999999999936,39290,19660,0
2939,-6.49999999999995,-5.9499999999999424,28081,19660,0
2940,-5.649999999999938,-4.599999999999923,34908,19660,0
2941,-5.499999999999936,4.850000000000211,36297,19660,0
2942,-5.2499999999999325,-5.79999999999994,38084,19660,0
2943,-6.099999999999945,8.700000000000266,31574,19660,0
2944,-5.899999999999942,0.25000000000014566,33005,19660,0
2945,-5.2499999999999325,9.800000000000281,38396,19660,0
2946,-6.699999999999953,4.1000000000002,26682,19660,0
2947,-6.599999999999952,9.75000000000028,27595,19660,0
2948,-5.04999999999993,-7.949999999999971,39641,19660,0
2949,-6.49999999999995,-2.9499999999999,28141,19660,0
2950,-6.399999999999949,8.25000000000026,29165,19660,0
2951,-6.7999999999999545,6.650000000000237,25933,19660,0
2952,-7.049999999999958,0.7500000000001528,23815,19660,0
2953,-6.049999999999944,0.9500000000001556,31819,19660,0
2954,-5.399999999999935,-5.849999999999941,36883,19660,0
2955,-6.649999999999952,-2.549999999999894,26949,19660,0
2956,-5.549999999999937,-3.3499999999999055,35733,19660,0
2957,-5.549999999999937,6.20000000000023,35924,19660,0
2958,-7.049999999999958,-4.299999999999919,23714,19660,0
2959,-5.999999999999943,3.2000000000001876,32264,19660,0
2960,-5.9499999999999424,-6.849999999999955,32463,19660,0
2961,-6.099999999999945,5.200000000000216,31504,19660,0
2962,-5.5999999999999375,8.700000000000266,35574,19660,0
2963,-5.299999999999933,-5.199999999999932,37696,19660,0
2964,-5.699999999999939,-0.5499999999998657,34589,19660,0
2965,-5.9499999999999424,8.600000000000264,32772,19660,0
2966,-5.09999999999993,-9.599999999999994,39208,19660,0
2967,-5.899999999999942,2.100000000000172,33042,19660,0
2968,-7.399999999999963,-3.9999999999999147,20920,19660,0
2969,-6.049999999999944,8.450000000000262,31969,19660,0
2970,-6.649999999999952,-7.349999999999962,26853,19660,0
2971,-5.449999999999935,-5.74999999999994,36485,19660,0
2972,-6.899999999999956,-9.749999999999996,24805,19660,0
2973,-5.999999999999943,-9.749999999999996,32005,19660,0
2974,-6.049999999999944,2.7000000000001805,31854,19660,0
2975,-7.1499999999999595,-6.649999999999952,22867,19660,0
2976,-7.049999999999958,0.9000000000001549,23818,19660,0
2977,-6.49999999999995,-0.19999999999986073,28196,19660,0
2978,-7.299999999999962,-8.64999999999998,21627,19660,0
2979,-7.299999999999962,7.450000000000248,21949,19660,0
2980,-7.249999999999961,1.4210854715202004e-13,22200,19660,0
2981,-5.399999999999935,-5.09999999999993,36898,19660,0
2982,-7.299999999999962,-5.499999999999936,21690,19660,0
2983,-7.1499999999999595,-8.499999999999979,22830,19660,0
2984,-5.299999999999933,9.05000000000027,37981,19660,0
2985,-5.699999999999939,3.9000000000001975,34678,19660,0
2986,-6.099999999999945,-9.449999999999992,31211,19660,0
2987,-6.699999999999953,9.65000000000028,26793,19660,0
2988,-6.4499999999999496,4.150000000000201,28683,19660,0
2989,-6.949999999999957,-8.499999999999979,24430,19660,0
2990,-5.199999999999932,-8.799999999999983,38424,19660,0
2991,-5.74999999999994,-9.199999999999989,34016,19660,0
2992,-5.899999999999942,-9.749999999999996,32805,19660,0
2993,-6.7999999999999545,-7.19999999999996,25656,19660,0
2994,-6.899999999999956,-1.9499999999998856,24961,19660,0
2995,-6.249999999999947,4.2500000000002025,30285,19660,0
2996,-5.899999999999942,-5.299999999999933,32894,19660,0
2997,-7.099999999999959,6.250000000000231,23525,19660,0
2998,-6.899999999999956,0.4500000000001485,25009,19660,0
2999,-5.849999999999941,-1.899999999999885,33362,19660,0
3000,-5.649999999999938,-2.599999999999895,34948,19660,0
3001,-6.49999999999995,-2.4499999999998927,28151,19660,0
3002,-5.399999999999935,3.6000000000001933,37072,19660,0
3003,-5.449999999999935,8.550000000000264,36771,19660,0
3004,-5.649999999999938,4.1000000000002,35082,19660,0
3005,-7.4999999999999645,5.850000000000225,20317,19660,0
3006,-6.149999999999945,-4.39999999999992,30912,19660,0
3007,-5.04999999999993,-1.2499999999998757,39775,19660,0
3008,-5.399999999999935,-2.0999999999998877,36958,19660,0
3009,-6.249999999999947,3.500000000000192,30270,19660,0
3010,-5.79999999999994,-9.549999999999994,33609,19660,0
3011,-6.649999999999952,5.200000000000216,27104,19660,0
3012,-7.449999999999964,5.250000000000217,20705,19660,0
3013,-7.349999999999962,-4.34999999999992,21313,19660,0
3014,-7.299999999999962,8.900000000000269,21978,19660,0
3015,-5.349999999999934,-1.699999999999882,37366,19660,0
3016,-6.249999999999947,2.100000000000172,30242,19660,0
3017,-5.399999999999935,-7.549999999999965,36849,19660,0
3018,-6.649999999999952,-8.64999999999998,26827,19660,0
3019,-7.299999999999962,0.25000000000014566,21805,19660,0
3020,-6.599999999999952,3.3500000000001897,27467,19660,0
3021,-5.09999999999993,-5.74999999999994,39285,19660,0
3022,-6.299999999999947,5.50000000000022,29910,19660,0
3023,-6.599999999999952,-0.9499999999998714,27381,19660,0
3024,-5.899999999999942,-5.74999999999994,32885,19660,0
3025,-7.099999999999959,-6.749999999999954,23265,19660,0
3026,-6.749999999999954,8.850000000000268,26377,19660,0
3027,-7.1499999999999595,1.4210854715202004e-13,23000,19660,0
3028,-7.249999999999961,6.550000000000235,22331,19660,0
3029,-5.04999999999993,-2.6999999999998963,39746,19660,0
3030,-6.199999999999946,-1.1499999999998742,30577,19660,0
3031,-5.79999999999994,4.80000000000021,33896,19660,0
3032,-5.549999999999937,5.550000000000221,35911,19660,0
3033,-5.149999999999931,3.9500000000001982,39079,19660,0
3034,-5.399999999999935,-1.8499999999998842,36963,19660,0
3035,-6.299999999999947,-6.849999999999955,29663,19660,0
3036,-7.449999999999964,3.5500000000001926,20671,19660,0
3037,-6.099999999999945,8.000000000000256,31560,19660,0
3038,-6.299999999999947,3.9500000000001982,29879,19660,0
3039,-7.1499999999999595,2.600000000000179,23052,19660,0
3040,-7.099999999999959,-3.1499999999999027,23337,19660,0
3041,-7.4999999999999645,4.900000000000212,20298,19660,0
3042,-5.649999999999938,-1.9999999999998863,34960,19660,0
3043,-5.299999999999933,8.600000000000264,37972,19660,0
3044,-6.299999999999947,4.1000000000002,29882,19660,0
3045,-6.49999999999995,-1.349999999999877,28173,19660,0
3046,-6.649999999999952,-2.549999999999894,26949,19660,0
3047,-6.349999999999948,-9.149999999999988,29217,19660,0
3048,-6.699999999999953,2.2000000000001734,26644,19660,0
3049,-6.249999999999947,9.800000000000281,30396,19660,0
3050,-7.4999999999999645,-3.749999999999911,20125,19660,0
3051,-6.649999999999952,9.800000000000281,27196,19660,0
3052,-5.79999999999994,-7.399999999999963,33652,19660,0
3053,-5.5999999999999375,-1.54999999999988,35369,19660,0
3054,-5.349999999999934,-9.24999999999999,37215,19660,0
3055,-5.149999999999931,7.050000000000242,39141,19660,0
3056,-5.999999999999943,-3.9999999999999147,32120,19660,0
3057,-5.199999999999932,-2.1499999999998884,38557,19660,0
3058,-6.049999999999944,2.9000000000001833,31858,19660,0
3059,-5.79999999999994,-1.9499999999998856,33761,19660,0
3060,-5.849999999999941,-2.049999999999887,33359,19660,0
3061,-5.849999999999941,-1.4999999999998792,33370,19660,0
3062,-6.899999999999956,6.100000000000229,25122,19660,0
3063,-5.849999999999941,3.9000000000001975,33478,19660,0
3064,-6.649999999999952,3.9500000000001982,27079,19660,0
3065,-5.9499999999999424,6.250000000000231,32725,19660,0
3066,-6.999999999999957,8.650000000000265,24373,19660,0
3067,-5.2499999999999325,-3.5499999999999083,38129,19660,0
3068,-5.449999999999935,9.500000000000277,36790,19660,0
3069,-6.049999999999944,-8.249999999999975,31635,19660,0
3070,-7.049999999999958,5.850000000000225,23917,19660,0
3071,-6.299999999999947,-4.849999999999927,29703,19660,0
3072,-5.04999999999993,-7.649999999999967,39647,19660,0
3073,-6.7999999999999545,1.5500000000001641,25831,19660,0
3074,-6.299999999999947,4.400000000000205,29888,19660,0
3075,-6.099999999999945,7.300000000000246,31546,19660,0
3076,-5.699999999999939,-8.749999999999982,34425,19660,0
3077,-6.7999999999999545,6.1500000000002295,25923,19660,0
3078,-6.149999999999945,-4.149999999999917,30917,19660,0
3079,-7.399999999999963,-7.949999999999971,20841,19660,0
3080,-6.349999999999948,7.500000000000249,29550,19660,0
3081,-5.9499999999999424,-1.349999999999877,32573,19660,0
3082,-5.74999999999994,7.550000000000249,34351,19660,0
3083,-5.5999999999999375,-0.8999999999998707,35382,19660,0
3084,-5.399999999999935,-3.749999999999911,36925,19660,0
3085,-7.299999999999962,1.0000000000001563,21820,19660,0
3086,-7.19999999999996,-6.749999999999954,22465,19660,0
3087,-7.399999999999963,8.95000000000027,21179,19660,0
3088,-6.849999999999955,-6.749999999999954,25265,19660,0
3089,-6.899999999999956,1.5000000000001634,25030,19660,0
3090,-6.649999999999952,-0.9999999999998721,26980,19660,0
3091,-6.549999999999951,3.3500000000001897,27867,19660,0
3092,-6.049999999999944,-1.1499999999998742,31777,19660,0
3093,-5.499999999999936,-4.8999999999999275,36102,19660,0
3094,-6.999999999999957,-7.049999999999958,24059,19660,0
3095,-5.04999999999993,2.2000000000001734,39844,19660,0
3096,-5.299999999999933,3.2500000000001883,37865,19660,0
3097,-5.849999999999941,-3.1499999999999027,33337,19660,0
3098,-6.4499999999999496,4.000000000000199,28680,19660,0
3099,-5.04999999999993,-6.4499999999999496,39671,19660,0
3100,-6.099999999999945,8.200000000000259,31564,19660,0
3101,-6.699999999999953,-7.699999999999967,26446,19660,0
3102,-6.349999999999948,-2.599999999999895,29348,19660,0
3103,-6.049999999999944,-6.049999999999944,31679,19660,0
3104,-6.649999999999952,8.150000000000258,27163,19660,0
3105,-6.399999999999949,-6.49999999999995,28870,19660,0
3106,-5.2499999999999325,-8.949999999999985,38021,19660,0
3107,-5.449999999999935,-6.4499999999999496,36471,19660,0
3108,-7.349999999999962,4.300000000000203,21486,19660,0
3109,-6.749999999999954,-5.349999999999934,26093,19660,0
3110,-5.199999999999932,-5.199999999999932,38496,19660,0
3111,-6.299999999999947,7.550000000000249,29951,19660,0
3112,-5.649999999999938,4.900000000000212,35098,19660,0
3113,-5.9499999999999424,2.750000000000181,32655,19660,0
3114,-6.299999999999947,-3.6999999999999105,29726,19660,0
3115,-7.049999999999958,-4.5499999999999226,23709,19660,0
3116,-6.349999999999948,1.4500000000001627,29429,19660,0
3117,-5.899999999999942,6.1500000000002295,33123,19660,0
3118,-5.549999999999937,-2.049999999999887,35759,19660,0
3119,-5.849999999999941,-6.049999999999944,33279,19660,0
3120,-5.449999999999935,3.7500000000001954,36675,19660,0
3121,-6.849999999999955,-9.649999999999995,25207,19660,0
3122,-6.4499999999999496,-4.449999999999921,28511,19660,0
3123,-5.09999999999993,3.500000000000192,39470,19660,0
3124,-5.549999999999937,4.6000000000002075,35892,19660,0
3125,-6.199999999999946,-4.649999999999924,30507,19660,0
3126,-6.199999999999946,5.50000000000022,30710,19660,0
3127,-5.149999999999931,-3.949999999999914,38921,19660,0
3128,-6.7999999999999545,6.400000000000233,25928,19660,0
3129,-7.299999999999962,-8.849999999999984,21623,19660,0
3130,-5.349999999999934,-3.949999999999914,37321,19660,0
3131,-5.5999999999999375,7.450000000000248,35549,19660,0
3132,-6.849999999999955,6.000000000000227,25520,19660,0
3133,-6.599999999999952,8.050000000000257,27561,19660,0
3134,-5.349999999999934,-3.4999999999999076,37330,19660,0
3135,-6.099999999999945,-6.399999999999949,31272,19660,0
3136,-7.099999999999959,-5.79999999999994,23284,19660,0
3137,-5.74999999999994,4.450000000000205,34289,19660,0
3138,-5.9499999999999424,2.100000000000172,32642,19660,0
3139,-7.1499999999999595,1.4500000000001627,23029,19660,0
3140,-5.899999999999942,6.1500000000002295,33123,19660,0
3141,-6.849999999999955,-6.4499999999999496,25271,19660,0
3142,-5.649999999999938,-2.6499999999998956,34947,19660,0
3143,-5.349999999999934,-5.5999999999999375,37288,19660,0
3144,-7.449999999999964,-0.09999999999985931,20598,19660,0
3145,-7.449999999999964,5.8000000000002245,20716,19660,0
3146,-7.249999999999961,9.300000000000274,22386,19660,0
3147,-6.299999999999947,-4.5499999999999226,29709,19660,0
3148,-6.49999999999995,2.600000000000179,28252,19660,0
3149,-5.699999999999939,-2.6999999999998963,34546,19660,0
3150,-5.299999999999933,0.6500000000001513,37813,19660,0
3151,-5.399999999999935,5.350000000000218,37107,19660,0
3152,-6.299999999999947,-9.049999999999986,29619,19660,0
3153,-5.349999999999934,-4.999999999999929,37300,19660,0
3154,-6.049999999999944,-6.049999999999944,31679,19660,0
3155,-6.699999999999953,2.7000000000001805,26654,19660,0
3156,-7.049999999999958,9.05000000000027,23981,19660,0
3157,-5.499999999999936,9.550000000000278,36391,19660,0
3158,-6.699999999999953,6.600000000000236,26732,19660,0
3159,-6.249999999999947,-8.59999999999998,30028,19660,0
3160,-7.349999999999962,-8.049999999999972,21239,19660,0
3161,-5.549999999999937,2.800000000000182,35856,19660,0
3162,-6.949999999999957,2.750000000000181,24655,19660,0
3163,-6.049999999999944,2.950000000000184,31859,19660,0
3164,-6.649999999999952,4.9500000000002125,27099,19660,0
3165,-6.599999999999952,-1.899999999999885,27362,19660,0
3166,-7.399999999999963,0.4500000000001485,21009,19660,0
3167,-6.7999999999999545,-5.5999999999999375,25688,19660,0
3168,-5.849999999999941,-2.7999999999998977,33344,19660,0
3169,-5.299999999999933,-2.049999999999887,37759,19660,0
3170,-5.2499999999999325,8.30000000000026,38366,19660,0
3171,-5.299999999999933,-8.499999999999979,37630,19660,0
3172,-7.1499999999999595,5.050000000000214,23101,19660,0
3173,-5.849999999999941,5.45000000000022,33509,19660,0
3174,-7.349999999999962,-7.949999999999971,21241,19660,0
3175,-5.09999999999993,-8.899999999999984,39222,19660,0
3176,-6.4499999999999496,-6.749999999999954,28465,19660,0
3177,-7.1499999999999595,-8.499999999999979,22830,19660,0
3178,-5.199999999999932,2.450000000000177,38649,19660,0
3179,-5.649999999999938,9.70000000000028,35194,19660,0
3180,-6.999999999999957,-4.0499999999999154,24119,19660,0
3181,-5.999999999999943,-4.599999999999923,32108,19660,0
3182,-6.199999999999946,6.600000000000236,30732,19660,0
3183,-5.649999999999938,-0.7499999999998685,34985,19660,0
3184,-5.899999999999942,7.800000000000253,33156,19660,0
3185,-6.4499999999999496,-5.299999999999933,28494,19660,0
3186,-5.849999999999941,-0.34999999999986287,33393,19660,0
3187,-6.149999999999945,9.05000000000027,31181,19660,0
3188,-7.249999999999961,-4.799999999999926,22104,19660,0
3189,-6.399999999999949,8.100000000000257,29162,19660,0
3190,-5.79999999999994,3.100000000000186,33862,19660,0
3191,-5.549999999999937,4.0500000000002,35881,19660,0
3192,-5.5999999999999375,-7.8499999999999694,35243,19660,0
3193,-7.1499999999999595,-3.8499999999999126,22923,19660,0
3194,-7.349999999999962,-7.599999999999966,21248,19660,0
3195,-5.2499999999999325,-4.999999999999929,38100,19660,0
3196,-5.399999999999935,-2.399999999999892,36952,19660,0
3197,-6.299999999999947,-7.449999999999964,29651,19660,0
3198,-5.74999999999994,-0.3999999999998636,34192,19660,0
3199,-6.249999999999947,-7.89999999999997,30042,19660,0
3200,-7.1499999999999595,-3.449999999999907,22931,19660,0
3201,-6.649999999999952,5.550000000000221,27111,19660,0
3202,-6.949999999999957,-7.699999999999967,24446,19660,0
3203,-5.299999999999933,4.550000000000207,37891,19660,0
3204,-6.849999999999955,2.750000000000181,25455,19660,0
3205,-5.999999999999943,-9.049999999999986,32019,19660,0
3206,-5.9499999999999424,0.4000000000001478,32608,19660,0
3207,-6.149999999999945,6.5000000000002345,31130,19660,0
3208,-6.299999999999947,-1.4499999999998785,29771,19660,0
3209,-6.4499999999999496,-5.199999999999932,28496,19660,0
3210,-5.9499999999999424,-5.699999999999939,32486,19660,0
3211,-7.349999999999962,9.75000000000028,21595,19660,0
3212,-7.349999999999962,-1.199999999999875,21376,19660,0
3213,-5.09999999999993,-3.449999999999907,39331,19660,0
3214,-7.399999999999963,1.1000000000001577,21022,19660,0
3215,-6.149999999999945,-5.5999999999999375,30888,19660,0
3216,-5.549999999999937,9.400000000000276,35988,19660,0
3217,-5.299999999999933,-5.149999999999931,37697,19660,0
3218,-5.09999999999993,1.0000000000001563,39420,19660,0
3219,-6.49999999999995,-9.24999999999999,28015,19660,0
3220,-6.249999999999947,9.850000000000282,30397,19660,0
3221,-5.699999999999939,4.900000000000212,34698,19660,0
3222,-6.7999999999999545,-3.449999999999907,25731,19660,0
3223,-5.149999999999931,9.200000000000273,39184,19660,0
3224,-6.749999999999954,0.4500000000001485,26209,19660,0
3225,-5.09999999999993,-3.299999999999905,39334,19660,0
3226,-6.349999999999948,9.150000000000272,29583,19660,0
3227,-7.19999999999996,1.4210854715202004e-13,22600,19660,0
3228,-6.599999999999952,6.050000000000228,27521,19660,0
3229,-5.09999999999993,-7.249999999999961,39255,19660,0
3230,-5.449999999999935,-9.599999999999994,36408,19660,0
3231,-6.4499999999999496,-9.499999999999993,28410,19660,0
3232,-6.099999999999945,-9.899999999999999,31202,19660,0
3233,-6.249999999999947,-9.099999999999987,30018,19660,0
3234,-7.299999999999962,-4.749999999999925,21705,19660,0
3235,-7.1499999999999595,-5.699999999999939,22886,19660,0
3236,-5.2499999999999325,-9.599999999999994,38008,19660,0
3237,-5.849999999999941,8.30000000000026,33566,19660,0
3238,-6.299999999999947,-9.95,29601,19660,0
3239,-5.349999999999934,2.100000000000172,37442,19660,0
3240,-5.9499999999999424,-4.749999999999925,32505,19660,0
3241,-6.149999999999945,-4.749999999999925,30905,19660,0
3242,-7.1499999999999595,-4.699999999999925,22906,19660,0
3243,-7.099999999999959,9.350000000000275,23587,19660,0
3244,-5.399999999999935,3.7000000000001947,37074,19660,0
3245,-5.549999999999937,8.25000000000026,35965,19660,0
3246,-7.4999999999999645,-7.89999999999997,20042,19660,0
3247,-6.4499999999999496,-4.799999999999926,28504,19660,0
3248,-5.349999999999934,-1.7499999999998828,37365,19660,0
3249,-5.09999999999993,-7.099999999999959,39258,19660,0
3250,-5.649999999999938,4.550000000000207,35091,19660,0
3251,-6.699999999999953,-7.89999999999997,26442,19660,0
3252,-6.249999999999947,-2.8499999999998984,30143,19660,0
3253,-6.349999999999948,-1.54999999999988,29369,19660,0
3254,-6.999999999999957,-1.2999999999998764,24174,19660,0
3255,-7.099999999999959,3.2500000000001883,23465,19660,0
3256,-5.399999999999935,-1.7999999999998835,36964,19660,0
3257,-5.549999999999937,-9.399999999999991,35612,19660,0
3258,-6.599999999999952,-7.699999999999967,27246,19660,0
3259,-7.4999999999999645,-7.799999999999969,20044,19660,0
3260,-6.549999999999951,-9.199999999999989,27616,19660,0
3261,-5.499999999999936,-1.3999999999998778,36172,19660,0
3262,-7.349999999999962,-7.249999999999961,21255,19660,0
3263,-5.499999999999936,3.450000000000191,36269,19660,0
3264,-6.299999999999947,-3.3499999999999055,29733,19660,0
3265,-6.699999999999953,1.2000000000001592,26624,19660,0
3266,-6.699999999999953,-5.79999999999994,26484,19660,0
3267,-5.499999999999936,7.550000000000249,36351,19660,0
3268,-7.249999999999961,0.4000000000001478,22208,19660,0
3269,-6.299999999999947,0.7500000000001528,29815,19660,0
3270,-6.699999999999953,7.150000000000244,26743,19660,0
3271,-5.849999999999941,-9.749999999999996,33205,19660,0
3272,-5.849999999999941,-5.9499999999999424,33281,19660,0
3273,-6.649999999999952,6.300000000000232,27126,19660,0
3274,-6.7999999999999545,-9.599999999999994,25608,19660,0
3275,-5.399999999999935,-1.8499999999998842,36963,19660,0
3276,-7.449999999999964,1.8000000000001677,20636,19660,0
3277,-5.04999999999993,2.450000000000177,39849,19660,0
3278,-6.7999999999999545,8.700000000000266,25974,19660,0
3279,-5.79999999999994,3.300000000000189,33866,19660,0
3280,-6.949999999999957,0.4000000000001478,24608,19660,0
3281,-6.649999999999952,-2.3499999999998913,26953,19660,0
3282,-6.749999999999954,-1.0499999999998728,26179,19660,0
3283,-6.149999999999945,3.450000000000191,31069,19660,0
3284,-5.04999999999993,-9.95,39601,19660,0
3285,-5.549999999999937,-9.749999999999996,35605,19660,0
3286,-6.599999999999952,3.2000000000001876,27464,19660,0
3287,-6.4499999999999496,4.700000000000209,28694,19660,0
3288,-7.4999999999999645,-3.449999999999907,20131,19660,0
3289,-5.79999999999994,4.75000000000021,33895,19660,0
3290,-7.049999999999958,9.850000000000282,23997,19660,0
3291,-6.4499999999999496,9.850000000000282,28797,19660,0
3292,-7.249999999999961,1.1000000000001577,22222,19660,0
3293,-5.449999999999935,-4.749999999999925,36505,19660,0
3294,-5.649999999999938,-4.5499999999999226,34909,19660,0
3295,-5.74999999999994,-7.399999999999963,34052,19660,0
3296,-6.049999999999944,-3.8499999999999126,31723,19660,0
3297,-6.549999999999951,4.450000000000205,27889,19660,0
3298,-6.649999999999952,-2.599999999999895,26948,19660,0
3299,-6.899999999999956,6.400000000000233,25128,19660,0
3300,-6.749999999999954,-3.3499999999999055,26133,19660,0
3301,-7.399999999999963,-1.6499999999998813,20967,19660,0
3302,-7.349999999999962,1.900000000000169,21438,19660,0
3303,-5.899999999999942,7.200000000000244,33144,19660,0
3304,-5.849999999999941,-4.949999999999928,33301,19660,0
3305,-6.099999999999945,9.850000000000282,31597,19660,0
3306,-5.09999999999993,6.000000000000227,39520,19660,0
3307,-6.749999999999954,2.0000000000001705,26240,19660,0
3308,-5.2499999999999325,3.4000000000001904,38268,19660,0
3309,-7.099999999999959,7.350000000000247,23547,19660,0
3310,-6.849999999999955,5.8000000000002245,25516,19660,0
3311,-6.599999999999952,0.7000000000001521,27414,19660,0
3312,-6.749999999999954,9.65000000000028,26393,19660,0
3313,-6.649999999999952,-5.79999999999994,26884,19660,0
3314,-5.04999999999993,6.400000000000233,39928,19660,0
3315,-6.399999999999949,-7.999999999999972,28840,19660,0
3316,-7.049999999999958,-5.449999999999935,23691,19660,0
3317,-6.099999999999945,5.600000000000222,31512,19660,0
3318,-6.549999999999951,0.10000000000014353,27802,19660,0
3319,-6.349999999999948,7.100000000000243,29542,19660,0
3320,-6.199999999999946,3.850000000000197,30677,19660,0
3321,-6.149999999999945,1.6000000000001648,31032,19660,0
3322,-6.399999999999949,-9.34999999999999,28813,19660,0
3323,-5.149999999999931,3.850000000000197,39077,19660,0
3324,-7.399999999999963,-7.89999999999997,20842,19660,0
3325,-5.04999999999993,-7.4999999999999645,39650,19660,0
3326,-6.4499999999999496,-2.3499999999998913,28553,19660,0
3327,-7.349999999999962,-5.549999999999937,21289,19660,0
3328,-5.899999999999942,-8.299999999999976,32834,19660,0
3329,-6.7999999999999545,-6.149999999999945,25677,19660,0
3330,-6.349999999999948,-0.9499999999998714,29381,19660,0
3331,-7.399999999999963,8.750000000000266,21175,19660,0
3332,-5.899999999999942,-7.399999999999963,32852,19660,0
3333,-6.299999999999947,6.000000000000227,29920,19660,0
3334,-5.299999999999933,7.7000000000002515,37954,19660,0
3335,-6.249999999999947,4.300000000000203,30286,19660,0
3336,-7.349999999999962,-3.449999999999907,21331,19660,0
3337,-6.849999999999955,-1.899999999999885,25362,19660,0
3338,-6.549999999999951,8.700000000000266,27974,19660,0
3339,-6.7999999999999545,6.100000000000229,25922,19660,0
3340,-5.399999999999935,-8.099999999999973,36838,19660,0
3341,-6.199999999999946,-7.299999999999962,30454,19660,0
3342,-7.1499999999999595,0.8500000000001542,23017,19660,0
3343,-6.7999999999999545,-2.2999999999998906,25754,19660,0
3344,-7.449999999999964,-4.149999999999917,20517,19660,0
3345,-6.949999999999957,6.550000000000235,24731,19660,0
3346,-5.999999999999943,-7.049999999999958,32059,19660,0
3347,-6.849999999999955,-7.749999999999968,25245,19660,0
3348,-5.5999999999999375,0.10000000000014353,35402,19660,0
3349,-5.299999999999933,6.700000000000237,37934,19660,0
3350,-6.7999999999999545,1.1000000000001577,25822,19660,0
3351,-7.099999999999959,1.900000000000169,23438,19660,0
3352,-7.399999999999963,-7.999999999999972,20840,19660,0
3353,-7.399999999999963,-8.049999999999972,20839,19660,0
3354,-5.349999999999934,9.450000000000276,37589,19660,0
3355,-6.249999999999947,4.900000000000212,30298,19660,0
3356,-6.899999999999956,3.150000000000187,25063,19660,0
3357,-5.74999999999994,8.550000000000264,34371,19660,0
3358,-7.299999999999962,7.300000000000246,21946,19660,0
3359,-5.149999999999931,-2.049999999999887,38959,19660,0
3360,-5.149999999999931,0.6500000000001513,39013,19660,0
3361,-5.999999999999943,3.300000000000189,32266,19660,0
3362,-5.349999999999934,-8.499999999999979,37230,19660,0
3363,-7.049999999999958,4.450000000000205,23889,19660,0
3364,-5.9499999999999424,-2.4499999999998927,32551,19660,0
3365,-6.7999999999999545,-3.1499999999999027,25737,19660,0
3366,-5.449999999999935,-3.6999999999999105,36526,19660,0
3367,-7.1499999999999595,9.05000000000027,23181,19660,0
3368,-5.549999999999937,-9.34999999999999,35613,19660,0
3369,-5.549999999999937,6.1500000000002295,35923,19660,0
3370,-5.699999999999939,8.550000000000264,34771,19660,0
3371,-5.09999999999993,0.05000000000014282,39401,19660,0
3372,-5.849999999999941,0.5500000000001499,33411,19660,0
3373,-6.099999999999945,0.8000000000001535,31416,19660,0
3374,-7.049999999999958,-6.349999999999948,23673,19660,0
3375,-5.2499999999999325,-6.149999999999945,38077,19660,0
3376,-5.79999999999994,6.050000000000228,33921,19660,0
3377,-5.2499999999999325,-1.7999999999998835,38164,19660,0
3378,-5.499999999999936,9.500000000000277,36390,19660,0
3379,-6.7999999999999545,1.5000000000001634,25830,19660,0
3380,-6.599999999999952,1.050000000000157,27421,19660,0
3381,-7.399999999999963,5.8000000000002245,21116,19660,0
3382,-6.749999999999954,-4.449999999999921,26111,19660,0
3383,-7.1499999999999595,-7.549999999999965,22849,19660,0
3384,-5.199999999999932,-0.34999999999986287,38593,19660,0
3385,-6.7999999999999545,-8.449999999999978,25631,19660,0
3386,-6.549999999999951,8.95000000000027,27979,19660,0
3387,-6.749999999999954,-6.849999999999955,26063,19660,0
3388,-5.5999999999999375,5.150000000000215,35503,19660,0
3389,-6.249999999999947,8.200000000000259,30364,19660,0
3390,-7.399999999999963,2.6500000000001798,21053,19660,0
3391,-6.099999999999945,-0.8999999999998707,31382,19660,0
3392,-5.149999999999931,-3.1499999999999027,38937,19660,0
3393,-6.999999999999957,3.7000000000001947,24274,19660,0
3394,-7.1499999999999595,-8.899999999999984,22822,19660,0
3395,-6.699999999999953,9.900000000000283,26798,19660,0
3396,-6.849999999999955,-2.599999999999895,25348,19660,0
3397,-5.74999999999994,-4.699999999999925,34106,19660,0
3398,-5.699999999999939,-4.8999999999999275,34502,19660,0
3399,-5.449999999999935,-9.24999999999999,36415,19660,0
3400,-7.299999999999962,7.400000000000247,21948,19660,0
3401,-6.049999999999944,8.95000000000027,31979,19660,0
3402,-5.9499999999999424,-1.54999999999988,32569,19660,0
3403,-6.149999999999945,-8.349999999999977,30833,19660,0
3404,-7.19999999999996,4.900000000000212,22698,19660,0
3405,-5.199999999999932,0.4000000000001478,38608,19660,0
3406,-5.899999999999942,-10.0,32800,19660,0
3407,-5.09999999999993,3.450000000000191,39469,19660,0
3408,-5.09999999999993,-1.4499999999998785,39371,19660,0
3409,-7.249999999999961,9.950000000000284,22399,19660,0
3410,-6.549999999999951,-0.34999999999986287,27793,19660,0
3411,-6.949999999999957,2.800000000000182,24656,19660,0
3412,-7.049999999999958,-7.1499999999999595,23657,19660,0
3413,-6.349999999999948,-0.7999999999998693,29384,19660,0
3414,-6.699999999999953,9.05000000000027,26781,19660,0
3415,-5.199999999999932,2.600000000000179,38652,19660,0
3416,-6.749999999999954,5.600000000000222,26312,19660,0
3417,-7.099999999999959,8.750000000000266,23575,19660,0
3418,-5.849999999999941,-7.249999999999961,33255,19660,0
3419,-6.749999999999954,-4.599999999999923,26108,19660,0
3420,-5.649999999999938,9.550000000000278,35191,19660,0
3421,-5.299999999999933,-1.5999999999998806,37768,19660,0
3422,-7.049999999999958,5.000000000000213,23900,19660,0
3423,-5.2499999999999325,-8.299999999999976,38034,19660,0
3424,-6.299999999999947,0.4000000000001478,29808,19660,0
3425,-5.5999999999999375,3.7000000000001947,35474,19660,0
3426,-5.74999999999994,-5.449999999999935,34091,19660,0
3427,-5.899999999999942,7.000000000000242,33140,19660,0
3428,-6.4499999999999496,8.650000000000265,28773,19660,0
3429,-6.549999999999951,1.6500000000001656,27833,19660,0
3430,-6.549999999999951,-0.29999999999986215,27794,19660,0
3431,-7.4999999999999645,6.950000000000241,20339,19660,0
3432,-7.299999999999962,-7.949999999999971,21641,19660,0
3433,-5.399999999999935,-3.1999999999999034,36936,19660,0
3434,-7.049999999999958,1.4210854715202004e-13,23800,19660,0
3435,-5.699999999999939,-5.299999999999933,34494,19660,0
3436,-5.349999999999934,-8.849999999999984,37223,19660,0
3437,-6.299999999999947,-3.799999999999912,29724,19660,0
3438,-6.699999999999953,-0.3999999999998636,26592,19660,0
3439,-5.299999999999933,0.5000000000001492,37810,19660,0
3440,-6.549999999999951,9.450000000000276,27989,19660,0
3441,-7.399999999999963,4.200000000000202,21084,19660,0
3442,-6.899999999999956,-7.349999999999962,24853,19660,0
3443,-6.749999999999954,3.6000000000001933,26272,19660,0
3444,-6.7999999999999545,-3.949999999999914,25721,19660,0
3445,-6.49999999999995,-1.6499999999998813,28167,19660,0
3446,-6.249999999999947,5.900000000000226,30318,19660,0
3447,-6.849999999999955,-2.549999999999894,25349,19660,0
3448,-7.449999999999964,2.300000000000175,20646,19660,0
3449,-5.399999999999935,-3.3499999999999055,36933,19660,0
3450,-5.899999999999942,-9.199999999999989,32816,19660,0
3451,-6.7999999999999545,4.0500000000002,25881,19660,0
3452,-7.349999999999962,-8.449999999999978,21231,19660,0
3453,-5.499999999999936,-5.499999999999936,36090,19660,0
3454,-7.399999999999963,-3.6499999999999098,20927,19660,0
3455,-5.549999999999937,-2.049999999999887,35759,19660,0
3456,-6.7999999999999545,4.300000000000203,25886,19660,0
3457,-5.5999999999999375,2.9000000000001833,35458,19660,0
3458,-5.499999999999936,6.1500000000002295,36323,19660,0
3459,-5.5999999999999375,1.0000000000001563,35420,19660,0
3460,-5.9499999999999424,-6.299999999999947,32474,19660,0
3461,-7.249999999999961,8.550000000000264,22371,19660,0
3462,-6.399999999999949,-4.999999999999929,28900,19660,0
3463,-5.9499999999999424,6.100000000000229,32722,19660,0
3464,-6.299999999999947,1.8000000000001677,29836,19660,0
3465,-7.349999999999962,-7.749999999999968,21245,19660,0
3466,-7.249999999999961,3.4000000000001904,22268,19660,0
3467,-6.49999999999995,-6.249999999999947,28075,19660,0
3468,-6.599999999999952,-2.9499999999999,27341,19660,0
3469,-6.999999999999957,5.950000000000227,24319,19660,0
3470,-5.699999999999939,3.2500000000001883,34665,19660,0
3471,-5.199999999999932,-3.5499999999999083,38529,19660,0
3472,-7.19999999999996,-8.099999999999973,22438,19660,0
3473,-7.19999999999996,9.70000000000028,22794,19660,0
3474,-7.4999999999999645,-3.5499999999999083,20129,19660,0
3475,-5.499999999999936,-6.649999999999952,36067,19660,0
3476,-7.4999999999999645,-5.399999999999935,20092,19660,0
3477,-5.899999999999942,7.450000000000248,33149,19660,0
3478,-5.199999999999932,6.400000000000233,38728,19660,0
3479,-7.349999999999962,7.150000000000244,21543,19660,0
3480,-6.049999999999944,0.6000000000001506,31812,19660,0
3481,-6.199999999999946,-4.749999999999925,30505,19660,0
3482,-6.549999999999951,-0.499999999999865,27790,19660,0
3483,-5.549999999999937,-5.399999999999935,35692,19660,0
3484,-6.849999999999955,-9.099999999999987,25218,19660,0
3485,-5.399999999999935,7.550000000000249,37151,19660,0
3486,-6.049999999999944,7.050000000000242,31941,19660,0
3487,-7.4999999999999645,-3.249999999999904,20135,19660,0
3488,-6.349999999999948,-0.9499999999998714,29381,19660,0
3489,-6.149999999999945,1.4210854715202004e-13,31000,19660,0
3490,-5.5999999999999375,-9.449999999999992,35211,19660,0
3491,-5.79999999999994,6.1500000000002295,33923,19660,0
3492,-6.749999999999954,-4.599999999999923,26108,19660,0
3493,-5.499999999999936,-2.0999999999998877,36158,19660,0
3494,-6.749999999999954,5.050000000000214,26301,19660,0
3495,-5.04999999999993,-7.549999999999965,39649,19660,0
3496,-5.699999999999939,-8.999999999999986,34420,19660,0
3497,-6.549999999999951,5.350000000000218,27907,19660,0
3498,-7.249999999999961,8.750000000000266,22375,19660,0
3499,-5.199999999999932,-8.849999999999984,38423,19660,0
3500,-5.04999999999993,6.1500000000002295,39923,19660,0
3501,-7.249999999999961,-1.349999999999877,22173,19660,0
3502,-7.299999999999962,2.800000000000182,21856,19660,0
3503,-5.649999999999938,-4.499999999999922,34910,19660,0
3504,-7.449999999999964,-5.999999999999943,20480,19660,0
3505,-7.4999999999999645,-10.0,20000,19660,0
3506,-6.699999999999953,-4.39999999999992,26512,19660,0
3507,-6.49999999999995,-1.0999999999998735,28178,19660,0
3508,-5.5999999999999375,9.100000000000271,35582,19660,0
3509,-6.7999999999999545,3.450000000000191,25869,19660,0
3510,-7.299999999999962,-1.9999999999998863,21760,19660,0
3511,-7.049999999999958,-7.599999999999966,23648,19660,0
3512,-6.149999999999945,-9.799999999999997,30804,19660,0
3513,-6.899999999999956,-6.149999999999945,24877,19660,0
3514,-5.09999999999993,5.950000000000227,39519,19660,0
3515,-6.849999999999955,8.450000000000262,25569,19660,0
3516,-5.79999999999994,-6.699999999999953,33666,19660,0
3517,-7.249999999999961,-7.299999999999962,22054,19660,0
3518,-5.5999999999999375,-9.649999999999995,35207,19660,0
3519,-5.999999999999943,-8.249999999999975,32035,19660,0
3520,-5.849999999999941,-2.199999999999889,33356,19660,0
3521,-5.79999999999994,-2.1499999999998884,33757,19660,0
3522,-7.099999999999959,-1.3999999999998778,23372,19660,0
3523,-6.49999999999995,2.800000000000182,28256,19660,0
3524,-5.849999999999941,2.0000000000001705,33440,19660,0
3525,-7.049999999999958,-2.6999999999998963,23746,19660,0
3526,-6.699999999999953,-4.999999999999929,26500,19660,0
3527,-6.699999999999953,-9.29999999999999,26414,19660,0
3528,-7.449999999999964,7.800000000000253,20756,19660,0
3529,-5.699999999999939,-1.9499999999998856,34561,19660,0
3530,-6.949999999999957,-3.299999999999905,24534,19660,0
3531,-7.399999999999963,-6.749999999999954,20865,19660,0
3532,-6.7999999999999545,-3.799999999999912,25724,19660,0
3533,-5.5999999999999375,-1.9999999999998863,35360,19660,0
3534,-6.7999999999999545,-9.699999999999996,25606,19660,0
3535,-6.899999999999956,5.950000000000227,25119,19660,0
3536,-5.09999999999993,-4.499999999999922,39310,19660,0
3537,-5.649999999999938,-2.749999999999897,34945,19660,0
3538,-7.399999999999963,-9.399999999999991,20812,19660,0
3539,-5.549999999999937,7.7000000000002515,35954,19660,0
3540,-7.049999999999958,-2.9999999999999005,23740,19660,0
3541,-6.349999999999948,2.400000000000176,29448,19660,0
3542,-6.099999999999945,1.0000000000001563,31420,19660,0
3543,-5.299999999999933,-8.54999999999998,37629,19660,0
3544,-7.449999999999964,0.20000000000014495,20604,19660,0
3545,-5.79999999999994,0.15000000000014424,33803,19660,0
3546,-6.649999999999952,5.50000000000022,27110,19660,0
3547,-5.899999999999942,-3.799999999999912,32924,19660,0
3548,-6.4499999999999496,-4.0499999999999154,28519,19660,0
3549,-6.899999999999956,-7.4999999999999645,24850,19660,0
3550,-5.449999999999935,9.350000000000275,36787,19660,0
3551,-6.649999999999952,5.200000000000216,27104,19660,0
3552,-5.849999999999941,-3.1999999999999034,33336,19660,0
3553,-5.09999999999993,-9.749999999999996,39205,19660,0
3554,-7.299999999999962,-5.299999999999933,21694,19660,0
3555,-5.79999999999994,-1.349999999999877,33773,19660,0
3556,-7.399999999999963,-3.1499999999999027,20937,19660,0
3557,-7.19999999999996,-0.5999999999998664,22588,19660,0
3558,-7.449999999999964,-7.4999999999999645,20450,19660,0
3559,-5.849999999999941,3.300000000000189,33466,19660,0
3560,-6.849999999999955,8.900000000000269,25578,19660,0
3561,-7.299999999999962,-0.3999999999998636,21792,19660,0
3562,-6.549999999999951,9.400000000000276,27988,19660,0
3563,-6.349999999999948,4.700000000000209,29494,19660,0
3564,-5.79999999999994,-0.5499999999998657,33789,19660,0
3565,-7.099999999999959,2.5500000000001783,23451,19660,0
3566,-7.049999999999958,-3.399999999999906,23732,19660,0
3567,-7.049999999999958,-0.9499999999998714,23781,19660,0
3568,-6.099999999999945,0.4000000000001478,31408,19660,0
3569,-5.5999999999999375,6.1500000000002295,35523,19660,0
3570,-6.099999999999945,-8.099999999999973,31238,19660,0
3571,-7.1499999999999595,-3.6499999999999098,22927,19660,0
3572,-7.399999999999963,-3.799999999999912,20924,19660,0
3573,-6.549999999999951,6.550000000000235,27931,19660,0
3574,-6.749999999999954,7.900000000000254,26358,19660,0
3575,-5.79999999999994,-1.7499999999998828,33765,19660,0
3576,-5.549999999999937,6.450000000000234,35929,19660,0
3577,-5.449999999999935,3.300000000000189,36666,19660,0
3578,-5.699999999999939,-8.699999999999982,34426,19660,0
3579,-6.599999999999952,-5.09999999999993,27298,19660,0
3580,-6.599999999999952,1.1000000000001577,27422,19660,0
3581,-7.399999999999963,-2.3499999999998913,20953,19660,0
3582,-6.649999999999952,0.30000000000014637,27006,19660,0
3583,-6.049999999999944,-8.349999999999977,31633,19660,0
3584,-5.349999999999934,-8.849999999999984,37223,19660,0
3585,-6.699999999999953,-7.999999999999972,26440,19660,0
3586,-5.699999999999939,4.500000000000206,34690,19660,0
3587,-5.699999999999939,-8.299999999999976,34434,19660,0
3588,-5.199999999999932,-2.24999999999989,38555,19660,0
3589,-6.249999999999947,1.6000000000001648,30232,19660,0
3590,-5.499999999999936,-0.09999999999985931,36198,19660,0
3591,-7.299999999999962,8.850000000000268,21977,19660,0
3592,-6.849999999999955,-2.9499999999999,25341,19660,0
3593,-7.249999999999961,7.150000000000244,22343,19660,0
3594,-6.549999999999951,4.850000000000211,27897,19660,0
3595,-6.249999999999947,6.350000000000232,30327,19660,0
3596,-7.049999999999958,7.050000000000242,23941,19660,0
3597,-6.099999999999945,0.5000000000001492,31410,19660,0
3598,-6.649999999999952,-7.19999999999996,26856,19660,0
3599,-5.649999999999938,-0.14999999999986002,34997,19660,0
3600,-5.199999999999932,8.550000000000264,38771,19660,0
3601,-5.5999999999999375,-2.8499999999998984,35343,19660,0
3602,-6.249999999999947,2.0000000000001705,30240,19660,0
3603,-6.4499999999999496,-3.249999999999904,28535,19660,0
3604,-6.599999999999952,0.30000000000014637,27406,19660,0
3605,-6.049999999999944,5.150000000000215,31903,19660,0
3606,-6.699999999999953,-7.249999999999961,26455,19660,0
3607,-5.299999999999933,-1.7499999999998828,37765,19660,0
3608,-6.049999999999944,9.400000000000276,31988,19660,0
3609,-5.649999999999938,6.800000000000239,35136,19660,0
3610,-5.04999999999993,-3.6499999999999098,39727,19660,0
3611,-5.04999999999993,7.650000000000251,39953,19660,0
3612,-6.399999999999949,2.250000000000174,29045,19660,0
3613,-7.1499999999999595,7.60000000000025,23152,19660,0
3614,-5.999999999999943,-1.9999999999998863,32160,19660,0
3615,-5.2499999999999325,-4.299999999999919,38114,19660,0
3616,-6.949999999999957,-0.7999999999998693,24584,19660,0
3617,-5.649999999999938,8.650000000000265,35173,19660,0
3618,-6.999999999999957,9.75000000000028,24395,19660,0
3619,-7.19999999999996,-6.749999999999954,22465,19660,0
3620,-6.099999999999945,7.900000000000254,31558,19660,0
3621,-6.849999999999955,-8.799999999999983,25224,19660,0
3622,-5.5999999999999375,-9.549999999999994,35209,19660,0
3623,-5.899999999999942,1.1500000000001585,33023,19660,0
3624,-6.599999999999952,2.5000000000001776,27450,19660,0
3625,-7.099999999999959,-7.099999999999959,23258,19660,0
3626,-5.04999999999993,0.15000000000014424,39803,19660,0
3627,-6.4499999999999496,-2.749999999999897,28545,19660,0
3628,-6.899999999999956,2.2000000000001734,25044,19660,0
3629,-5.74999999999994,-2.049999999999887,34159,19660,0
3630,-5.999999999999943,-1.0499999999998728,32179,19660,0
3631,-7.299999999999962,4.550000000000207,21891,19660,0
3632,-5.349999999999934,9.900000000000283,37598,19660,0
3633,-6.049999999999944,-5.849999999999941,31683,19660,0
3634,-5.999999999999943,8.500000000000263,32370,19660,0
3635,-6.849999999999955,-1.1499999999998742,25377,19660,0
3636,-5.849999999999941,0.25000000000014566,33405,19660,0
3637,-5.09999999999993,8.650000000000265,39573,19660,0
3638,-7.449999999999964,-2.599999999999895,20548,19660,0
3639,-6.199999999999946,-3.8999999999999133,30522,19660,0
3640,-5.2499999999999325,-0.3999999999998636,38192,19660,0
3641,-5.74999999999994,5.000000000000213,34300,19660,0
3642,-6.599999999999952,-4.749999999999925,27305,19660,0
3643,-7.099999999999959,4.1000000000002,23482,19660,0
3644,-7.249999999999961,-8.149999999999974,22037,19660,0
3645,-6.399999999999949,8.500000000000263,29170,19660,0
3646,-5.549999999999937,-9.649999999999995,35607,19660,0
3647,-6.649999999999952,-7.749999999999968,26845,19660,0
3648,-7.19999999999996,3.3500000000001897,22667,19660,0
3649,-5.399999999999935,-6.899999999999956,36862,19660,0
3650,-5.849999999999941,0.6000000000001506,33412,19660,0
3651,-7.299999999999962,-8.949999999999985,21621,19660,0
3652,-6.949999999999957,-5.299999999999933,24494,19660,0
3653,-7.249999999999961,4.150000000000201,22283,19660,0
3654,-6.749999999999954,4.200000000000202,26284,19660,0
3655,-5.349999999999934,9.800000000000281,37596,19660,0
3656,-7.049999999999958,-7.1499999999999595,23657,19660,0
3657,-6.099999999999945,-9.399999999999991,31212,19660,0
3658,-5.5999999999999375,-1.6499999999998813,35367,19660,0
3659,-6.699999999999953,1.2000000000001592,26624,19660,0
3660,-6.099999999999945,1.0000000000001563,31420,19660,0
3661,-5.74999999999994,-2.3499999999998913,34153,19660,0
3662,-5.74999999999994,1.400000000000162,34228,19660,0
3663,-5.199999999999932,0.8000000000001535,38616,19660,0
3664,-6.049999999999944,-2.3499999999998913,31753,19660,0
3665,-6.899999999999956,-6.849999999999955,24863,19660,0
3666,-5.2499999999999325,-9.749999999999996,38005,19660,0
3667,-6.549999999999951,3.850000000000197,27877,19660,0
3668,-6.649999999999952,1.4210854715202004e-13,27000,19660,0
3669,-6.199999999999946,-2.199999999999889,30556,19660,0
3670,-5.449999999999935,-4.649999999999924,36507,19660,0
3671,-5.549999999999937,8.000000000000256,35960,19660,0
3672,-5.999999999999943,6.90000000000024,32338,19660,0
3673,-6.049999999999944,-5.74999999999994,31685,19660,0
3674,-5.349999999999934,3.7000000000001947,37474,19660,0
3675,-5.04999999999993,5.150000000000215,39903,19660,0
3676,-5.149999999999931,9.900000000000283,39198,19660,0
3677,-6.999999999999957,-5.649999999999938,24087,19660,0
3678,-7.449999999999964,-6.7999999999999545,20464,19660,0
3679,-6.749999999999954,5.45000000000022,26309,19660,0
3680,-6.4499999999999496,-5.999999999999943,28480,19660,0
3681,-6.199999999999946,6.750000000000238,30735,19660,0
3682,-6.099999999999945,6.1500000000002295,31523,19660,0
3683,-6.849999999999955,-1.349999999999877,25373,19660,0
3684,-5.74999999999994,7.450000000000248,34349,19660,0
3685,-5.399999999999935,3.9000000000001975,37078,19660,0
3686,-5.649999999999938,-5.74999999999994,34885,19660,0
3687,-5.5999999999999375,4.000000000000199,35480,19660,0
3688,-6.899999999999956,9.150000000000272,25183,19660,0
3689,-7.049999999999958,-0.19999999999986073,23796,19660,0
3690,-7.1499999999999595,-3.799999999999912,22924,19660,0
3691,-5.399999999999935,-8.049999999999972,36839,19660,0
3692,-7.19999999999996,-0.9999999999998721,22580,19660,0
3693,-5.199999999999932,-6.749999999999954,38465,19660,0
3694,-5.149999999999931,4.2500000000002025,39085,19660,0
3695,-5.74999999999994,-7.049999999999958,34059,19660,0
3696,-5.499999999999936,5.45000000000022,36309,19660,0
3697,-6.399999999999949,-9.099999999999987,28818,19660,0
3698,-5.149999999999931,9.100000000000271,39182,19660,0
3699,-6.199999999999946,7.400000000000247,30748,19660,0
3700,-5.79999999999994,5.45000000000022,33909,19660,0
3701,-6.049999999999944,8.850000000000268,31977,19660,0
3702,-6.899999999999956,2.5000000000001776,25050,19660,0
3703,-5.5999999999999375,1.3500000000001613,35427,19660,0
3704,-7.19999999999996,-1.54999999999988,22569,19660,0
3705,-6.4499999999999496,1.4210854715202004e-13,28600,19660,0
3706,-6.399999999999949,3.7000000000001947,29074,19660,0
3707,-6.549999999999951,5.650000000000222,27913,19660,0
3708,-5.74999999999994,1.3000000000001606,34226,19660,0
3709,-6.999999999999957,8.400000000000261,24368,19660,0
3710,-6.049999999999944,3.2500000000001883,31865,19660,0
3711,-5.699999999999939,6.250000000000231,34725,19660,0
3712,-6.849999999999955,7.150000000000244,25543,19660,0
3713,-6.049999999999944,-3.6499999999999098,31727,19660,0
3714,-5.849999999999941,-2.6999999999998963,33346,19660,0
3715,-5.149999999999931,6.450000000000234,39129,19660,0
3716,-6.399999999999949,-6.249999999999947,28875,19660,0
3717,-6.49999999999995,-7.949999999999971,28041,19660,0
3718,-5.449999999999935,-5.04999999999993,36499,19660,0
3719,-5.699999999999939,-3.599999999999909,34528,19660,0
3720,-6.49999999999995,-1.2999999999998764,28174,19660,0
3721,-5.449999999999935,5.650000000000222,36713,19660,0
3722,-7.19999999999996,-8.399999999999977,22432,19660,0
3723,-7.399999999999963,8.000000000000256,21160,19660,0
3724,-7.249999999999961,-5.5999999999999375,22088,19660,0
3725,-5.149999999999931,-7.1499999999999595,38857,19660,0
3726,-5.899999999999942,3.2500000000001883,33065,19660,0
3727,-7.19999999999996,-5.849999999999941,22483,19660,0
3728,-5.09999999999993,-7.19999999999996,39256,19660,0
3729,-6.049999999999944,-8.049999999999972,31639,19660,0
3730,-7.099999999999959,0.7500000000001528,23415,19660,0
3731,-6.599999999999952,-9.649999999999995,27207,19660,0
3732,-6.749999999999954,2.5500000000001783,26251,19660,0
3733,-7.449999999999964,-8.749999999999982,20425,19660,0
3734,-5.399999999999935,7.60000000000025,37152,19660,0
3735,-5.549999999999937,-8.59999999999998,35628,19660,0
3736,-5.5999999999999375,1.4500000000001627,35429,19660,0
3737,-6.149999999999945,3.0500000000001855,31061,19660,0
3738,-5.349999999999934,7.300000000000246,37546,19660,0
3739,-7.4999999999999645,-6.699999999999953,20066,19660,0
3740,-6.599999999999952,3.300000000000189,27466,19660,0
3741,-6.099999999999945,3.3500000000001897,31467,19660,0
3742,-7.099999999999959,-9.849999999999998,23203,19660,0
3743,-7.19999999999996,3.850000000000197,22677,19660,0
3744,-5.09999999999993,3.450000000000191,39469,19660,0
3745,-6.949999999999957,-5.199999999999932,24496,19660,0
3746,-6.249999999999947,3.850000000000197,30277,19660,0
3747,-6.49999999999995,-4.249999999999918,28115,19660,0
3748,-7.449999999999964,5.700000000000223,20714,19660,0
3749,-5.299999999999933,-7.249999999999961,37655,19660,0
3750,-6.549999999999951,-3.8999999999999133,27722,19660,0
3751,-6.149999999999945,3.450000000000191,31069,19660,0
3752,-5.449999999999935,6.450000000000234,36729,19660,0
3753,-5.5999999999999375,8.600000000000264,35572,19660,0
3754,-6.7999999999999545,1.900000000000169,25838,19660,0
3755,-7.399999999999963,1.2500000000001599,21025,19660,0
3756,-5.79999999999994,-0.3999999999998636,33792,19660,0
3757,-5.149999999999931,3.9000000000001975,39078,19660,0
3758,-5.999999999999943,9.550000000000278,32391,19660,0
3759,-7.449999999999964,4.200000000000202,20684,19660,0
3760,-6.349999999999948,3.800000000000196,29476,19660,0
3761,-5.699999999999939,6.350000000000232,34727,19660,0
3762,-5.199999999999932,7.150000000000244,38743,19660,0
3763,-6.749999999999954,-8.349999999999977,26033,19660,0
3764,-5.09999999999993,-5.849999999999941,39283,19660,0
3765,-6.49999999999995,0.25000000000014566,28205,19660,0
3766,-5.349999999999934,-8.54999999999998,37229,19660,0
3767,-5.199999999999932,8.800000000000267,38776,19660,0
3768,-5.04999999999993,-4.149999999999917,39717,19660,0
3769,-6.649999999999952,0.05000000000014282,27001,19660,0
3770,-7.349999999999962,-1.5999999999998806,21368,19660,0
3771,-7.249999999999961,9.250000000000274,22385,19660,0
3772,-6.049999999999944,-1.4499999999998785,31771,19660,0
3773,-7.349999999999962,6.100000000000229,21522,19660,0
3774,-5.449999999999935,-7.249999999999961,36455,19660,0
3775,-5.649999999999938,-1.4499999999998785,34971,19660,0
3776,-5.849999999999941,8.500000000000263,33570,19660,0
3777,-6.249999999999947,-1.2499999999998757,30175,19660,0
3778,-5.04999999999993,2.450000000000177,39849,19660,0
3779,-7.1499999999999595,6.550000000000235,23131,19660,0
3780,-6.4499999999999496,-7.8499999999999694,28443,19660,0
3781,-5.299999999999933,5.350000000000218,37907,19660,0
3782,-6.149999999999945,-2.9999999999999005,30940,19660,0
3783,-5.5999999999999375,3.500000000000192,35470,19660,0
3784,-6.549999999999951,9.200000000000273,27984,19660,0
3785,-7.19999999999996,4.2500000000002025,22685,19660,0
3786,-5.74999999999994,9.850000000000282,34397,19660,0
3787,-7.249999999999961,-2.1499999999998884,22157,19660,0
3788,-5.449999999999935,3.9500000000001982,36679,19660,0
3789,-5.79999999999994,-8.449999999999978,33631,19660,0
3790,-7.4999999999999645,4.0500000000002,20281,19660,0
3791,-6.299999999999947,5.250000000000217,29905,19660,0
3792,-7.249999999999961,6.050000000000228,22321,19660,0
3793,-5.349999999999934,4.6000000000002075,37492,19660,0
3794,-5.74999999999994,-5.649999999999938,34087,19660,0
3795,-7.299999999999962,-8.699999999999982,21626,19660,0
3796,-5.74999999999994,-0.6999999999998678,34186,19660,0
3797,-6.49999999999995,-0.5499999999998657,28189,19660,0
3798,-7.1499999999999595,-5.09999999999993,22898,19660,0
3799,-7.099999999999959,-9.799999999999997,23204,19660,0
3800,-7.4999999999999645,-3.3499999999999055,20133,19660,0
3801,-5.449999999999935,6.550000000000235,36731,19660,0
3802,-6.199999999999946,-7.19999999999996,30456,19660,0
3803,-6.149999999999945,-6.899999999999956,30862,19660,0
3804,-7.099999999999959,-1.4499999999998785,23371,19660,0
3805,-6.249999999999947,3.100000000000186,30262,19660,0
3806,-5.849999999999941,8.400000000000261,33568,19660,0
3807,-5.999999999999943,3.9000000000001975,32278,19660,0
3808,-5.74999999999994,-8.249999999999975,34035,19660,0
3809,-6.299999999999947,1.6500000000001656,29833,19660,0
3810,-6.599999999999952,3.300000000000189,27466,19660,0
3811,-5.449999999999935,5.050000000000214,36701,19660,0
3812,-6.7999999999999545,-6.649999999999952,25667,19660,0
3813,-7.249999999999961,-5.299999999999933,22094,19660,0
3814,-5.899999999999942,-5.2499999999999325,32895,19660,0
3815,-5.2499999999999325,4.300000000000203,38286,19660,0
3816,-5.899999999999942,3.9500000000001982,33079,19660,0
3817,-7.1499999999999595,-8.399999999999977,22832,19660,0
3818,-6.149999999999945,5.000000000000213,31100,19660,0
3819,-5.2499999999999325,0.6500000000001513,38213,19660,0
3820,-6.249999999999947,-3.749999999999911,30125,19660,0
3821,-5.999999999999943,8.500000000000263,32370,19660,0
3822,-7.299999999999962,0.8000000000001535,21816,19660,0
3823,-6.299999999999947,-6.549999999999951,29669,19660,0
3824,-7.1499999999999595,4.200000000000202,23084,19660,0
3825,-5.04999999999993,8.750000000000266,39975,19660,0
3826,-6.099999999999945,-3.8999999999999133,31322,19660,0
3827,-5.04999999999993,-6.649999999999952,39667,19660,0
3828,-6.099999999999945,-1.9999999999998863,31360,19660,0
3829,-5.849999999999941,1.1000000000001577,33422,19660,0
3830,-7.249999999999961,7.750000000000252,22355,19660,0
3831,-6.749999999999954,3.150000000000187,26263,19660,0
3832,-7.4999999999999645,-8.399999999999977,20032,19660,0
3833,-5.649999999999938,7.150000000000244,35143,19660,0
3834,-6.4499999999999496,-3.8499999999999126,28523,19660,0
3835,-7.449999999999964,-5.9499999999999424,20481,19660,0
3836,-6.999999999999957,8.550000000000264,24371,19660,0
3837,-7.399999999999963,-1.2999999999998764,20974,19660,0
3838,-5.499999999999936,-1.7499999999998828,36165,19660,0
3839,-7.399999999999963,8.800000000000267,21176,19660,0
3840,-6.699999999999953,7.350000000000247,26747,19660,0
3841,-6.849999999999955,-5.04999999999993,25299,19660,0
3842,-5.09999999999993,-7.399999999999963,39252,19660,0
3843,-5.9499999999999424,0.4500000000001485,32609,19660,0
3844,-6.349999999999948,-7.249999999999961,29255,19660,0
3845,-6.849999999999955,4.450000000000205,25489,19660,0
3846,-6.7999999999999545,0.25000000000014566,25805,19660,0
3847,-7.4999999999999645,-1.699999999999882,20166,19660,0
3848,-6.4499999999999496,-4.5499999999999226,28509,19660,0
3849,-5.9499999999999424,-2.6999999999998963,32546,19660,0
3850,-5.2499999999999325,-9.399999999999991,38012,19660,0
3851,-6.899999999999956,5.550000000000221,25111,19660,0
3852,-5.9499999999999424,2.100000000000172,32642,19660,0
3853,-5.549999999999937,6.400000000000233,35928,19660,0
3854,-5.199999999999932,1.3500000000001613,38627,19660,0
3855,-7.099999999999959,-0.7499999999998685,23385,19660,0
3856,-5.149999999999931,8.700000000000266,39174,19660,0
3857,-5.74999999999994,-5.149999999999931,34097,19660,0
3858,-6.649999999999952,4.200000000000202,27084,19660,0
3859,-5.899999999999942,0.8500000000001542,33017,19660,0
3860,-7.19999999999996,-4.749999999999925,22505,19660,0
3861,-5.2499999999999325,-0.3999999999998636,38192,19660,0
3862,-6.49999999999995,8.100000000000257,28362,19660,0
3863,-7.399999999999963,-7.1499999999999595,20857,19660,0
3864,-6.749999999999954,0.8500000000001542,26217,19660,0
3865,-5.399999999999935,-1.5999999999998806,36968,19660,0
3866,-6.049999999999944,-9.099999999999987,31618,19660,0
3867,-7.399999999999963,6.300000000000232,21126,19660,0
3868,-6.899999999999956,5.100000000000215,25102,19660,0
3869,-5.149999999999931,-7.699999999999967,38846,19660,0
3870,-5.349999999999934,-3.5499999999999083,37329,19660,0
3871,-6.7999999999999545,-5.04999999999993,25699,19660,0
3872,-6.949999999999957,6.800000000000239,24736,19660,0
3873,-7.349999999999962,-1.9999999999998863,21360,19660,0
3874,-6.399999999999949,2.0000000000001705,29040,19660,0
3875,-6.849999999999955,-4.999999999999929,25300,19660,0
3876,-7.4999999999999645,3.150000000000187,20263,19660,0
3877,-5.149999999999931,-1.4499999999998785,38971,19660,0
3878,-6.49999999999995,-5.5999999999999375,28088,19660,0
3879,-6.549999999999951,3.800000000000196,27876,19660,0
3880,-6.049999999999944,-9.34999999999999,31613,19660,0
3881,-7.049999999999958,6.600000000000236,23932,19660,0
3882,-5.149999999999931,2.250000000000174,39045,19660,0
3883,-6.749999999999954,-0.0499999999998586,26199,19660,0
3884,-7.249999999999961,-0.6499999999998671,22187,19660,0
3885,-6.149999999999945,-9.649999999999995,30807,19660,0
3886,-6.49999999999995,3.2000000000001876,28264,19660,0
3887,-6.049999999999944,-3.4999999999999076,31730,19660,0
3888,-6.649999999999952,6.90000000000024,27138,19660,0
3889,-6.149999999999945,-9.749999999999996,30805,19660,0
3890,-5.299999999999933,-4.149999999999917,37717,19660,0
3891,-6.549999999999951,-6.4499999999999496,27671,19660,0
3892,-7.049999999999958,-3.1499999999999027,23737,19660,0
3893,-6.249999999999947,1.3000000000001606,30226,19660,0
3894,-7.1499999999999595,9.450000000000276,23189,19660,0
3895,-5.399999999999935,-2.0999999999998877,36958,19660,0
3896,-5.79999999999994,-2.9499999999999,33741,19660,0
3897,-5.79999999999994,8.400000000000261,33968,19660,0
3898,-7.19999999999996,7.850000000000254,22757,19660,0
3899,-5.04999999999993,-8.199999999999974,39636,19660,0
3900,-5.299999999999933,-5.499999999999936,37690,19660,0
3901,-7.449999999999964,9.400000000000276,20788,19660,0
3902,-6.4499999999999496,7.750000000000252,28755,19660,0
3903,-7.049999999999958,-6.099999999999945,23678,19660,0
3904,-6.249999999999947,3.2000000000001876,30264,19660,0
3905,-6.599999999999952,-1.2999999999998764,27374,19660,0
3906,-5.79999999999994,5.45000000000022,33909,19660,0
3907,-6.299999999999947,4.500000000000206,29890,19660,0
3908,-7.4999999999999645,-9.049999999999986,20019,19660,0
3909,-6.299999999999947,-3.4999999999999076,29730,19660,0
3910,-6.999999999999957,0.6500000000001513,24213,19660,0
3911,-7.049999999999958,3.2500000000001883,23865,19660,0
3912,-7.249999999999961,-2.9999999999999005,22140,19660,0
3913,-6.599999999999952,-5.149999999999931,27297,19660,0
3914,-6.149999999999945,3.800000000000196,31076,19660,0
3915,-6.849999999999955,4.1000000000002,25482,19660,0
3916,-5.699999999999939,8.35000000000026,34767,19660,0
3917,-6.749999999999954,-0.6999999999998678,26186,19660,0
3918,-6.249999999999947,0.6500000000001513,30213,19660,0
3919,-6.149999999999945,3.9500000000001982,31079,19660,0
3920,-6.349999999999948,3.6000000000001933,29472,19660,0
3921,-7.1499999999999595,-9.95,22801,19660,0
3922,-6.699999999999953,-6.199999999999946,26476,19660,0
3923,-5.74999999999994,-6.899999999999956,34062,19660,0
3924,-5.699999999999939,-5.849999999999941,34483,19660,0
3925,-6.549999999999951,5.250000000000217,27905,19660,0
3926,-6.549999999999951,-1.2499999999998757,27775,19660,0
3927,-7.349999999999962,-3.5499999999999083,21329,19660,0
3928,-6.299999999999947,3.0500000000001855,29861,19660,0
3929,-6.49999999999995,-7.299999999999962,28054,19660,0
3930,-5.899999999999942,-3.8999999999999133,32922,19660,0
3931,-5.9499999999999424,2.9000000000001833,32658,19660,0
3932,-5.9499999999999424,-1.3999999999998778,32572,19660,0
3933,-6.749999999999954,1.2000000000001592,26224,19660,0
3934,-5.2499999999999325,-9.599999999999994,38008,19660,0
3935,-7.19999999999996,-3.949999999999914,22521,19660,0
3936,-6.4499999999999496,-3.399999999999906,28532,19660,0
3937,-5.299999999999933,8.650000000000265,37973,19660,0
3938,-6.199999999999946,4.2500000000002025,30685,19660,0
3939,-6.699999999999953,-0.0499999999998586,26599,19660,0
3940,-7.349999999999962,-8.54999999999998,21229,19660,0
3941,-7.1499999999999595,-0.0499999999998586,22999,19660,0
3942,-6.549999999999951,-8.799999999999983,27624,19660,0
3943,-5.79999999999994,3.450000000000191,33869,19660,0
3944,-7.049999999999958,-6.699999999999953,23666,19660,0
3945,-6.49999999999995,2.2000000000001734,28244,19660,0
3946,-5.349999999999934,2.9000000000001833,37458,19660,0
3947,-5.299999999999933,-8.899999999999984,37622,19660,0
3948,-5.9499999999999424,0.20000000000014495,32604,19660,0
3949,-5.449999999999935,-9.499999999999993,36410,19660,0
3950,-5.5999999999999375,-1.0499999999998728,35379,19660,0
3951,-6.999999999999957,7.7000000000002515,24354,19660,0
3952,-6.649999999999952,-1.199999999999875,26976,19660,0
3953,-5.09999999999993,-9.599999999999994,39208,19660,0
3954,-7.449999999999964,7.250000000000245,20745,19660,0
3955,-6.4499999999999496,-4.449999999999921,28511,19660,0
3956,-7.349999999999962,-6.599999999999952,21268,19660,0
3957,-5.699999999999939,-9.34999999999999,34413,19660,0
3958,-6.199999999999946,8.050000000000257,30761,19660,0
3959,-6.349999999999948,-9.29999999999999,29214,19660,0
3960,-6.4499999999999496,-6.699999999999953,28466,19660,0
3961,-7.349999999999962,-5.2499999999999325,21295,19660,0
3962,-5.449999999999935,2.950000000000184,36659,19660,0
3963,-5.79999999999994,3.9000000000001975,33878,19660,0
3964,-5.499999999999936,-5.899999999999942,36082,19660,0
3965,-6.049999999999944,-4.749999999999925,31705,19660,0
3966,-6.4499999999999496,4.450000000000205,28689,19660,0
3967,-7.049999999999958,0.5500000000001499,23811,19660,0
3968,-5.499999999999936,-9.95,36001,19660,0
3969,-7.19999999999996,-6.899999999999956,22462,19660,0
3970,-5.299999999999933,2.3500000000001755,37847,19660,0
3971,-7.349999999999962,3.5500000000001926,21471,19660,0
3972,-5.299999999999933,4.000000000000199,37880,19660,0
3973,-7.249999999999961,9.450000000000276,22389,19660,0
3974,-6.149999999999945,-5.649999999999938,30887,19660,0
3975,-5.549999999999937,4.300000000000203,35886,19660,0
3976,-7.1499999999999595,-9.199999999999989,22816,19660,0
3977,-6.099999999999945,-7.4999999999999645,31250,19660,0
3978,-7.049999999999958,-1.2499999999998757,23775,19660,0
3979,-7.1499999999999595,9.65000000000028,23193,19660,0
3980,-6.649999999999952,1.3000000000001606,27026,19660,0
3981,-5.349999999999934,6.750000000000238,37535,19660,0
3982,-5.74999999999994,-9.549999999999994,34009,19660,0
3983,-7.4999999999999645,-1.5999999999998806,20168,19660,0
3984,-5.449999999999935,7.250000000000245,36745,19660,0
3985,-5.79999999999994,6.250000000000231,33925,19660,0
3986,-5.699999999999939,7.60000000000025,34752,19660,0
3987,-6.4499999999999496,-8.299999999999976,28434,19660,0
3988,-7.299999999999962,-3.949999999999914,21721,19660,0
3989,-5.9499999999999424,-5.2499999999999325,32495,19660,0
3990,-6.399999999999949,7.400000000000247,29148,19660,0
3991,-6.399999999999949,8.550000000000264,29171,19660,0
3992,-5.199999999999932,-5.849999999999941,38483,19660,0
3993,-5.349999999999934,-9.099999999999987,37218,19660,0
3994,-7.349999999999962,1.2000000000001592,21424,19660,0
3995,-5.899999999999942,-8.049999999999972,32839,19660,0
3996,-6.649999999999952,-0.5999999999998664,26988,19660,0
3997,-7.099999999999959,9.65000000000028,23593,19660,0
3998,-7.349999999999962,8.500000000000263,21570,19660,0
3999,-5.09999999999993,-9.699999999999996,39206,19660,0
4000,-6.849999999999955,-2.4499999999998927,25351,19660,0
4001,-6.849999999999955,6.90000000000024,25538,19660,0
4002,-5.699999999999939,7.350000000000247,34747,19660,0
4003,-6.999999999999957,7.200000000000244,24344,19660,0
4004,-6.849999999999955,8.600000000000264,25572,19660,0
4005,-7.249999999999961,7.900000000000254,22358,19660,0
4006,-6.999999999999957,7.900000000000254,24358,19660,0
4007,-5.04999999999993,-7.799999999999969,39644,19660,0
4008,-6.349999999999948,8.500000000000263,29570,19660,0
4009,-6.399999999999949,-1.9999999999998863,28960,19660,0
4010,-5.999999999999943,-8.499999999999979,32030,19660,0
4011,-6.999999999999957,-1.899999999999885,24162,19660,0
4012,-6.7999999999999545,-5.5999999999999375,25688,19660,0
4013,-6.349999999999948,1.4210854715202004e-13,29400,19660,0
4014,-6.299999999999947,-3.1499999999999027,29737,19660,0
4015,-6.099999999999945,4.200000000000202,31484,19660,0
4016,-7.349999999999962,-4.499999999999922,21310,19660,0
4017,-7.049999999999958,-2.049999999999887,23759,19660,0
4018,-6.249999999999947,3.4000000000001904,30268,19660,0
4019,-5.999999999999943,6.950000000000241,32339,19660,0
4020,-5.649999999999938,-2.599999999999895,34948,19660,0
4021,-6.149999999999945,5.850000000000225,31117,19660,0
4022,-6.349999999999948,-0.9999999999998721,29380,19660,0
4023,-5.649999999999938,3.4000000000001904,35068,19660,0
4024,-7.4999999999999645,-8.349999999999977,20033,19660,0
4025,-5.499999999999936,1.4210854715202004e-13,36200,19660,0
4026,-6.649999999999952,-2.24999999999989,26955,19660,0
4027,-6.699999999999953,-9.24999999999999,26415,19660,0
4028,-5.449999999999935,-7.049999999999958,36459,19660,0
4029,-6.749999999999954,1.3000000000001606,26226,19660,0
4030,-5.5999999999999375,-8.049999999999972,35239,19660,0
4031,-6.7999999999999545,5.8000000000002245,25916,19660,0
4032,-7.299999999999962,-7.649999999999967,21647,19660,0
4033,-7.1499999999999595,1.3000000000001606,23026,19660,0
4034,-7.299999999999962,-5.79999999999994,21684,19660,0
4035,-6.249999999999947,-5.2499999999999325,30095,19660,0
4036,-6.49999999999995,2.300000000000175,28246,19660,0
4037,-5.09999999999993,-8.749999999999982,39225,19660,0
4038,-5.04999999999993,-6.199999999999946,39676,19660,0
4039,-5.199999999999932,-2.8499999999998984,38543,19660,0
4040,-6.549999999999951,-7.349999999999962,27653,19660,0
4041,-6.849999999999955,-6.699999999999953,25266,19660,0
4042,-5.09999999999993,7.400000000000247,39548,19660,0
4043,-5.04999999999993,-7.349999999999962,39653,19660,0
4044,-6.349999999999948,1.2000000000001592,29424,19660,0
4045,-5.999999999999943,-4.8999999999999275,32102,19660,0
4046,-6.4499999999999496,-8.149999999999974,28437,19660,0
4047,-5.2499999999999325,-9.95,38001,19660,0
4048,-6.099999999999945,5.45000000000022,31509,19660,0
4049,-5.04999999999993,-3.449999999999907,39731,19660,0
4050,-7.049999999999958,0.8000000000001535,23816,19660,0
4051,-7.449999999999964,-9.29999999999999,20414,19660,0
4052,-6.399999999999949,-4.299999999999919,28914,19660,0
4053,-5.74999999999994,-4.849999999999927,34103,19660,0
4054,-5.449999999999935,6.050000000000228,36721,19660,0
4055,-6.49999999999995,7.300000000000246,28346,19660,0
4056,-6.549999999999951,2.100000000000172,27842,19660,0
4057,-6.049999999999944,-3.099999999999902,31738,19660,0
4058,-5.399999999999935,-0.29999999999986215,36994,19660,0
4059,-7.4999999999999645,5.250000000000217,20305,19660,0
4060,-5.349999999999934,4.400000000000205,37488,19660,0
4061,-6.49999999999995,7.550000000000249,28351,19660,0
4062,-5.09999999999993,9.300000000000274,39586,19660,0
4063,-7.399999999999963,-8.999999999999986,20820,19660,0
4064,-7.099999999999959,8.25000000000026,23565,19660,0
4065,-5.299999999999933,8.35000000000026,37967,19660,0
4066,-6.849999999999955,3.2000000000001876,25464,19660,0
4067,-7.099999999999959,0.8500000000001542,23417,19660,0
4068,-6.49999999999995,0.05000000000014282,28201,19660,0
4069,-7.449999999999964,5.000000000000213,20700,19660,0
4070,-5.9499999999999424,-9.199999999999989,32416,19660,0
4071,-5.04999999999993,4.350000000000204,39887,19660,0
4072,-6.999999999999957,4.6000000000002075,24292,19660,0
4073,-6.49999999999995,1.4210854715202004e-13,28200,19660,0
4074,-5.04999999999993,-5.499999999999936,39690,19660,0
4075,-5.04999999999993,8.35000000000026,39967,19660,0
4076,-7.299999999999962,1.1000000000001577,21822,19660,0
4077,-7.399999999999963,-6.999999999999957,20860,19660,0
4078,-6.549999999999951,-7.1499999999999595,27657,19660,0
4079,-6.149999999999945,4.6000000000002075,31092,19660,0
4080,-6.899999999999956,7.450000000000248,25149,19660,0
4081,-6.649999999999952,6.90000000000024,27138,19660,0
4082,-6.899999999999956,-4.999999999999929,24900,19660,0
4083,-5.699999999999939,8.95000000000027,34779,19660,0
4084,-7.1499999999999595,9.300000000000274,23186,19660,0
4085,-7.099999999999959,-8.999999999999986,23220,19660,0
4086,-6.099999999999945,6.300000000000232,31526,19660,0
4087,-6.099999999999945,-3.9999999999999147,31320,19660,0
4088,-6.199999999999946,-5.299999999999933,30494,19660,0
4089,-7.4999999999999645,1.6500000000001656,20233,19660,0
4090,-6.949999999999957,7.350000000000247,24747,19660,0
4091,-5.899999999999942,-9.649999999999995,32807,19660,0
4092,-5.449999999999935,-0.5999999999998664,36588,19660,0
4093,-6.149999999999945,-9.499999999999993,30810,19660,0
4094,-5.9499999999999424,9.00000000000027,32780,19660,0
4095,-5.9499999999999424,-8.349999999999977,32433,19660,0
4096,-6.099999999999945,0.10000000000014353,31402,19660,0
4097,-5.149999999999931,2.0000000000001705,39040,19660,0
4098,-6.7999999999999545,-3.0499999999999012,25739,19660,0
4099,-5.999999999999943,-5.349999999999934,32093,19660,0
4100,-6.899999999999956,4.9500000000002125,25099,19660,0
4101,-5.199999999999932,-7.8499999999999694,38443,19660,0
4102,-5.999999999999943,0.25000000000014566,32205,19660,0
4103,-5.999999999999943,-2.049999999999887,32159,19660,0
4104,-5.399999999999935,0.10000000000014353,37002,19660,0
4105,-5.499999999999936,-5.04999999999993,36099,19660,0
4106,-6.199999999999946,-3.449999999999907,30531,19660,0
4107,-6.249999999999947,3.0500000000001855,30261,19660,0
4108,-6.599999999999952,-2.549999999999894,27349,19660,0
4109,-7.249999999999961,-3.449999999999907,22131,19660,0
4110,-5.899999999999942,9.550000000000278,33191,19660,0
4111,-7.4999999999999645,0.8500000000001542,20217,19660,0
4112,-6.4499999999999496,-4.499999999999922,28510,19660,0
4113,-6.7999999999999545,-7.699999999999967,25646,19660,0
4114,-6.399999999999949,-0.5999999999998664,28988,19660,0
4115,-5.849999999999941,-7.89999999999997,33242,19660,0
4116,-7.049999999999958,1.750000000000167,23835,19660,0
4117,-5.9499999999999424,-5.349999999999934,32493,19660,0
4118,-6.699999999999953,-7.8499999999999694,26443,19660,0
4119,-5.299999999999933,6.600000000000236,37932,19660,0
4120,-6.349999999999948,7.650000000000251,29553,19660,0
4121,-6.699999999999953,3.7000000000001947,26674,19660,0
4122,-6.849999999999955,8.100000000000257,25562,19660,0
4123,-6.249999999999947,-6.549999999999951,30069,19660,0
4124,-6.099999999999945,7.100000000000243,31542,19660,0
4125,-7.4999999999999645,-9.799999999999997,20004,19660,0
4126,-7.1499999999999595,7.250000000000245,23145,19660,0
4127,-5.9499999999999424,-2.7999999999998977,32544,19660,0
4128,-5.499999999999936,-2.049999999999887,36159,19660,0
4129,-5.399999999999935,-1.4499999999998785,36971,19660,0
4130,-5.199999999999932,-3.299999999999905,38534,19660,0
4131,-5.399999999999935,2.9000000000001833,37058,19660,0
4132,-5.999999999999943,5.200000000000216,32304,19660,0
4133,-6.199999999999946,3.0500000000001855,30661,19660,0
4134,-5.899999999999942,2.950000000000184,33059,19660,0
4135,-5.299999999999933,0.05000000000014282,37801,19660,0
4136,-5.2499999999999325,5.600000000000222,38312,19660,0
4137,-5.5999999999999375,-7.349999999999962,35253,19660,0
4138,-6.899999999999956,1.0000000000001563,25020,19660,0
4139,-6.249999999999947,-8.949999999999985,30021,19660,0
4140,-5.04999999999993,6.650000000000237,39933,19660,0
4141,-5.5999999999999375,-3.749999999999911,35325,19660,0
4142,-5.449999999999935,-8.299999999999976,36434,19660,0
4143,-6.849999999999955,1.2500000000001599,25425,19660,0
4144,-6.949999999999957,1.8000000000001677,24636,19660,0
4145,-6.349999999999948,6.050000000000228,29521,19660,0
4146,-5.899999999999942,7.950000000000255,33159,19660,0
4147,-6.999999999999957,9.250000000000274,24385,19660,0
4148,-6.549999999999951,-1.4999999999998792,27770,19660,0
4149,-6.399999999999949,-5.649999999999938,28887,19660,0
4150,-5.149999999999931,3.4000000000001904,39068,19660,0
4151,-6.649999999999952,-4.499999999999922,26910,19660,0
4152,-6.299999999999947,4.75000000000021,29895,19660,0
4153,-5.499999999999936,-6.099999999999945,36078,19660,0
4154,-6.4499999999999496,-3.6499999999999098,28527,19660,0
4155,-5.79999999999994,-5.2499999999999325,33695,19660,0
4156,-6.699999999999953,-4.949999999999928,26501,19660,0
4157,-6.7999999999999545,0.8500000000001542,25817,19660,0
4158,-5.499999999999936,0.25000000000014566,36205,19660,0
4159,-7.349999999999962,-8.449999999999978,21231,19660,0
4160,-5.299999999999933,-3.5499999999999083,37729,19660,0
4161,-6.699999999999953,9.65000000000028,26793,19660,0
4162,-6.4499999999999496,-5.899999999999942,28482,19660,0
4163,-5.399999999999935,8.30000000000026,37166,19660,0
4164,-7.099999999999959,-5.999999999999943,23280,19660,0
4165,-5.199999999999932,3.0500000000001855,38661,19660,0
4166,-5.399999999999935,-2.8499999999998984,36943,19660,0
4167,-5.04999999999993,-3.8999999999999133,39722,19660,0
4168,-7.399999999999963,1.2500000000001599,21025,19660,0
4169,-6.599999999999952,1.1000000000001577,27422,19660,0
4170,-7.249999999999961,-7.549999999999965,22049,19660,0
4171,-5.849999999999941,-2.7999999999998977,33344,19660,0
4172,-6.149999999999945,1.3500000000001613,31027,19660,0
4173,-5.649999999999938,4.850000000000211,35097,19660,0
4174,-5.649999999999938,6.400000000000233,35128,19660,0
4175,-6.699999999999953,9.250000000000274,26785,19660,0
4176,-6.599999999999952,5.350000000000218,27507,19660,0
4177,-6.099999999999945,-9.149999999999988,31217,19660,0
4178,-5.199999999999932,-9.34999999999999,38413,19660,0
4179,-5.649999999999938,-0.8999999999998707,34982,19660,0
4180,-5.999999999999943,-9.849999999999998,32003,19660,0
4181,-7.399999999999963,-1.9499999999998856,20961,19660,0
4182,-5.399999999999935,8.450000000000262,37169,19660,0
4183,-5.549999999999937,0.4000000000001478,35808,19660,0
4184,-7.349999999999962,-1.7999999999998835,21364,19660,0
4185,-5.09999999999993,8.000000000000256,39560,19660,0
4186,-7.299999999999962,-3.6499999999999098,21727,19660,0
4187,-5.649999999999938,7.100000000000243,35142,19660,0
4188,-5.499999999999936,6.800000000000239,36336,19660,0
4189,-5.699999999999939,1.2000000000001592,34624,19660,0
4190,-6.599999999999952,-2.599999999999895,27348,19660,0
4191,-5.74999999999994,-7.749999999999968,34045,19660,0
4192,-6.999999999999957,-8.64999999999998,24027,19660,0
4193,-6.099999999999945,7.250000000000245,31545,19660,0
4194,-7.1499999999999595,2.2000000000001734,23044,19660,0
4195,-5.09999999999993,-9.399999999999991,39212,19660,0
4196,-6.7999999999999545,-7.19999999999996,25656,19660,0
4197,-7.099999999999959,8.30000000000026,23566,19660,0
4198,-6.49999999999995,5.900000000000226,28318,19660,0
4199,-7.249999999999961,3.0000000000001847,22260,19660,0
4200,-7.4999999999999645,-7.249999999999961,20055,19660,0
4201,-5.299999999999933,-2.399999999999892,37752,19660,0
4202,-5.149999999999931,-5.549999999999937,38889,19660,0
4203,-6.4499999999999496,-8.749999999999982,28425,19660,0
4204,-6.49999999999995,6.300000000000232,28326,19660,0
4205,-6.399999999999949,9.950000000000284,29199,19660,0
4206,-5.349999999999934,2.100000000000172,37442,19660,0
4207,-6.099999999999945,-6.4499999999999496,31271,19660,0
4208,-5.5999999999999375,4.350000000000204,35487,19660,0
4209,-5.199999999999932,0.10000000000014353,38602,19660,0
4210,-6.649999999999952,8.050000000000257,27161,19660,0
4211,-5.09999999999993,-8.949999999999985,39221,19660,0
4212,-5.04999999999993,-0.5499999999998657,39789,19660,0
4213,-7.049999999999958,-9.699999999999996,23606,19660,0
4214,-7.249999999999961,-9.099999999999987,22018,19660,0
4215,-5.649999999999938,-3.1499999999999027,34937,19660,0
4216,-7.349999999999962,-3.099999999999902,21338,19660,0
4217,-5.9499999999999424,-7.099999999999959,32458,19660,0
4218,-6.949999999999957,-1.7999999999998835,24564,19660,0
4219,-5.299999999999933,-7.699999999999967,37646,19660,0
4220,-6.849999999999955,2.1500000000001727,25443,19660,0
4221,-6.7999999999999545,-1.7999999999998835,25764,19660,0
4222,-6.849999999999955,-4.999999999999929,25300,19660,0
4223,-5.649999999999938,-9.049999999999986,34819,19660,0
4224,-5.499999999999936,-4.999999999999929,36100,19660,0
4225,-5.449999999999935,0.8500000000001542,36617,19660,0
4226,-7.4999999999999645,2.250000000000174,20245,19660,0
4227,-5.74999999999994,1.4210854715202004e-13,34200,19660,0
4228,-5.09999999999993,-7.89999999999997,39242,19660,0
4229,-7.049999999999958,0.4500000000001485,23809,19660,0
4230,-5.399999999999935,-5.79999999999994,36884,19660,0
4231,-6.999999999999957,-2.24999999999989,24155,19660,0
4232,-6.049999999999944,-7.8499999999999694,31643,19660,0
4233,-6.599999999999952,-5.79999999999994,27284,19660,0
4234,-5.5999999999999375,-1.1499999999998742,35377,19660,0
4235,-5.149999999999931,0.5000000000001492,39010,19660,0
4236,-7.1499999999999595,-1.4999999999998792,22970,19660,0
4237,-7.399999999999963,3.5500000000001926,21071,19660,0
4238,-6.949999999999957,2.450000000000177,24649,19660,0
4239,-6.899999999999956,-1.699999999999882,24966,19660,0
4240,-5.699999999999939,1.6000000000001648,34632,19660,0
4241,-6.049999999999944,-8.499999999999979,31630,19660,0
4242,-7.299999999999962,-9.399999999999991,21612,19660,0
4243,-7.049999999999958,0.5500000000001499,23811,19660,0
4244,-5.2499999999999325,-2.3499999999998913,38153,19660,0
4245,-7.449999999999964,-3.1999999999999034,20536,19660,0
4246,-7.4999999999999645,4.900000000000212,20298,19660,0
4247,-6.199999999999946,-3.1999999999999034,30536,19660,0
4248,-5.199999999999932,-2.549999999999894,38549,19660,0
4249,-6.4499999999999496,2.8500000000001826,28657,19660,0
4250,-7.4999999999999645,2.6500000000001798,20253,19660,0
4251,-5.649999999999938,6.1500000000002295,35123,19660,0
4252,-6.549999999999951,2.300000000000175,27846,19660,0
4253,-6.199999999999946,-8.349999999999977,30433,19660,0
4254,-6.49999999999995,9.65000000000028,28393,19660,0
4255,-6.749999999999954,5.000000000000213,26300,19660,0
4256,-6.299999999999947,6.600000000000236,29932,19660,0
4257,-6.999999999999957,9.300000000000274,24386,19660,0
4258,-5.899999999999942,-5.149999999999931,32897,19660,0
4259,-6.949999999999957,1.1000000000001577,24622,19660,0
4260,-5.9499999999999424,-7.949999999999971,32441,19660,0
4261,-5.899999999999942,2.950000000000184,33059,19660,0
4262,-6.649999999999952,6.650000000000237,27133,19660,0
4263,-7.049999999999958,4.0500000000002,23881,19660,0
4264,-7.449999999999964,-5.899999999999942,20482,19660,0
4265,-6.4499999999999496,-5.399999999999935,28492,19660,0
4266,-6.649999999999952,0.30000000000014637,27006,19660,0
4267,-6.699999999999953,3.100000000000186,26662,19660,0
4268,-5.2499999999999325,5.750000000000224,38315,19660,0
4269,-7.19999999999996,-4.8999999999999275,22502,19660,0
4270,-6.749999999999954,8.400000000000261,26368,19660,0
4271,-6.49999999999995,4.2500000000002025,28285,19660,0
4272,-6.549999999999951,-1.9999999999998863,27760,19660,0
4273,-5.399999999999935,-8.54999999999998,36829,19660,0
4274,-6.699999999999953,-3.6999999999999105,26526,19660,0
4275,-6.999999999999957,0.9000000000001549,24218,19660,0
4276,-5.299999999999933,-0.4499999999998643,37791,19660,0
4277,-5.149999999999931,6.450000000000234,39129,19660,0
4278,-5.499999999999936,-1.3999999999998778,36172,19660,0
4279,-7.249999999999961,0.4500000000001485,22209,19660,0
4280,-5.549999999999937,1.3500000000001613,35827,19660,0
4281,-6.149999999999945,-8.54999999999998,30829,19660,0
4282,-6.849999999999955,-2.599999999999895,25348,19660,0
4283,-6.099999999999945,2.2000000000001734,31444,19660,0
4284,-5.549999999999937,-7.8499999999999694,35643,19660,0
4285,-7.049999999999958,-3.299999999999905,23734,19660,0
4286,-5.349999999999934,-4.199999999999918,37316,19660,0
4287,-5.149999999999931,0.8500000000001542,39017,19660,0
4288,-5.699999999999939,5.200000000000216,34704,19660,0
4289,-5.5999999999999375,8.700000000000266,35574,19660,0
4290,-5.2499999999999325,9.500000000000277,38390,19660,0
4291,-5.499999999999936,5.350000000000218,36307,19660,0
4292,-5.5999999999999375,-0.09999999999985931,35398,19660,0
4293,-5.699999999999939,9.00000000000027,34780,19660,0
4294,-5.899999999999942,-1.8499999999998842,32963,19660,0
4295,-7.1499999999999595,-3.9999999999999147,22920,19660,0
4296,-7.049999999999958,-8.699999999999982,23626,19660,0
4297,-5.04999999999993,0.9000000000001549,39818,19660,0
4298,-5.79999999999994,9.900000000000283,33998,19660,0
4299,-5.79999999999994,7.150000000000244,33943,19660,0
4300,-7.4999999999999645,7.750000000000252,20355,19660,0
4301,-7.299999999999962,3.4000000000001904,21868,19660,0
4302,-6.699999999999953,-0.4499999999998643,26591,19660,0
4303,-7.1499999999999595,-8.499999999999979,22830,19660,0
4304,-7.099999999999959,-2.9999999999999005,23340,19660,0
4305,-7.4999999999999645,-8.049999999999972,20039,19660,0
4306,-5.449999999999935,-6.849999999999955,36463,19660,0
4307,-5.999999999999943,-7.699999999999967,32046,19660,0
4308,-6.149999999999945,9.75000000000028,31195,19660,0
4309,-7.399999999999963,7.400000000000247,21148,19660,0
4310,-7.249999999999961,-6.899999999999956,22062,19660,0
4311,-7.299999999999962,-1.3999999999998778,21772,19660,0
4312,-6.599999999999952,-0.09999999999985931,27398,19660,0
4313,-6.4499999999999496,0.5000000000001492,28610,19660,0
4314,-6.849999999999955,1.6000000000001648,25432,19660,0
4315,-6.149999999999945,6.5000000000002345,31130,19660,0
4316,-7.249999999999961,3.850000000000197,22277,19660,0
4317,-5.2499999999999325,-3.1499999999999027,38137,19660,0
4318,-5.5999999999999375,-9.849999999999998,35203,19660,0
4319,-7.299999999999962,-9.499999999999993,21610,19660,0
4320,-5.399999999999935,3.650000000000194,37073,19660,0
4321,-7.249999999999961,-9.24999999999999,22015,19660,0
4322,-6.999999999999957,-8.249999999999975,24035,19660,0
4323,-6.249999999999947,4.9500000000002125,30299,19660,0
4324,-6.49999999999995,9.75000000000028,28395,19660,0
4325,-5.449999999999935,-7.699999999999967,36446,19660,0
4326,-6.249999999999947,-5.699999999999939,30086,19660,0
4327,-5.849999999999941,2.250000000000174,33445,19660,0
4328,-7.299999999999962,6.350000000000232,21927,19660,0
4329,-5.04999999999993,6.600000000000236,39932,19660,0
4330,-6.349999999999948,-0.499999999999865,29390,19660,0
4331,-6.549999999999951,-3.799999999999912,27724,19660,0
4332,-5.9499999999999424,0.6000000000001506,32612,19660,0
4333,-7.249999999999961,-9.699999999999996,22006,19660,0
4334,-7.1499999999999595,0.8500000000001542,23017,19660,0
4335,-5.79999999999994,4.200000000000202,33884,19660,0
4336,-5.849999999999941,-1.9499999999998856,33361,19660,0
4337,-6.849999999999955,-2.24999999999989,25355,19660,0
4338,-7.249999999999961,5.700000000000223,22314,19660,0
4339,-5.549999999999937,-0.9999999999998721,35780,19660,0
4340,-5.04999999999993,-6.699999999999953,39666,19660,0
4341,-6.849999999999955,-6.349999999999948,25273,19660,0
4342,-6.199999999999946,2.300000000000175,30646,19660,0
4343,-6.899999999999956,-0.19999999999986073,24996,19660,0
4344,-7.449999999999964,-0.7999999999998693,20584,19660,0
4345,-5.299999999999933,1.0000000000001563,37820,19660,0
4346,-6.49999999999995,-0.499999999999865,28190,19660,0
4347,-6.649999999999952,-5.199999999999932,26896,19660,0
4348,-7.399999999999963,-8.949999999999985,20821,19660,0
4349,-7.399999999999963,-0.5999999999998664,20988,19660,0
4350,-7.349999999999962,0.9500000000001556,21419,19660,0
4351,-5.09999999999993,2.600000000000179,39452,19660,0
4352,-6.649999999999952,3.0500000000001855,27061,19660,0
4353,-5.349999999999934,4.6000000000002075,37492,19660,0
4354,-7.299999999999962,-0.8999999999998707,21782,19660,0
4355,-5.74999999999994,6.750000000000238,34335,19660,0
4356,-6.7999999999999545,9.100000000000271,25982,19660,0
4357,-5.399999999999935,-8.59999999999998,36828,19660,0
4358,-5.899999999999942,-6.249999999999947,32875,19660,0
4359,-7.049999999999958,9.75000000000028,23995,19660,0
4360,-6.249999999999947,-5.04999999999993,30099,19660,0
4361,-5.149999999999931,-5.9499999999999424,38881,19660,0
4362,-6.49999999999995,9.100000000000271,28382,19660,0
4363,-6.749999999999954,-7.19999999999996,26056,19660,0
4364,-7.1499999999999595,-3.799999999999912,22924,19660,0
4365,-5.499999999999936,-3.599999999999909,36128,19660,0
4366,-5.299999999999933,-4.699999999999925,37706,19660,0
4367,-7.4999999999999645,-4.849999999999927,20103,19660,0
4368,-7.399999999999963,1.9500000000001698,21039,19660,0
4369,-6.599999999999952,5.350000000000218,27507,19660,0
4370,-5.449999999999935,-3.799999999999912,36524,19660,0
4371,-5.349999999999934,-5.04999999999993,37299,19660,0
4372,-5.499999999999936,1.2500000000001599,36225,19660,0
4373,-6.049999999999944,4.550000000000207,31891,19660,0
4374,-5.79999999999994,6.450000000000234,33929,19660,0
4375,-5.349999999999934,-5.149999999999931,37297,19660,0
4376,-6.7999999999999545,7.550000000000249,25951,19660,0
4377,-5.2499999999999325,0.25000000000014566,38205,19660,0
4378,-6.749999999999954,-5.399999999999935,26092,19660,0
4379,-6.199999999999946,9.200000000000273,30784,19660,0
4380,-5.449999999999935,-5.449999999999935,36491,19660,0
4381,-5.199999999999932,-0.09999999999985931,38598,19660,0
4382,-5.9499999999999424,-2.0999999999998877,32558,19660,0
4383,-5.74999999999994,1.3000000000001606,34226,19660,0
4384,-5.449999999999935,4.2500000000002025,36685,19660,0
4385,-7.049999999999958,6.100000000000229,23922,19660,0
4386,-5.399999999999935,-0.7499999999998685,36985,19660,0
4387,-5.999999999999943,5.45000000000022,32309,19660,0
4388,-6.49999999999995,-9.95,28001,19660,0
4389,-5.349999999999934,-9.699999999999996,37206,19660,0
4390,-5.649999999999938,8.700000000000266,35174,19660,0
4391,-6.649999999999952,-5.399999999999935,26892,19660,0
4392,-5.899999999999942,-6.599999999999952,32868,19660,0
4393,-5.149999999999931,-4.699999999999925,38906,19660,0
4394,-5.849999999999941,7.150000000000244,33543,19660,0
4395,-5.649999999999938,-0.4499999999998643,34991,19660,0
4396,-7.049999999999958,7.60000000000025,23952,19660,0
4397,-6.949999999999957,4.0500000000002,24681,19660,0
4398,-6.699999999999953,9.200000000000273,26784,19660,0
4399,-5.199999999999932,-5.649999999999938,38487,19660,0
4400,-6.649999999999952,8.600000000000264,27172,19660,0
4401,-5.349999999999934,4.150000000000201,37483,19660,0
4402,-6.399999999999949,-3.399999999999906,28932,19660,0
4403,-6.349999999999948,-7.299999999999962,29254,19660,0
4404,-5.2499999999999325,-7.649999999999967,38047,19660,0
4405,-7.4999999999999645,7.150000000000244,20343,19660,0
4406,-6.599999999999952,9.250000000000274,27585,19660,0
4407,-6.099999999999945,7.800000000000253,31556,19660,0
4408,-5.09999999999993,-9.24999999999999,39215,19660,0
4409,-6.599999999999952,7.500000000000249,27550,19660,0
4410,-6.649999999999952,9.300000000000274,27186,19660,0
4411,-7.249999999999961,9.70000000000028,22394,19660,0
4412,-6.099999999999945,9.75000000000028,31595,19660,0
4413,-5.199999999999932,7.400000000000247,38748,19660,0
4414,-5.849999999999941,6.450000000000234,33529,19660,0
4415,-7.449999999999964,8.850000000000268,20777,19660,0
4416,-6.349999999999948,-6.999999999999957,29260,19660,0
4417,-6.249999999999947,-3.0499999999999012,30139,19660,0
4418,-5.999999999999943,-8.299999999999976,32034,19660,0
4419,-5.79999999999994,-8.249999999999975,33635,19660,0
4420,-5.699999999999939,-7.649999999999967,34447,19660,0
4421,-5.399999999999935,7.100000000000243,37142,19660,0
4422,-6.699999999999953,6.550000000000235,26731,19660,0
4423,-6.649999999999952,4.200000000000202,27084,19660,0
4424,-5.399999999999935,-1.1499999999998742,36977,19660,0
4425,-6.949999999999957,0.05000000000014282,24601,19660,0
4426,-5.699999999999939,8.30000000000026,34766,19660,0
4427,-6.7999999999999545,-4.5499999999999226,25709,19660,0
4428,-5.499999999999936,6.350000000000232,36327,19660,0
4429,-5.79999999999994,8.200000000000259,33964,19660,0
4430,-6.199999999999946,2.400000000000176,30648,19660,0
4431,-5.699999999999939,5.150000000000215,34703,19660,0
4432,-7.449999999999964,-2.9499999999999,20541,19660,0
4433,-6.049999999999944,7.900000000000254,31958,19660,0
4434,-6.649999999999952,6.100000000000229,27122,19660,0
4435,-5.449999999999935,6.750000000000238,36735,19660,0
4436,-6.199999999999946,-9.34999999999999,30413,19660,0
4437,-5.699999999999939,4.2500000000002025,34685,19660,0
4438,-5.649999999999938,1.8500000000001684,35037,19660,0
4439,-5.149999999999931,8.700000000000266,39174,19660,0
4440,-5.09999999999993,6.800000000000239,39536,19660,0
4441,-5.699999999999939,3.5500000000001926,34671,19660,0
4442,-5.5999999999999375,3.6000000000001933,35472,19660,0
4443,-6.749999999999954,5.50000000000022,26310,19660,0
4444,-5.5999999999999375,6.700000000000237,35534,19660,0
4445,-7.1499999999999595,-6.49999999999995,22870,19660,0
4446,-7.049999999999958,1.8000000000001677,23836,19660,0
4447,-5.299999999999933,-7.8499999999999694,37643,19660,0
4448,-5.299999999999933,-5.449999999999935,37691,19660,0
4449,-6.749999999999954,-2.1499999999998884,26157,19660,0
4450,-6.549999999999951,7.450000000000248,27949,19660,0
4451,-5.79999999999994,-5.149999999999931,33697,19660,0
4452,-7.349999999999962,5.200000000000216,21504,19660,0
4453,-6.949999999999957,-1.4999999999998792,24570,19660,0
4454,-5.199999999999932,4.650000000000208,38693,19660,0
4455,-7.399999999999963,6.400000000000233,21128,19660,0
4456,-6.7999999999999545,7.000000000000242,25940,19660,0
4457,-5.349999999999934,6.700000000000237,37534,19660,0
4458,-5.549999999999937,-3.6999999999999105,35726,19660,0
4459,-6.4499999999999496,-7.19999999999996,28456,19660,0
4460,-5.09999999999993,0.15000000000014424,39403,19660,0
4461,-7.349999999999962,-6.699999999999953,21266,19660,0
4462,-6.749999999999954,-2.399999999999892,26152,19660,0
4463,-7.249999999999961,4.000000000000199,22280,19660,0
4464,-7.449999999999964,5.950000000000227,20719,19660,0
4465,-7.049999999999958,0.6500000000001513,23813,19660,0
4466,-6.299999999999947,-8.399999999999977,29632,19660,0
4467,-5.849999999999941,-4.849999999999927,33303,19660,0
4468,-6.749999999999954,2.250000000000174,26245,19660,0
4469,-5.649999999999938,1.7000000000001663,35034,19660,0
4470,-5.849999999999941,-9.199999999999989,33216,19660,0
4471,-5.849999999999941,4.200000000000202,33484,19660,0
4472,-6.149999999999945,6.250000000000231,31125,19660,0
4473,-5.74999999999994,5.600000000000222,34312,19660,0
4474,-6.999999999999957,1.4210854715202004e-13,24200,19660,0
4475,-6.149999999999945,5.550000000000221,31111,19660,0
4476,-5.199999999999932,-5.849999999999941,38483,19660,0
4477,-6.849999999999955,0.8000000000001535,25416,19660,0
4478,-5.449999999999935,9.600000000000279,36792,19660,0
4479,-6.649999999999952,2.1500000000001727,27043,19660,0
4480,-5.849999999999941,-7.949999999999971,33241,19660,0
4481,-5.699999999999939,-5.09999999999993,34498,19660,0
4482,-6.899999999999956,-0.6499999999998671,24987,19660,0
4483,-6.849999999999955,3.2000000000001876,25464,19660,0
4484,-6.849999999999955,-1.899999999999885,25362,19660,0
4485,-7.399999999999963,-3.6999999999999105,20926,19660,0
4486,-6.699999999999953,-7.549999999999965,26449,19660,0
4487,-5.649999999999938,4.9500000000002125,35099,19660,0
4488,-6.749999999999954,4.550000000000207,26291,19660,0
4489,-7.4999999999999645,7.650000000000251,20353,19660,0
4490,-6.249999999999947,1.050000000000157,30221,19660,0
4491,-7.099999999999959,-1.349999999999877,23373,19660,0
4492,-6.999999999999957,2.250000000000174,24245,19660,0
4493,-5.899999999999942,-7.749999999999968,32845,19660,0
4494,-5.04999999999993,6.750000000000238,39935,19660,0
4495,-7.099999999999959,3.7500000000001954,23475,19660,0
4496,-6.749999999999954,-1.4999999999998792,26170,19660,0
4497,-5.399999999999935,-7.699999999999967,36846,19660,0
4498,-7.19999999999996,-1.5999999999998806,22568,19660,0
4499,-5.699999999999939,8.800000000000267,34776,19660,0
4500,-6.199999999999946,1.6500000000001656,30633,19660,0
4501,-7.299999999999962,-3.9999999999999147,21720,19660,0
4502,-6.4499999999999496,-6.599999999999952,28468,19660,0
4503,-5.199999999999932,-4.749999999999925,38505,19660,0
4504,-6.699999999999953,6.350000000000232,26727,19660,0
4505,-5.549999999999937,-6.349999999999948,35673,19660,0
4506,-6.49999999999995,-3.3499999999999055,28133,19660,0
4507,-6.899999999999956,5.850000000000225,25117,19660,0
4508,-5.449999999999935,9.70000000000028,36794,19660,0
4509,-6.949999999999957,-3.6999999999999105,24526,19660,0
4510,-5.699999999999939,2.800000000000182,34656,19660,0
4511,-5.399999999999935,-0.8999999999998707,36982,19660,0
4512,-6.599999999999952,-4.199999999999918,27316,19660,0
4513,-6.4499999999999496,-6.399999999999949,28472,19660,0
4514,-5.999999999999943,-4.39999999999992,32112,19660,0
4515,-7.399999999999963,5.000000000000213,21100,19660,0
4516,-5.849999999999941,2.600000000000179,33452,19660,0
4517,-6.49999999999995,3.0500000000001855,28261,19660,0
4518,-6.749999999999954,8.500000000000263,26370,19660,0
4519,-5.9499999999999424,-5.199999999999932,32496,19660,0
4520,-7.349999999999962,9.200000000000273,21584,19660,0
4521,-7.249999999999961,3.150000000000187,22263,19660,0
4522,-6.549999999999951,-1.4499999999998785,27771,19660,0
4523,-6.749999999999954,3.100000000000186,26262,19660,0
4524,-6.049999999999944,-8.399999999999977,31632,19660,0
4525,-7.19999999999996,6.300000000000232,22726,19660,0
4526,-6.149999999999945,4.0500000000002,31081,19660,0
4527,-5.74999999999994,-4.299999999999919,34114,19660,0
4528,-7.349999999999962,-0.24999999999986144,21395,19660,0
4529,-7.399999999999963,0.20000000000014495,21004,19660,0
4530,-7.249999999999961,3.0000000000001847,22260,19660,0
4531,-6.849999999999955,6.550000000000235,25531,19660,0
4532,-7.349999999999962,-9.549999999999994,21209,19660,0
4533,-7.19999999999996,-4.149999999999917,22517,19660,0
4534,-6.999999999999957,-0.5999999999998664,24188,19660,0
4535,-7.4999999999999645,9.950000000000284,20399,19660,0
4536,-5.999999999999943,-6.249999999999947,32075,19660,0
4537,-6.399999999999949,1.1000000000001577,29022,19660,0
4538,-6.349999999999948,-4.149999999999917,29317,19660,0
4539,-5.399999999999935,-9.499999999999993,36810,19660,0
4540,-6.999999999999957,5.950000000000227,24319,19660,0
4541,-5.299999999999933,-4.599999999999923,37708,19660,0
4542,-5.549999999999937,9.500000000000277,35990,19660,0
4543,-5.79999999999994,-2.8499999999998984,33743,19660,0
4544,-6.199999999999946,5.550000000000221,30711,19660,0
4545,-7.399999999999963,9.65000000000028,21193,19660,0
4546,-6.399999999999949,-0.84999999999987,28983,19660,0
4547,-5.09999999999993,9.600000000000279,39592,19660,0
4548,-5.549999999999937,-0.6999999999998678,35786,19660,0
4549,-6.349999999999948,1.900000000000169,29438,19660,0
4550,-6.4499999999999496,-8.449999999999978,28431,19660,0
4551,-6.199999999999946,5.200000000000216,30704,19660,0
4552,-6.7999999999999545,2.600000000000179,25852,19660,0
4553,-7.099999999999959,-5.09999999999993,23298,19660,0
4554,-7.349999999999962,-5.549999999999937,21289,19660,0
4555,-5.04999999999993,5.400000000000219,39908,19660,0
4556,-5.699999999999939,4.450000000000205,34689,19660,0
4557,-6.049999999999944,-0.9499999999998714,31781,19660,0
4558,-6.199999999999946,9.00000000000027,30780,19660,0
4559,-5.699999999999939,1.9500000000001698,34639,19660,0
4560,-5.649999999999938,-3.099999999999902,34938,19660,0
4561,-5.5999999999999375,-4.099999999999916,35318,19660,0
4562,-6.7999999999999545,0.9000000000001549,25818,19660,0
4563,-5.999999999999943,-0.5999999999998664,32188,19660,0
4564,-6.299999999999947,3.2000000000001876,29864,19660,0
4565,-5.74999999999994,-2.4499999999998927,34151,19660,0
4566,-6.149999999999945,-3.9999999999999147,30920,19660,0
4567,-6.7999999999999545,5.600000000000222,25912,19660,0
4568,-5.09999999999993,-4.649999999999924,39307,19660,0
4569,-6.399999999999949,5.300000000000217,29106,19660,0
4570,-6.049999999999944,-5.699999999999939,31686,19660,0
4571,-5.449999999999935,-3.1499999999999027,36537,19660,0
4572,-6.749999999999954,-5.149999999999931,26097,19660,0
4573,-6.349999999999948,9.00000000000027,29580,19660,0
4574,-6.099999999999945,-4.099999999999916,31318,19660,0
4575,-7.299999999999962,1.5000000000001634,21830,19660,0
4576,-6.049999999999944,8.550000000000264,31971,19660,0
4577,-6.249999999999947,5.250000000000217,30305,19660,0
4578,-6.199999999999946,8.150000000000258,30763,19660,0
4579,-6.099999999999945,-8.749999999999982,31225,19660,0
4580,-7.099999999999959,4.1000000000002,23482,19660,0
4581,-7.249999999999961,0.6500000000001513,22213,19660,0
4582,-5.899999999999942,-7.549999999999965,32849,19660,0
4583,-5.199999999999932,3.450000000000191,38669,19660,0
4584,-6.4499999999999496,-4.39999999999992,28512,19660,0
4585,-6.349999999999948,-9.149999999999988,29217,19660,0
4586,-6.849999999999955,-2.3499999999998913,25353,19660,0
4587,-5.04999999999993,9.05000000000027,39981,19660,0
4588,-5.399999999999935,2.0500000000001712,37041,19660,0
4589,-6.649999999999952,7.500000000000249,27150,19660,0
4590,-7.399999999999963,5.8000000000002245,21116,19660,0
4591,-5.649999999999938,-4.849999999999927,34903,19660,0
4592,-5.649999999999938,4.500000000000206,35090,19660,0
4593,-6.899999999999956,3.650000000000194,25073,19660,0
4594,-5.549999999999937,-2.0999999999998877,35758,19660,0
4595,-6.949999999999957,9.350000000000275,24787,19660,0
4596,-6.399999999999949,-6.649999999999952,28867,19660,0
4597,-6.949999999999957,-8.349999999999977,24433,19660,0
4598,-5.499999999999936,-2.199999999999889,36156,19660,0
4599,-6.849999999999955,7.750000000000252,25555,19660,0
4600,-6.349999999999948,-9.599999999999994,29208,19660,0
4601,-6.049999999999944,-5.449999999999935,31691,19660,0
4602,-6.399999999999949,-5.79999999999994,28884,19660,0
4603,-7.049999999999958,-9.549999999999994,23609,19660,0
4604,-6.749999999999954,-6.399999999999949,26072,19660,0
4605,-5.649999999999938,4.80000000000021,35096,19660,0
4606,-7.1499999999999595,-0.29999999999986215,22994,19660,0
4607,-5.199999999999932,-4.34999999999992,38513,19660,0
4608,-7.249999999999961,-6.699999999999953,22066,19660,0
4609,-6.249999999999947,2.9000000000001833,30258,19660,0
4610,-6.49999999999995,1.4210854715202004e-13,28200,19660,0
4611,-6.199999999999946,-1.6499999999998813,30567,19660,0
4612,-6.299999999999947,2.7000000000001805,29854,19660,0
4613,-5.849999999999941,-9.149999999999988,33217,19660,0
4614,-5.04999999999993,1.8000000000001677,39836,19660,0
4615,-5.299999999999933,1.3000000000001606,37826,19660,0
4616,-5.499999999999936,3.3500000000001897,36267,19660,0
4617,-5.499999999999936,7.800000000000253,36356,19660,0
4618,-7.4999999999999645,8.850000000000268,20377,19660,0
4619,-7.449999999999964,0.8500000000001542,20617,19660,0
4620,-5.649999999999938,0.25000000000014566,35005,19660,0
4621,-5.79999999999994,7.000000000000242,33940,19660,0
4622,-6.849999999999955,7.800000000000253,25556,19660,0
4623,-6.649999999999952,2.250000000000174,27045,19660,0
4624,-7.449999999999964,7.300000000000246,20746,19660,0
4625,-6.149999999999945,-8.699999999999982,30826,19660,0
4626,-7.19999999999996,-9.799999999999997,22404,19660,0
4627,-6.299999999999947,8.30000000000026,29966,19660,0
4628,-6.649999999999952,-7.249999999999961,26855,19660,0
4629,-7.249999999999961,7.650000000000251,22353,19660,0
4630,-6.699999999999953,7.450000000000248,26749,19660,0
4631,-5.04999999999993,-5.399999999999935,39692,19660,0
4632,-5.449999999999935,-1.54999999999988,36569,19660,0
4633,-5.999999999999943,1.8500000000001684,32237,19660,0
4634,-6.999999999999957,-7.449999999999964,24051,19660,0
4635,-7.049999999999958,5.650000000000222,23913,19660,0
4636,-5.899999999999942,6.5000000000002345,33130,19660,0
4637,-5.299999999999933,5.850000000000225,37917,19660,0
4638,-5.649999999999938,9.800000000000281,35196,19660,0
4639,-5.299999999999933,0.15000000000014424,37803,19660,0
4640,-6.049999999999944,7.000000000000242,31940,19660,0
4641,-5.149999999999931,3.7500000000001954,39075,19660,0
4642,-6.999999999999957,4.000000000000199,24280,19660,0
4643,-6.149999999999945,2.5000000000001776,31050,19660,0
4644,-7.4999999999999645,7.300000000000246,20346,19660,0
4645,-5.5999999999999375,-6.699999999999953,35266,19660,0
4646,-5.549999999999937,-2.0999999999998877,35758,19660,0
4647,-5.399999999999935,-2.749999999999897,36945,19660,0
4648,-5.2499999999999325,9.900000000000283,38398,19660,0
4649,-6.4499999999999496,3.9500000000001982,28679,19660,0
4650,-7.1499999999999595,-3.1499999999999027,22937,19660,0
4651,-5.499999999999936,6.000000000000227,36320,19660,0
4652,-6.849999999999955,-6.649999999999952,25267,19660,0
4653,-6.149999999999945,-3.1999999999999034,30936,19660,0
4654,-6.699999999999953,2.1500000000001727,26643,19660,0
4655,-6.399999999999949,-0.5999999999998664,28988,19660,0
4656,-6.4499999999999496,8.95000000000027,28779,19660,0
4657,-5.449999999999935,0.6500000000001513,36613,19660,0
4658,-5.5999999999999375,-0.34999999999986287,35393,19660,0
4659,-5.199999999999932,6.800000000000239,38736,19660,0
4660,-6.249999999999947,-7.349999999999962,30053,19660,0
4661,-7.1499999999999595,-8.64999999999998,22827,19660,0
4662,-6.7999999999999545,-8.399999999999977,25632,19660,0
4663,-6.549999999999951,6.5000000000002345,27930,19660,0
4664,-6.899999999999956,-8.949999999999985,24821,19660,0
4665,-5.79999999999994,-7.049999999999958,33659,19660,0
4666,-6.649999999999952,7.750000000000252,27155,19660,0
4667,-5.349999999999934,4.900000000000212,37498,19660,0
4668,-6.049999999999944,-4.699999999999925,31706,19660,0
4669,-6.149999999999945,5.600000000000222,31112,19660,0
4670,-6.199999999999946,0.3500000000001471,30607,19660,0
4671,-5.349999999999934,-3.799999999999912,37324,19660,0
4672,-7.249999999999961,9.05000000000027,22381,19660,0
4673,-6.4499999999999496,8.200000000000259,28764,19660,0
4674,-7.19999999999996,1.3000000000001606,22626,19660,0
4675,-5.199999999999932,6.90000000000024,38738,19660,0
4676,-7.399999999999963,0.8500000000001542,21017,19660,0
4677,-6.899999999999956,8.750000000000266,25175,19660,0
4678,-5.04999999999993,3.100000000000186,39862,19660,0
4679,-6.4499999999999496,7.60000000000025,28752,19660,0
4680,-7.049999999999958,-5.899999999999942,23682,19660,0
4681,-7.1499999999999595,-0.0499999999998586,22999,19660,0
4682,-6.899999999999956,2.5000000000001776,25050,19660,0
4683,-7.099999999999959,-3.099999999999902,23338,19660,0
4684,-6.649999999999952,4.850000000000211,27097,19660,0
4685,-6.7999999999999545,3.100000000000186,25862,19660,0
4686,-5.549999999999937,7.450000000000248,35949,19660,0
4687,-6.049999999999944,-3.249999999999904,31735,19660,0
4688,-7.299999999999962,-5.149999999999931,21697,19660,0
4689,-6.399999999999949,4.350000000000204,29087,19660,0
4690,-6.399999999999949,5.300000000000217,29106,19660,0
4691,-5.79999999999994,-10.0,33600,19660,0
4692,-5.699999999999939,3.450000000000191,34669,19660,0
4693,-6.999999999999957,7.7000000000002515,24354,19660,0
4694,-5.999999999999943,-8.64999999999998,32027,19660,0
4695,-6.199999999999946,9.00000000000027,30780,19660,0
4696,-7.299999999999962,9.550000000000278,21991,19660,0
4697,-7.19999999999996,4.000000000000199,22680,19660,0
4698,-6.49999999999995,4.300000000000203,28286,19660,0
4699,-6.949999999999957,-8.54999999999998,24429,19660,0
4700,-5.9499999999999424,3.100000000000186,32662,19660,0
4701,-7.19999999999996,5.900000000000226,22718,19660,0
4702,-5.999999999999943,5.600000000000222,32312,19660,0
4703,-5.699999999999939,4.200000000000202,34684,19660,0
4704,-7.449999999999964,-7.349999999999962,20453,19660,0
4705,-6.099999999999945,-7.4999999999999645,31250,19660,0
4706,-5.9499999999999424,-3.1499999999999027,32537,19660,0
4707,-7.4999999999999645,8.450000000000262,20369,19660,0
4708,-5.2499999999999325,-9.29999999999999,38014,19660,0
4709,-6.549999999999951,3.4000000000001904,27868,19660,0
4710,-6.249999999999947,5.200000000000216,30304,19660,0
4711,-5.199999999999932,-1.199999999999875,38576,19660,0
4712,-7.249999999999961,2.450000000000177,22249,19660,0
4713,-7.299999999999962,2.1500000000001727,21843,19660,0
4714,-5.699999999999939,-4.099999999999916,34518,19660,0
4715,-6.399999999999949,9.900000000000283,29198,19660,0
4716,-5.349999999999934,6.700000000000237,37534,19660,0
4717,-6.599999999999952,4.200000000000202,27484,19660,0
4718,-5.349999999999934,-4.099999999999916,37318,19660,0
4719,-6.999999999999957,-8.749999999999982,24025,19660,0
4720,-6.999999999999957,-4.34999999999992,24113,19660,0
4721,-6.549999999999951,-3.9999999999999147,27720,19660,0
4722,-6.099999999999945,-1.9999999999998863,31360,19660,0
4723,-7.1499999999999595,0.6000000000001506,23012,19660,0
4724,-7.049999999999958,-0.7999999999998693,23784,19660,0
4725,-5.299999999999933,0.5500000000001499,37811,19660,0
4726,-6.849999999999955,-3.799999999999912,25324,19660,0
4727,-6.649999999999952,-2.7999999999998977,26944,19660,0
4728,-7.299999999999962,-6.399999999999949,21672,19660,0
4729,-6.649999999999952,-2.2999999999998906,26954,19660,0
4730,-6.349999999999948,-6.349999999999948,29273,19660,0
4731,-6.4499999999999496,-4.249999999999918,28515,19660,0
4732,-6.299999999999947,9.05000000000027,29981,19660,0
4733,-5.399999999999935,3.500000000000192,37070,19660,0
4734,-5.04999999999993,7.450000000000248,39949,19660,0
4735,-7.1499999999999595,7.850000000000254,23157,19660,0
4736,-6.099999999999945,-8.299999999999976,31234,19660,0
4737,-5.499999999999936,-5.849999999999941,36083,19660,0
4738,-7.049999999999958,-9.799999999999997,23604,19660,0
4739,-6.999999999999957,8.400000000000261,24368,19660,0
4740,-6.049999999999944,5.150000000000215,31903,19660,0
4741,-6.599999999999952,7.200000000000244,27544,19660,0
4742,-7.049999999999958,-5.2499999999999325,23695,19660,0
4743,-7.4999999999999645,2.0000000000001705,20240,19660,0
4744,-7.19999999999996,8.850000000000268,22777,19660,0
4745,-6.149999999999945,9.75000000000028,31195,19660,0
4746,-5.149999999999931,4.2500000000002025,39085,19660,0
4747,-6.849999999999955,8.750000000000266,25575,19660,0
4748,-6.699999999999953,7.60000000000025,26752,19660,0
4749,-5.449999999999935,4.150000000000201,36683,19660,0
4750,-6.549999999999951,2.300000000000175,27846,19660,0
4751,-6.849999999999955,8.050000000000257,25561,19660,0
4752,-5.399999999999935,1.4210854715202004e-13,37000,19660,0
4753,-5.899999999999942,6.650000000000237,33133,19660,0
4754,-5.649999999999938,-1.5999999999998806,34968,19660,0
4755,-5.349999999999934,-6.049999999999944,37279,19660,0
4756,-5.899999999999942,-0.0499999999998586,32999,19660,0
4757,-6.899999999999956,-2.549999999999894,24949,19660,0
4758,-7.1499999999999595,-6.49999999999995,22870,19660,0
4759,-5.79999999999994,6.100000000000229,33922,19660,0
4760,-7.19999999999996,-5.79999999999994,22484,19660,0
4761,-6.7999999999999545,5.150000000000215,25903,19660,0
4762,-5.499999999999936,-0.14999999999986002,36197,19660,0
4763,-6.199999999999946,6.90000000000024,30738,19660,0
4764,-5.79999999999994,8.750000000000266,33975,19660,0
4765,-5.499999999999936,-4.699999999999925,36106,19660,0
4766,-5.2499999999999325,-10.0,38000,19660,0
4767,-6.599999999999952,3.650000000000194,27473,19660,0
4768,-6.699999999999953,-7.1499999999999595,26457,19660,0
4769,-7.4999999999999645,-7.549999999999965,20049,19660,0
4770,-6.4499999999999496,9.600000000000279,28792,19660,0
4771,-5.5999999999999375,-9.399999999999991,35212,19660,0
4772,-5.849999999999941,-8.949999999999985,33221,19660,0
4773,-6.149999999999945,4.80000000000021,31096,19660,0
4774,-6.599999999999952,5.8000000000002245,27516,19660,0
4775,-5.499999999999936,-5.9499999999999424,36081,19660,0
4776,-6.649999999999952,-5.449999999999935,26891,19660,0
4777,-7.1499999999999595,-3.0499999999999012,22939,19660,0
4778,-5.04999999999993,3.9500000000001982,39879,19660,0
4779,-5.2499999999999325,-4.999999999999929,38100,19660,0
4780,-5.149999999999931,6.100000000000229,39122,19660,0
4781,-5.149999999999931,0.5500000000001499,39011,19660,0
4782,-5.9499999999999424,-5.349999999999934,32493,19660,0
4783,-5.549999999999937,-9.449999999999992,35611,19660,0
4784,-7.299999999999962,-4.449999999999921,21711,19660,0
4785,-6.249999999999947,9.65000000000028,30393,19660,0
4786,-7.349999999999962,7.250000000000245,21545,19660,0
4787,-6.49999999999995,-9.799999999999997,28004,19660,0
4788,-7.349999999999962,-2.199999999999889,21356,19660,0
4789,-5.999999999999943,-4.599999999999923,32108,19660,0
4790,-5.299999999999933,5.750000000000224,37915,19660,0
4791,-6.299999999999947,4.1000000000002,29882,19660,0
4792,-5.499999999999936,-4.299999999999919,36114,19660,0
4793,-7.399999999999963,2.8500000000001826,21057,19660,0
4794,-7.449999999999964,-3.799999999999912,20524,19660,0
4795,-6.099999999999945,5.50000000000022,31510,19660,0
4796,-5.09999999999993,8.850000000000268,39577,19660,0
4797,-6.749999999999954,3.7500000000001954,26275,19660,0
4798,-5.699999999999939,-3.399999999999906,34532,19660,0
4799,-5.349999999999934,8.400000000000261,37568,19660,0
4800,-6.899999999999956,3.850000000000197,25077,19660,0
4801,-6.099999999999945,7.250000000000245,31545,19660,0
4802,-5.9499999999999424,-5.5999999999999375,32488,19660,0
4803,-6.049999999999944,-0.14999999999986002,31797,19660,0
4804,-5.999999999999943,-0.14999999999986002,32197,19660,0
4805,-5.149999999999931,-4.599999999999923,38908,19660,0
4806,-6.7999999999999545,1.1500000000001585,25823,19660,0
4807,-5.899999999999942,-9.599999999999994,32808,19660,0
4808,-5.299999999999933,1.2500000000001599,37825,19660,0
4809,-6.249999999999947,8.750000000000266,30375,19660,0
4810,-5.9499999999999424,-9.24999999999999,32415,19660,0
4811,-6.099999999999945,-1.349999999999877,31373,19660,0
4812,-5.79999999999994,0.25000000000014566,33805,19660,0
4813,-6.4499999999999496,1.7000000000001663,28634,19660,0
4814,-5.74999999999994,-7.699999999999967,34046,19660,0
4815,-5.2499999999999325,-3.3499999999999055,38133,19660,0
4816,-5.9499999999999424,6.550000000000235,32731,19660,0
4817,-6.7999999999999545,7.100000000000243,25942,19660,0
4818,-5.2499999999999325,1.5000000000001634,38230,19660,0
4819,-6.7999999999999545,-9.549999999999994,25609,19660,0
4820,-5.499999999999936,-4.249999999999918,36115,19660,0
4821,-6.399999999999949,9.350000000000275,29187,19660,0
4822,-6.549999999999951,9.300000000000274,27986,19660,0
4823,-5.449999999999935,4.850000000000211,36697,19660,0
4824,-7.049999999999958,-4.999999999999929,23700,19660,0
4825,-6.899999999999956,7.200000000000244,25144,19660,0
4826,-7.249999999999961,0.20000000000014495,22204,19660,0
4827,-5.499999999999936,7.000000000000242,36340,19660,0
4828,-5.199999999999932,-8.049999999999972,38439,19660,0
4829,-5.9499999999999424,-5.449999999999935,32491,19660,0
4830,-5.74999999999994,-7.749999999999968,34045,19660,0
4831,-6.749999999999954,-2.199999999999889,26156,19660,0
4832,-5.2499999999999325,-1.699999999999882,38166,19660,0
4833,-6.699999999999953,-3.8999999999999133,26522,19660,0
4834,-5.299999999999933,-9.449999999999992,37611,19660,0
4835,-6.999999999999957,-9.049999999999986,24019,19660,0
4836,-6.399999999999949,-0.5499999999998657,28989,19660,0
4837,-5.449999999999935,7.650000000000251,36753,19660,0
4838,-5.899999999999942,-4.449999999999921,32911,19660,0
4839,-6.099999999999945,3.150000000000187,31463,19660,0
4840,-7.4999999999999645,8.35000000000026,20367,19660,0
4841,-5.899999999999942,8.30000000000026,33166,19660,0
4842,-5.79999999999994,-2.7999999999998977,33744,19660,0
4843,-5.299999999999933,2.1500000000001727,37843,19660,0
4844,-7.349999999999962,-3.8499999999999126,21323,19660,0
4845,-7.1499999999999595,-7.249999999999961,22855,19660,0
4846,-7.099999999999959,-9.549999999999994,23209,19660,0
4847,-7.249999999999961,4.450000000000205,22289,19660,0
4848,-5.849999999999941,5.300000000000217,33506,19660,0
4849,-6.599999999999952,-5.74999999999994,27285,19660,0
4850,-5.649999999999938,4.6000000000002075,35092,19660,0
4851,-5.849999999999941,7.050000000000242,33541,19660,0
4852,-5.449999999999935,-6.49999999999995,36470,19660,0
4853,-5.699999999999939,7.400000000000247,34748,19660,0
4854,-6.49999999999995,-8.699999999999982,28026,19660,0
4855,-6.099999999999945,4.9500000000002125,31499,19660,0
4856,-6.49999999999995,1.400000000000162,28228,19660,0
4857,-5.999999999999943,1.5000000000001634,32230,19660,0
4858,-6.099999999999945,-3.6999999999999105,31326,19660,0
4859,-6.599999999999952,-3.8499999999999126,27323,19660,0
4860,-6.399999999999949,7.450000000000248,29149,19660,0
4861,-5.299999999999933,4.500000000000206,37890,19660,0
4862,-7.4999999999999645,2.6500000000001798,20253,19660,0
4863,-5.649999999999938,-9.899999999999999,34802,19660,0
4864,-6.49999999999995,-0.6499999999998671,28187,19660,0
4865,-5.2499999999999325,-8.449999999999978,38031,19660,0
4866,-7.1499999999999595,-6.849999999999955,22863,19660,0
4867,-6.849999999999955,6.250000000000231,25525,19660,0
4868,-6.999999999999957,-4.849999999999927,24103,19660,0
4869,-7.4999999999999645,-1.7999999999998835,20164,19660,0
4870,-6.399999999999949,-4.999999999999929,28900,19660,0
4871,-6.699999999999953,-7.699999999999967,26446,19660,0
4872,-5.2499999999999325,-5.699999999999939,38086,19660,0
4873,-5.549999999999937,1.5000000000001634,35830,19660,0
4874,-6.7999999999999545,0.7000000000001521,25814,19660,0
4875,-6.249999999999947,-5.04999999999993,30099,19660,0
4876,-6.599999999999952,1.750000000000167,27435,19660,0
4877,-6.649999999999952,-3.949999999999914,26921,19660,0
4878,-5.04999999999993,8.200000000000259,39964,19660,0
4879,-6.099999999999945,1.5500000000001641,31431,19660,0
4880,-7.399999999999963,-4.5499999999999226,20909,19660,0
4881,-6.149999999999945,7.750000000000252,31155,19660,0
4882,-7.4999999999999645,4.500000000000206,20290,19660,0
4883,-6.49999999999995,-6.299999999999947,28074,19660,0
4884,-5.199999999999932,-5.299999999999933,38494,19660,0
4885,-5.399999999999935,9.500000000000277,37190,19660,0
4886,-6.899999999999956,4.150000000000201,25083,19660,0
4887,-6.599999999999952,-3.1499999999999027,27337,19660,0
4888,-7.4999999999999645,7.200000000000244,20344,19660,0
4889,-5.149999999999931,-1.7999999999998835,38964,19660,0
4890,-5.549999999999937,-9.549999999999994,35609,19660,0
4891,-6.349999999999948,-3.249999999999904,29335,19660,0
4892,-5.849999999999941,5.950000000000227,33519,19660,0
4893,-6.399999999999949,-5.349999999999934,28893,19660,0
4894,-6.399999999999949,0.4000000000001478,29008,19660,0
4895,-6.4499999999999496,-9.699999999999996,28406,19660,0
4896,-5.9499999999999424,-5.349999999999934,32493,19660,0
4897,-5.2499999999999325,5.650000000000222,38313,19660,0
4898,-6.4499999999999496,-3.249999999999904,28535,19660,0
4899,-6.549999999999951,-4.849999999999927,27703,19660,0
4900,-5.899999999999942,-3.5499999999999083,32929,19660,0
4901,-6.999999999999957,3.2500000000001883,24265,19660,0
4902,-5.849999999999941,-1.8499999999998842,33363,19660,0
4903,-5.549999999999937,7.7000000000002515,35954,19660,0
4904,-6.049999999999944,-1.0499999999998728,31779,19660,0
4905,-7.349999999999962,-6.949999999999957,21261,19660,0
4906,-6.099999999999945,9.550000000000278,31591,19660,0
4907,-6.599999999999952,6.90000000000024,27538,19660,0
4908,-7.449999999999964,-3.399999999999906,20532,19660,0
4909,-6.899999999999956,-1.349999999999877,24973,19660,0
4910,-6.4499999999999496,-0.34999999999986287,28593,19660,0
4911,-7.399999999999963,-2.8499999999998984,20943,19660,0
4912,-6.699999999999953,9.100000000000271,26782,19660,0
4913,-5.699999999999939,-4.649999999999924,34507,19660,0
4914,-5.299999999999933,2.400000000000176,37848,19660,0
4915,-5.899999999999942,8.900000000000269,33178,19660,0
4916,-6.4499999999999496,3.0000000000001847,28660,19660,0
4917,-5.899999999999942,8.900000000000269,33178,19660,0
4918,-7.4999999999999645,9.500000000000277,20390,19660,0
4919,-6.299999999999947,-8.499999999999979,29630,19660,0
4920,-6.049999999999944,1.2000000000001592,31824,19660,0
4921,-6.549999999999951,1.2500000000001599,27825,19660,0
4922,-5.549999999999937,-0.8999999999998707,35782,19660,0
4923,-5.199999999999932,-3.099999999999902,38538,19660,0
4924,-7.299999999999962,9.800000000000281,21996,19660,0
4925,-6.099999999999945,-6.49999999999995,31270,19660,0
4926,-5.349999999999934,1.5500000000001641,37431,19660,0
4927,-6.149999999999945,5.950000000000227,31119,19660,0
4928,-7.1499999999999595,-7.449999999999964,22851,19660,0
4929,-6.199999999999946,-5.899999999999942,30482,19660,0
4930,-6.7999999999999545,2.5000000000001776,25850,19660,0
4931,-6.749999999999954,-4.999999999999929,26100,19660,0
4932,-7.299999999999962,-5.649999999999938,21687,19660,0
4933,-6.4499999999999496,3.7000000000001947,28674,19660,0
4934,-6.149999999999945,-9.499999999999993,30810,19660,0
4935,-5.499999999999936,-8.399999999999977,36032,19660,0
4936,-6.749999999999954,5.650000000000222,26313,19660,0
4937,-7.1499999999999595,-3.099999999999902,22938,19660,0
4938,-5.549999999999937,-4.149999999999917,35717,19660,0
4939,-5.2499999999999325,2.1500000000001727,38243,19660,0
4940,-5.899999999999942,-7.649999999999967,32847,19660,0
4941,-5.79999999999994,0.4000000000001478,33808,19660,0
4942,-7.399999999999963,-0.14999999999986002,20997,19660,0
4943,-6.249999999999947,-7.949999999999971,30041,19660,0
4944,-5.449999999999935,0.3500000000001471,36607,19660,0
4945,-6.899999999999956,2.5000000000001776,25050,19660,0
4946,-5.5999999999999375,1.7000000000001663,35434,19660,0
4947,-5.449999999999935,3.7500000000001954,36675,19660,0
4948,-5.999999999999943,8.95000000000027,32379,19660,0
4949,-6.899999999999956,5.900000000000226,25118,19660,0
4950,-7.299999999999962,3.300000000000189,21866,19660,0
4951,-5.899999999999942,8.25000000000026,33165,19660,0
4952,-6.599999999999952,-1.1499999999998742,27377,19660,0
4953,-7.249999999999961,1.6500000000001656,22233,19660,0
4954,-7.4999999999999645,6.250000000000231,20325,19660,0
4955,-5.849999999999941,-0.7999999999998693,33384,19660,0
4956,-7.399999999999963,5.650000000000222,21113,19660,0
4957,-6.149999999999945,-8.099999999999973,30838,19660,0
4958,-5.449999999999935,1.3500000000001613,36627,19660,0
4959,-6.949999999999957,-7.399999999999963,24452,19660,0
4960,-6.749999999999954,-0.19999999999986073,26196,19660,0
4961,-6.4499999999999496,-3.6499999999999098,28527,19660,0
4962,-5.849999999999941,-10.0,33200,19660,0
4963,-6.649999999999952,-7.749999999999968,26845,19660,0
4964,-7.249999999999961,-7.099999999999959,22058,19660,0
4965,-6.49999999999995,1.2000000000001592,28224,19660,0
4966,-7.249999999999961,-7.399999999999963,22052,19660,0
4967,-6.649999999999952,0.30000000000014637,27006,19660,0
4968,-6.349999999999948,8.700000000000266,29574,19660,0
4969,-5.699999999999939,-1.7999999999998835,34564,19660,0
4970,-6.699999999999953,-3.1499999999999027,26537,19660,0
4971,-5.5999999999999375,-3.0499999999999012,35339,19660,0
4972,-6.349999999999948,-8.59999999999998,29228,19660,0
4973,-6.249999999999947,3.9500000000001982,30279,19660,0
4974,-5.349999999999934,3.6000000000001933,37472,19660,0
4975,-6.699999999999953,9.850000000000282,26797,19660,0
4976,-5.399999999999935,8.550000000000264,37171,19660,0
4977,-5.5999999999999375,5.300000000000217,35506,19660,0
4978,-7.449999999999964,-9.699999999999996,20406,19660,0
4979,-6.649999999999952,-9.099999999999987,26818,19660,0
4980,-5.649999999999938,-1.349999999999877,34973,19660,0
4981,-5.649999999999938,-7.049999999999958,34859,19660,0
4982,-6.849999999999955,-3.6499999999999098,25327,19660,0
4983,-5.2499999999999325,7.350000000000247,38347,19660,0
4984,-5.09999999999993,-6.649999999999952,39267,19660,0
4985,-5.549999999999937,6.300000000000232,35926,19660,0
4986,-7.249999999999961,9.500000000000277,22390,19660,0
4987,-7.1499999999999595,7.400000000000247,23148,19660,0
4988,-5.549999999999937,2.0500000000001712,35841,19660,0
4989,-7.249999999999961,-8.749999999999982,22025,19660,0
4990,-5.399999999999935,8.650000000000265,37173,19660,0
4991,-5.04999999999993,4.75000000000021,39895,19660,0
4992,-6.199999999999946,3.450000000000191,30669,19660,0
4993,-6.4499999999999496,6.450000000000234,28729,19660,0
4994,-6.7999999999999545,6.750000000000238,25935,19660,0
4995,-7.449999999999964,-6.749999999999954,20465,19660,0
4996,-5.79999999999994,-0.7499999999998685,33785,19660,0
4997,-5.899999999999942,2.1500000000001727,33043,19660,0
4998,-7.449999999999964,7.200000000000244,20744,19660,0
4999,-6.349999999999948,-9.049999999999986,29219,19660,0
5000,-7.449999999999964,9.70000000000028,20794,19660,0
5001,-7.449999999999964,8.650000000000265,20773,19660,0
5002,-5.2499999999999325,0.8500000000001542,38217,19660,0
5003,-6.149999999999945,6.800000000000239,31136,19660,0
5004,-6.849999999999955,9.100000000000271,25582,19660,0
5005,-5.9499999999999424,7.300000000000246,32746,19660,0
5006,-5.649999999999938,-8.199999999999974,34836,19660,0
5007,-5.04999999999993,-1.9999999999998863,39760,19660,0
5008,-7.449999999999964,0.5500000000001499,20611,19660,0
5009,-6.49999999999995,-6.249999999999947,28075,19660,0
5010,-6.749999999999954,-3.249999999999904,26135,19660,0
5011,-6.349999999999948,-5.04999999999993,29299,19660,0
5012,-5.499999999999936,0.9500000000001556,36219,19660,0
5013,-5.199999999999932,1.6500000000001656,38633,19660,0
5014,-5.349999999999934,-8.099999999999973,37238,19660,0
5015,-6.249999999999947,7.750000000000252,30355,19660,0
5016,-6.599999999999952,-7.749999999999968,27245,19660,0
5017,-7.249999999999961,-5.299999999999933,22094,19660,0
5018,-6.049999999999944,8.25000000000026,31965,19660,0
5019,-5.549999999999937,0.9500000000001556,35819,19660,0
5020,-6.549999999999951,-8.499999999999979,27630,19660,0
5021,-5.79999999999994,-6.599999999999952,33668,19660,0
5022,-7.19999999999996,-9.849999999999998,22403,19660,0
5023,-5.74999999999994,-4.099999999999916,34118,19660,0
5024,-6.549999999999951,7.7000000000002515,27954,19660,0
5025,-5.699999999999939,2.600000000000179,34652,19660,0
5026,-5.899999999999942,7.300000000000246,33146,19660,0
5027,-5.74999999999994,-1.0499999999998728,34179,19660,0
5028,-5.699999999999939,9.400000000000276,34788,19660,0
5029,-7.099999999999959,-3.599999999999909,23328,19660,0
5030,-5.999999999999943,-0.0499999999998586,32199,19660,0
5031,-6.349999999999948,-4.799999999999926,29304,19660,0
5032,-5.9499999999999424,-3.4999999999999076,32530,19660,0
5033,-5.299999999999933,-9.749999999999996,37605,19660,0
5034,-6.899999999999956,-5.74999999999994,24885,19660,0
5035,-7.349999999999962,7.400000000000247,21548,19660,0
5036,-5.299999999999933,-9.799999999999997,37604,19660,0
5037,-5.9499999999999424,-9.199999999999989,32416,19660,0
5038,-6.199999999999946,-0.7999999999998693,30584,19660,0
5039,-6.749999999999954,-6.349999999999948,26073,19660,0
5040,-5.349999999999934,3.800000000000196,37476,19660,0
5041,-6.699999999999953,-5.649999999999938,26487,19660,0
5042,-7.399999999999963,-8.199999999999974,20836,19660,0
5043,-6.549999999999951,5.000000000000213,27900,19660,0
5044,-5.09999999999993,2.7000000000001805,39454,19660,0
5045,-5.349999999999934,-9.95,37201,19660,0
5046,-6.749999999999954,-4.499999999999922,26110,19660,0
5047,-6.599999999999952,5.550000000000221,27511,19660,0
5048,-5.499999999999936,7.200000000000244,36344,19660,0
5049,-5.9499999999999424,-1.4999999999998792,32570,19660,0
5050,-6.549999999999951,-8.899999999999984,27622,19660,0
5051,-7.449999999999964,-7.349999999999962,20453,19660,0
5052,-7.299999999999962,2.8500000000001826,21857,19660,0
5053,-5.449999999999935,2.0000000000001705,36640,19660,0
5054,-6.149999999999945,2.100000000000172,31042,19660,0
5055,-6.699999999999953,-5.399999999999935,26492,19660,0
5056,-6.899999999999956,-8.399999999999977,24832,19660,0
5057,-5.9499999999999424,-9.049999999999986,32419,19660,0
5058,-6.249999999999947,-1.4499999999998785,30171,19660,0
5059,-6.49999999999995,6.000000000000227,28320,19660,0
5060,-7.449999999999964,-6.999999999999957,20460,19660,0
5061,-5.449999999999935,9.05000000000027,36781,19660,0
5062,-7.299999999999962,5.550000000000221,21911,19660,0
5063,-6.7999999999999545,0.25000000000014566,25805,19660,0
5064,-6.49999999999995,-10.0,28000,19660,0
5065,-6.299999999999947,-2.9499999999999,29741,19660,0
5066,-7.099999999999959,-2.8499999999998984,23343,19660,0
5067,-6.199999999999946,6.450000000000234,30729,19660,0
5068,-6.999999999999957,1.4500000000001627,24229,19660,0
5069,-7.449999999999964,-3.8499999999999126,20523,19660,0
5070,-7.1499999999999595,5.150000000000215,23103,19660,0
5071,-5.79999999999994,3.6000000000001933,33872,19660,0
5072,-7.049999999999958,-2.599999999999895,23748,19660,0
5073,-5.499999999999936,-1.3999999999998778,36172,19660,0
5074,-7.249999999999961,-7.699999999999967,22046,19660,0
5075,-6.7999999999999545,9.70000000000028,25994,19660,0
5076,-6.149999999999945,3.4000000000001904,31068,19660,0
5077,-7.099999999999959,-6.549999999999951,23269,19660,0
5078,-5.549999999999937,5.600000000000222,35912,19660,0
5079,-5.09999999999993,8.35000000000026,39567,19660,0
5080,-5.999999999999943,0.8000000000001535,32216,19660,0
5081,-5.74999999999994,-6.599999999999952,34068,19660,0
5082,-6.849999999999955,6.750000000000238,25535,19660,0
5083,-6.349999999999948,3.500000000000192,29470,19660,0
5084,-5.849999999999941,-7.699999999999967,33246,19660,0
5085,-6.199999999999946,-5.5999999999999375,30488,19660,0
5086,-7.349999999999962,7.650000000000251,21553,19660,0
5087,-5.04999999999993,-2.199999999999889,39756,19660,0
5088,-5.349999999999934,4.80000000000021,37496,19660,0
5089,-5.299999999999933,8.750000000000266,37975,19660,0
5090,-7.299999999999962,-8.64999999999998,21627,19660,0
5091,-5.849999999999941,-2.4999999999998934,33350,19660,0
5092,-6.249999999999947,-3.1999999999999034,30136,19660,0
5093,-6.549999999999951,1.050000000000157,27821,19660,0
5094,-6.399999999999949,-1.899999999999885,28962,19660,0
5095,-7.099999999999959,5.200000000000216,23504,19660,0
5096,-5.2499999999999325,2.6500000000001798,38253,19660,0
5097,-6.149999999999945,4.2500000000002025,31085,19660,0
5098,-5.849999999999941,8.700000000000266,33574,19660,0
5099,-5.549999999999937,-3.5499999999999083,35729,19660,0
5100,-6.699999999999953,6.5000000000002345,26730,19660,0
5101,-7.349999999999962,1.1000000000001577,21422,19660,0
5102,-7.299999999999962,-3.599999999999909,21728,19660,0
5103,-5.74999999999994,-1.2999999999998764,34174,19660,0
5104,-7.19999999999996,-7.799999999999969,22444,19660,0
5105,-5.299999999999933,-0.9999999999998721,37780,19660,0
5106,-6.299999999999947,1.8500000000001684,29837,19660,0
5107,-6.399999999999949,-5.74999999999994,28885,19660,0
5108,-6.249999999999947,4.75000000000021,30295,19660,0
5109,-6.349999999999948,-4.249999999999918,29315,19660,0
5110,-5.5999999999999375,8.800000000000267,35576,19660,0
5111,-6.049999999999944,0.10000000000014353,31802,19660,0
5112,-6.749999999999954,1.050000000000157,26221,19660,0
5113,-6.7999999999999545,-1.199999999999875,25776,19660,0
5114,-5.349999999999934,0.5500000000001499,37411,19660,0
5115,-5.549999999999937,-8.499999999999979,35630,19660,0
5116,-6.199999999999946,1.8000000000001677,30636,19660,0
5117,-6.399999999999949,-8.149999999999974,28837,19660,0
5118,-7.399999999999963,8.050000000000257,21161,19660,0
5119,-5.349999999999934,-6.849999999999955,37263,19660,0
5120,-5.74999999999994,-8.149999999999974,34037,19660,0
5121,-6.249999999999947,-7.449999999999964,30051,19660,0
5122,-6.099999999999945,8.750000000000266,31575,19660,0
5123,-6.999999999999957,4.150000000000201,24283,19660,0
5124,-6.549999999999951,-1.9499999999998856,27761,19660,0
5125,-6.599999999999952,6.350000000000232,27527,19660,0
5126,-5.04999999999993,-1.7499999999998828,39765,19660,0
5127,-5.499999999999936,-7.4999999999999645,36050,19660,0
5128,-7.4999999999999645,-1.349999999999877,20173,19660,0
5129,-5.499999999999936,-3.949999999999914,36121,19660,0
5130,-5.5999999999999375,9.300000000000274,35586,19660,0
5131,-7.299999999999962,1.5500000000001641,21831,19660,0
5132,-5.549999999999937,-3.8499999999999126,35723,19660,0
5133,-7.4999999999999645,-1.0499999999998728,20179,19660,0
5134,-5.199999999999932,-6.299999999999947,38474,19660,0
5135,-6.099999999999945,-0.6999999999998678,31386,19660,0
5136,-6.149999999999945,-2.199999999999889,30956,19660,0
5137,-5.349999999999934,-8.399999999999977,37232,19660,0
5138,-5.349999999999934,5.950000000000227,37519,19660,0
5139,-6.949999999999957,-7.649999999999967,24447,19660,0
5140,-6.49999999999995,9.350000000000275,28387,19660,0
5141,-5.5999999999999375,6.700000000000237,35534,19660,0
5142,-5.899999999999942,4.700000000000209,33094,19660,0
5143,-5.849999999999941,1.2000000000001592,33424,19660,0
5144,-5.04999999999993,-4.699999999999925,39706,19660,0
5145,-5.79999999999994,-7.649999999999967,33647,19660,0
5146,-6.149999999999945,-4.749999999999925,30905,19660,0
5147,-7.099999999999959,8.150000000000258,23563,19660,0
5148,-6.7999999999999545,1.2500000000001599,25825,19660,0
5149,-6.099999999999945,9.600000000000279,31592,19660,0
5150,-6.049999999999944,-9.699999999999996,31606,19660,0
5151,-7.099999999999959,2.1500000000001727,23443,19660,0
5152,-6.599999999999952,-9.649999999999995,27207,19660,0
5153,-6.299999999999947,-6.549999999999951,29669,19660,0
5154,-5.449999999999935,9.350000000000275,36787,19660,0
5155,-6.399999999999949,-7.8499999999999694,28843,19660,0
5156,-7.19999999999996,-0.29999999999986215,22594,19660,0
5157,-7.099999999999959,6.8500000000002395,23537,19660,0
5158,-6.199999999999946,-4.599999999999923,30508,19660,0
5159,-5.449999999999935,-2.199999999999889,36556,19660,0
5160,-6.349999999999948,-1.0499999999998728,29379,19660,0
5161,-5.449999999999935,-8.349999999999977,36433,19660,0
5162,-7.4999999999999645,3.450000000000191,20269,19660,0
5163,-5.299999999999933,7.100000000000243,37942,19660,0
5164,-6.599999999999952,9.350000000000275,27587,19660,0
5165,-6.4499999999999496,3.6000000000001933,28672,19660,0
5166,-7.349999999999962,6.550000000000235,21531,19660,0
5167,-5.2499999999999325,-7.299999999999962,38054,19660,0
5168,-7.099999999999959,-5.2499999999999325,23295,19660,0
5169,-6.399999999999949,-6.749999999999954,28865,19660,0
5170,-5.499999999999936,-2.599999999999895,36148,19660,0
5171,-6.549999999999951,3.4000000000001904,27868,19660,0
5172,-5.199999999999932,-6.249999999999947,38475,19660,0
5173,-5.899999999999942,-7.599999999999966,32848,19660,0
5174,-5.849999999999941,-4.099999999999916,33318,19660,0
5175,-5.349999999999934,-3.799999999999912,37324,19660,0
5176,-6.049999999999944,-2.899999999999899,31742,19660,0
5177,-5.449999999999935,-8.999999999999986,36420,19660,0
5178,-6.749999999999954,-3.949999999999914,26121,19660,0
5179,-6.299999999999947,9.200000000000273,29984,19660,0
5180,-5.999999999999943,8.450000000000262,32369,19660,0
5181,-6.549999999999951,2.8500000000001826,27857,19660,0
5182,-6.549999999999951,-3.599999999999909,27728,19660,0
5183,-5.74999999999994,-3.299999999999905,34134,19660,0
5184,-5.399999999999935,-5.9499999999999424,36881,19660,0
5185,-7.249999999999961,-1.4499999999998785,22171,19660,0
5186,-5.149999999999931,-8.949999999999985,38821,19660,0
5187,-6.299999999999947,-5.549999999999937,29689,19660,0
5188,-5.5999999999999375,1.2000000000001592,35424,19660,0
5189,-5.199999999999932,-7.449999999999964,38451,19660,0
5190,-5.5999999999999375,-3.449999999999907,35331,19660,0
5191,-7.349999999999962,-9.699999999999996,21206,19660,0
5192,-6.299999999999947,-6.599999999999952,29668,19660,0
5193,-6.7999999999999545,5.45000000000022,25909,19660,0
5194,-5.849999999999941,-4.199999999999918,33316,19660,0
5195,-7.19999999999996,1.900000000000169,22638,19660,0
5196,-5.04999999999993,9.250000000000274,39985,19660,0
5197,-7.249999999999961,-2.549999999999894,22149,19660,0
5198,-6.049999999999944,2.7000000000001805,31854,19660,0
5199,-6.899999999999956,-3.1499999999999027,24937,19660,0
5200,-5.449999999999935,8.500000000000263,36770,19660,0
5201,-5.549999999999937,-7.399999999999963,35652,19660,0
5202,-7.249999999999961,-4.949999999999928,22101,19660,0
5203,-7.449999999999964,-1.7999999999998835,20564,19660,0
5204,-7.449999999999964,1.7000000000001663,20634,19660,0
5205,-6.7999999999999545,-3.799999999999912,25724,19660,0
5206,-5.449999999999935,-9.599999999999994,36408,19660,0
5207,-5.699999999999939,-5.79999999999994,34484,19660,0
5208,-6.199999999999946,-2.9999999999999005,30540,19660,0
5209,-6.199999999999946,5.8000000000002245,30716,19660,0
5210,-6.749999999999954,8.650000000000265,26373,19660,0
5211,-6.399999999999949,4.2500000000002025,29085,19660,0
5212,-5.549999999999937,7.950000000000255,35959,19660,0
5213,-5.149999999999931,-1.9999999999998863,38960,19660,0
5214,-5.199999999999932,-3.5499999999999083,38529,19660,0
5215,-6.49999999999995,9.900000000000283,28398,19660,0
5216,-7.4999999999999645,-8.54999999999998,20029,19660,0
5217,-7.19999999999996,7.350000000000247,22747,19660,0
5218,-5.699999999999939,5.250000000000217,34705,19660,0
5219,-7.049999999999958,4.850000000000211,23897,19660,0
5220,-5.849999999999941,-6.199999999999946,33276,19660,0
5221,-5.549999999999937,3.300000000000189,35866,19660,0
5222,-5.699999999999939,-9.749999999999996,34405,19660,0
5223,-6.549999999999951,1.7000000000001663,27834,19660,0
5224,-5.2499999999999325,-3.399999999999906,38132,19660,0
5225,-6.299999999999947,1.5000000000001634,29830,19660,0
5226,-5.499999999999936,5.550000000000221,36311,19660,0
5227,-6.899999999999956,-1.2499999999998757,24975,19660,0
5228,-5.04999999999993,-1.2499999999998757,39775,19660,0
5229,-6.7999999999999545,-0.84999999999987,25783,19660,0
5230,-5.2499999999999325,3.2000000000001876,38264,19660,0
5231,-6.699999999999953,8.95000000000027,26779,19660,0
5232,-7.19999999999996,6.050000000000228,22721,19660,0
5233,-6.349999999999948,-7.8499999999999694,29243,19660,0
5234,-6.549999999999951,-3.099999999999902,27738,19660,0
5235,-6.349999999999948,9.350000000000275,29587,19660,0
5236,-6.49999999999995,3.0000000000001847,28260,19660,0
5237,-6.599999999999952,9.100000000000271,27582,19660,0
5238,-6.949999999999957,0.8500000000001542,24617,19660,0
5239,-6.999999999999957,7.300000000000246,24346,19660,0
5240,-5.09999999999993,-5.449999999999935,39291,19660,0
5241,-7.399999999999963,8.400000000000261,21168,19660,0
5242,-5.699999999999939,-9.34999999999999,34413,19660,0
5243,-7.4999999999999645,4.850000000000211,20297,19660,0
5244,-6.349999999999948,9.850000000000282,29597,19660,0
5245,-5.449999999999935,-5.149999999999931,36497,19660,0
5246,-6.099999999999945,-5.79999999999994,31284,19660,0
5247,-5.999999999999943,-2.2999999999998906,32154,19660,0
5248,-6.599999999999952,-4.649999999999924,27307,19660,0
5249,-6.399999999999949,-9.399999999999991,28812,19660,0
5250,-6.099999999999945,8.30000000000026,31566,19660,0
5251,-7.099999999999959,7.650000000000251,23553,19660,0
5252,-5.2499999999999325,9.75000000000028,38395,19660,0
5253,-5.899999999999942,-5.549999999999937,32889,19660,0
5254,-5.9499999999999424,-2.4999999999998934,32550,19660,0
5255,-5.09999999999993,-8.999999999999986,39220,19660,0
5256,-6.249999999999947,7.650000000000251,30353,19660,0
5257,-6.249999999999947,-1.3999999999998778,30172,19660,0
5258,-5.699999999999939,6.8500000000002395,34737,19660,0
5259,-5.399999999999935,-5.849999999999941,36883,19660,0
5260,-5.199999999999932,-1.2499999999998757,38575,19660,0
5261,-7.349999999999962,-9.149999999999988,21217,19660,0
5262,-6.249999999999947,-1.699999999999882,30166,19660,0
5263,-6.749999999999954,0.10000000000014353,26202,19660,0
5264,-6.099999999999945,6.950000000000241,31539,19660,0
5265,-5.649999999999938,7.200000000000244,35144,19660,0
5266,-6.849999999999955,-8.099999999999973,25238,19660,0
5267,-6.149999999999945,-8.849999999999984,30823,19660,0
5268,-6.349999999999948,7.7000000000002515,29554,19660,0
5269,-5.999999999999943,-2.199999999999889,32156,19660,0
5270,-5.499999999999936,4.6000000000002075,36292,19660,0
5271,-5.649999999999938,9.500000000000277,35190,19660,0
5272,-7.349999999999962,-7.89999999999997,21242,19660,0
5273,-6.049999999999944,4.2500000000002025,31885,19660,0
5274,-7.049999999999958,-4.099999999999916,23718,19660,0
5275,-5.04999999999993,-4.249999999999918,39715,19660,0
5276,-7.4999999999999645,-0.14999999999986002,20197,19660,0
5277,-6.949999999999957,-1.199999999999875,24576,19660,0
5278,-5.5999999999999375,0.9000000000001549,35418,19660,0
5279,-6.599999999999952,6.750000000000238,27535,19660,0
5280,-5.349999999999934,-1.7999999999998835,37364,19660,0
5281,-7.1499999999999595,4.6000000000002075,23092,19660,0
5282,-5.9499999999999424,-2.899999999999899,32542,19660,0
5283,-5.699999999999939,-6.099999999999945,34478,19660,0
5284,-6.349999999999948,8.650000000000265,29573,19660,0
5285,-6.399999999999949,1.8500000000001684,29037,19660,0
5286,-6.699999999999953,2.2000000000001734,26644,19660,0
5287,-5.549999999999937,-0.34999999999986287,35793,19660,0
5288,-5.74999999999994,2.3500000000001755,34247,19660,0
5289,-6.249999999999947,-2.6499999999998956,30147,19660,0
5290,-5.74999999999994,-3.299999999999905,34134,19660,0
5291,-6.199999999999946,6.450000000000234,30729,19660,0
5292,-7.049999999999958,-1.9499999999998856,23761,19660,0
5293,-6.349999999999948,3.100000000000186,29462,19660,0
5294,-5.299999999999933,-8.999999999999986,37620,19660,0
5295,-5.349999999999934,6.800000000000239,37536,19660,0
5296,-6.849999999999955,5.900000000000226,25518,19660,0
5297,-5.499999999999936,3.6000000000001933,36272,19660,0
5298,-5.9499999999999424,-7.8499999999999694,32443,19660,0
5299,-6.149999999999945,0.9500000000001556,31019,19660,0
5300,-6.49999999999995,-6.699999999999953,28066,19660,0
5301,-7.299999999999962,-6.949999999999957,21661,19660,0
5302,-5.74999999999994,-9.549999999999994,34009,19660,0
5303,-7.099999999999959,-5.399999999999935,23292,19660,0
5304,-5.849999999999941,-2.549999999999894,33349,19660,0
5305,-5.5999999999999375,-8.849999999999984,35223,19660,0
5306,-5.699999999999939,8.550000000000264,34771,19660,0
5307,-7.349999999999962,2.600000000000179,21452,19660,0
5308,-5.5999999999999375,0.6500000000001513,35413,19660,0
5309,-6.599999999999952,-9.399999999999991,27212,19660,0
5310,-5.79999999999994,-10.0,33600,19660,0
5311,-6.699999999999953,-6.999999999999957,26460,19660,0
5312,-7.399999999999963,9.850000000000282,21197,19660,0
5313,-5.349999999999934,-7.399999999999963,37252,19660,0
5314,-6.999999999999957,8.750000000000266,24375,19660,0
5315,-6.149999999999945,-1.899999999999885,30962,19660,0
5316,-6.049999999999944,8.150000000000258,31963,19660,0
5317,-5.149999999999931,-9.899999999999999,38802,19660,0
5318,-5.349999999999934,-5.649999999999938,37287,19660,0
5319,-5.09999999999993,4.75000000000021,39495,19660,0
5320,-5.04999999999993,4.900000000000212,39898,19660,0
5321,-6.249999999999947,-1.54999999999988,30169,19660,0
5322,-6.299999999999947,1.7000000000001663,29834,19660,0
5323,-7.4999999999999645,3.450000000000191,20269,19660,0
5324,-6.999999999999957,3.7000000000001947,24274,19660,0
5325,-6.699999999999953,0.3500000000001471,26607,19660,0
5326,-6.49999999999995,7.250000000000245,28345,19660,0
5327,-5.5999999999999375,9.350000000000275,35587,19660,0
5328,-7.399999999999963,6.750000000000238,21135,19660,0
5329,-5.79999999999994,-7.749999999999968,33645,19660,0
5330,-7.099999999999959,3.2500000000001883,23465,19660,0
5331,-6.099999999999945,5.350000000000218,31507,19660,0
5332,-5.09999999999993,9.150000000000272,39583,19660,0
5333,-6.7999999999999545,-5.999999999999943,25680,19660,0
5334,-5.79999999999994,-1.9499999999998856,33761,19660,0
5335,-7.449999999999964,7.550000000000249,20751,19660,0
5336,-5.449999999999935,1.5000000000001634,36630,19660,0
5337,-7.249999999999961,9.00000000000027,22380,19660,0
5338,-5.499999999999936,-9.149999999999988,36017,19660,0
5339,-5.299999999999933,7.000000000000242,37940,19660,0
5340,-5.999999999999943,6.750000000000238,32335,19660,0
5341,-6.649999999999952,8.450000000000262,27169,19660,0
5342,-7.049999999999958,-6.199999999999946,23676,19660,0
5343,-6.549999999999951,-7.999999999999972,27640,19660,0
5344,-6.299999999999947,-8.849999999999984,29623,19660,0
5345,-6.7999999999999545,-3.949999999999914,25721,19660,0
5346,-7.049999999999958,-1.5999999999998806,23768,19660,0
5347,-7.1499999999999595,-8.64999999999998,22827,19660,0
5348,-6.7999999999999545,0.6000000000001506,25812,19660,0
5349,-7.19999999999996,5.300000000000217,22706,19660,0
5350,-5.699999999999939,-9.649999999999995,34407,19660,0
5351,-7.249999999999961,-0.499999999999865,22190,19660,0
5352,-6.699999999999953,5.250000000000217,26705,19660,0
5353,-6.649999999999952,4.300000000000203,27086,19660,0
5354,-6.099999999999945,-6.4499999999999496,31271,19660,0
5355,-7.4999999999999645,-9.499999999999993,20010,19660,0
5356,-6.299999999999947,-7.749999999999968,29645,19660,0
5357,-6.849999999999955,-3.6999999999999105,25326,19660,0
5358,-6.349999999999948,-5.849999999999941,29283,19660,0
5359,-7.249999999999961,-4.0499999999999154,22119,19660,0
5360,-6.749999999999954,0.20000000000014495,26204,19660,0
5361,-6.4499999999999496,3.3500000000001897,28667,19660,0
5362,-6.999999999999957,8.850000000000268,24377,19660,0
5363,-5.04999999999993,-4.799999999999926,39704,19660,0
5364,-6.999999999999957,-2.549999999999894,24149,19660,0
5365,-6.649999999999952,-4.999999999999929,26900,19660,0
5366,-6.199999999999946,-7.89999999999997,30442,19660,0
5367,-5.999999999999943,-8.149999999999974,32037,19660,0
5368,-5.549999999999937,-9.399999999999991,35612,19660,0
5369,-7.249999999999961,2.100000000000172,22242,19660,0
5370,-7.1499999999999595,-4.0499999999999154,22919,19660,0
5371,-5.09999999999993,-9.449999999999992,39211,19660,0
5372,-6.599999999999952,6.800000000000239,27536,19660,0
5373,-6.649999999999952,-0.8999999999998707,26982,19660,0
5374,-7.19999999999996,4.400000000000205,22688,19660,0
5375,-7.349999999999962,-5.449999999999935,21291,19660,0
5376,-7.19999999999996,-6.649999999999952,22467,19660,0
5377,-6.699999999999953,-9.799999999999997,26404,19660,0
5378,-5.04999999999993,5.250000000000217,39905,19660,0
5379,-6.899999999999956,3.150000000000187,25063,19660,0
5380,-6.649999999999952,2.800000000000182,27056,19660,0
5381,-6.299999999999947,-5.649999999999938,29687,19660,0
5382,-6.049999999999944,-7.8499999999999694,31643,19660,0
5383,-5.2499999999999325,-0.9499999999998714,38181,19660,0
5384,-5.699999999999939,5.150000000000215,34703,19660,0
5385,-6.899999999999956,-8.799999999999983,24824,19660,0
5386,-5.149999999999931,6.450000000000234,39129,19660,0
5387,-5.74999999999994,8.700000000000266,34374,19660,0
5388,-7.249999999999961,-1.9999999999998863,22160,19660,0
5389,-5.499999999999936,-8.099999999999973,36038,19660,0
5390,-7.249999999999961,-6.749999999999954,22065,19660,0
5391,-6.7999999999999545,-9.34999999999999,25613,19660,0
5392,-6.649999999999952,-4.949999999999928,26901,19660,0
5393,-6.099999999999945,4.2500000000002025,31485,19660,0
5394,-7.099999999999959,-3.6499999999999098,23327,19660,0
5395,-6.099999999999945,1.5500000000001641,31431,19660,0
5396,-5.79999999999994,-5.899999999999942,33682,19660,0
5397,-6.549999999999951,2.450000000000177,27849,19660,0
5398,-5.79999999999994,-9.049999999999986,33619,19660,0
5399,-5.899999999999942,4.0500000000002,33081,19660,0
5400,-7.049999999999958,-6.749999999999954,23665,19660,0
5401,-5.09999999999993,-6.599999999999952,39268,19660,0
5402,-6.849999999999955,1.3000000000001606,25426,19660,0
5403,-5.5999999999999375,8.050000000000257,35561,19660,0
5404,-7.399999999999963,6.550000000000235,21131,19660,0
5405,-7.19999999999996,-2.9499999999999,22541,19660,0
5406,-5.649999999999938,1.0000000000001563,35020,19660,0
5407,-5.74999999999994,5.150000000000215,34303,19660,0
5408,-5.349999999999934,-9.34999999999999,37213,19660,0
5409,-5.79999999999994,-2.1499999999998884,33757,19660,0
5410,-6.249999999999947,0.7000000000001521,30214,19660,0
5411,-5.9499999999999424,-1.0999999999998735,32578,19660,0
5412,-5.09999999999993,-1.9499999999998856,39361,19660,0
5413,-5.04999999999993,-0.5999999999998664,39788,19660,0
5414,-5.9499999999999424,-2.6499999999998956,32547,19660,0
5415,-6.149999999999945,-8.799999999999983,30824,19660,0
5416,-5.149999999999931,3.800000000000196,39076,19660,0
5417,-6.749999999999954,-3.399999999999906,26132,19660,0
5418,-5.999999999999943,-8.249999999999975,32035,19660,0
5419,-6.699999999999953,-7.099999999999959,26458,19660,0
5420,-6.749999999999954,-6.299999999999947,26074,19660,0
5421,-5.349999999999934,0.3500000000001471,37407,19660,0
5422,-5.09999999999993,-2.199999999999889,39356,19660,0
5423,-6.7999999999999545,-8.699999999999982,25626,19660,0
5424,-6.299999999999947,-2.199999999999889,29756,19660,0
5425,-6.699999999999953,-7.999999999999972,26440,19660,0
5426,-7.299999999999962,-1.2999999999998764,21774,19660,0
5427,-5.499999999999936,-0.34999999999986287,36193,19660,0
5428,-5.9499999999999424,-6.549999999999951,32469,19660,0
5429,-7.049999999999958,-4.649999999999924,23707,19660,0
5430,-6.549999999999951,5.650000000000222,27913,19660,0
5431,-6.7999999999999545,3.150000000000187,25863,19660,0
5432,-5.199999999999932,-3.5499999999999083,38529,19660,0
5433,-5.549999999999937,2.9000000000001833,35858,19660,0
5434,-5.649999999999938,2.3500000000001755,35047,19660,0
5435,-6.349999999999948,8.550000000000264,29571,19660,0
5436,-6.999999999999957,-7.4999999999999645,24050,19660,0
5437,-5.04999999999993,-6.49999999999995,39670,19660,0
5438,-6.699999999999953,3.0000000000001847,26660,19660,0
5439,-6.999999999999957,1.900000000000169,24238,19660,0
5440,-6.699999999999953,5.200000000000216,26704,19660,0
5441,-6.549999999999951,-5.499999999999936,27690,19660,0
5442,-5.79999999999994,8.850000000000268,33977,19660,0
5443,-5.899999999999942,-9.149999999999988,32817,19660,0
5444,-6.899999999999956,-4.5499999999999226,24909,19660,0
5445,-7.19999999999996,7.850000000000254,22757,19660,0
5446,-7.049999999999958,4.1000000000002,23882,19660,0
5447,-6.649999999999952,6.050000000000228,27121,19660,0
5448,-6.949999999999957,-0.84999999999987,24583,19660,0
5449,-5.649999999999938,9.150000000000272,35183,19660,0
5450,-5.899999999999942,-8.699999999999982,32826,19660,0
5451,-5.09999999999993,-5.299999999999933,39294,19660,0
5452,-5.449999999999935,-2.3499999999998913,36553,19660,0
5453,-6.599999999999952,3.850000000000197,27477,19660,0
5454,-5.349999999999934,7.150000000000244,37543,19660,0
5455,-6.399999999999949,-1.9999999999998863,28960,19660,0
5456,-6.599999999999952,6.950000000000241,27539,19660,0
5457,-5.149999999999931,-9.399999999999991,38812,19660,0
5458,-6.899999999999956,-2.6499999999998956,24947,19660,0
5459,-5.9499999999999424,-0.8999999999998707,32582,19660,0
5460,-5.04999999999993,-7.89999999999997,39642,19660,0
5461,-7.349999999999962,-7.1499999999999595,21257,19660,0
5462,-7.449999999999964,1.7000000000001663,20634,19660,0
5463,-5.399999999999935,-6.899999999999956,36862,19660,0
5464,-5.699999999999939,-0.8999999999998707,34582,19660,0
5465,-5.74999999999994,-2.9499999999999,34141,19660,0
5466,-5.199999999999932,1.1000000000001577,38622,19660,0
5467,-5.449999999999935,-5.79999999999994,36484,19660,0
5468,-6.899999999999956,-9.24999999999999,24815,19660,0
5469,-5.899999999999942,-2.6499999999998956,32947,19660,0
5470,-6.349999999999948,-5.09999999999993,29298,19660,0
5471,-7.099999999999959,-5.04999999999993,23299,19660,0
5472,-7.399999999999963,-4.499999999999922,20910,19660,0
5473,-6.999999999999957,0.15000000000014424,24203,19660,0
5474,-6.999999999999957,-3.749999999999911,24125,19660,0
5475,-7.349999999999962,-0.0499999999998586,21399,19660,0
5476,-5.499999999999936,1.9500000000001698,36239,19660,0
5477,-7.19999999999996,0.25000000000014566,22605,19660,0
5478,-6.349999999999948,2.5500000000001783,29451,19660,0
5479,-6.049999999999944,2.5500000000001783,31851,19660,0
5480,-5.2499999999999325,-1.699999999999882,38166,19660,0
5481,-6.7999999999999545,5.550000000000221,25911,19660,0
5482,-5.199999999999932,-0.6999999999998678,38586,19660,0
5483,-7.099999999999959,-5.199999999999932,23296,19660,0
5484,-7.249999999999961,6.050000000000228,22321,19660,0
5485,-6.549999999999951,-6.049999999999944,27679,19660,0
5486,-6.599999999999952,-4.649999999999924,27307,19660,0
5487,-7.249999999999961,-0.29999999999986215,22194,19660,0
5488,-6.4499999999999496,6.050000000000228,28721,19660,0
5489,-5.9499999999999424,6.750000000000238,32735,19660,0
5490,-7.049999999999958,0.6000000000001506,23812,19660,0
5491,-5.74999999999994,8.35000000000026,34367,19660,0
5492,-6.4499999999999496,-3.1999999999999034,28536,19660,0
5493,-7.1499999999999595,-5.74999999999994,22885,19660,0
5494,-6.149999999999945,-4.5499999999999226,30909,19660,0
5495,-6.299999999999947,4.650000000000208,29893,19660,0
5496,-7.099999999999959,-3.949999999999914,23321,19660,0
5497,-6.7999999999999545,-5.5999999999999375,25688,19660,0
5498,-6.249999999999947,-1.2499999999998757,30175,19660,0
5499,-6.7999999999999545,-5.199999999999932,25696,19660,0
5500,-7.449999999999964,-4.39999999999992,20512,19660,0
5501,-6.599999999999952,-8.049999999999972,27239,19660,0
5502,-5.349999999999934,0.10000000000014353,37402,19660,0
5503,-5.349999999999934,6.300000000000232,37526,19660,0
5504,-5.149999999999931,-8.299999999999976,38834,19660,0
5505,-7.249999999999961,-8.849999999999984,22023,19660,0
5506,-6.999999999999957,-0.29999999999986215,24194,19660,0
5507,-6.299999999999947,-3.8999999999999133,29722,19660,0
5508,-7.099999999999959,-9.899999999999999,23202,19660,0
5509,-6.49999999999995,4.500000000000206,28290,19660,0
5510,-7.249999999999961,5.700000000000223,22314,19660,0
5511,-6.049999999999944,5.300000000000217,31906,19660,0
5512,-6.099999999999945,0.7500000000001528,31415,19660,0
5513,-5.09999999999993,-5.09999999999993,39298,19660,0
5514,-7.449999999999964,2.100000000000172,20642,19660,0
5515,-6.399999999999949,4.500000000000206,29090,19660,0
5516,-5.549999999999937,-3.6499999999999098,35727,19660,0
5517,-7.099999999999959,8.900000000000269,23578,19660,0
5518,-6.199999999999946,-1.6499999999998813,30567,19660,0
5519,-6.349999999999948,-4.749999999999925,29305,19660,0
5520,-6.899999999999956,-0.499999999999865,24990,19660,0
5521,-5.399999999999935,-1.4499999999998785,36971,19660,0
5522,-6.599999999999952,-4.799999999999926,27304,19660,0
5523,-7.449999999999964,-3.599999999999909,20528,19660,0
5524,-5.149999999999931,-1.199999999999875,38976,19660,0
5525,-6.399999999999949,0.9500000000001556,29019,19660,0
5526,-7.249999999999961,-1.199999999999875,22176,19660,0
5527,-6.249999999999947,-7.799999999999969,30044,19660,0
5528,-5.74999999999994,-9.199999999999989,34016,19660,0
5529,-6.7999999999999545,8.30000000000026,25966,19660,0
5530,-6.749999999999954,2.950000000000184,26259,19660,0
5531,-6.249999999999947,7.300000000000246,30346,19660,0
5532,-5.2499999999999325,2.600000000000179,38252,19660,0
5533,-5.849999999999941,-8.59999999999998,33228,19660,0
5534,-6.949999999999957,4.450000000000205,24689,19660,0
5535,-6.549999999999951,-0.8999999999998707,27782,19660,0
5536,-7.299999999999962,-0.6999999999998678,21786,19660,0
5537,-6.549999999999951,6.350000000000232,27927,19660,0
5538,-5.74999999999994,5.350000000000218,34307,19660,0
5539,-6.899999999999956,6.600000000000236,25132,19660,0
5540,-5.449999999999935,6.750000000000238,36735,19660,0
5541,-5.349999999999934,-9.799999999999997,37204,19660,0
5542,-6.699999999999953,1.3000000000001606,26626,19660,0
5543,-6.999999999999957,-4.949999999999928,24101,19660,0
5544,-6.7999999999999545,-2.4999999999998934,25750,19660,0
5545,-5.999999999999943,5.750000000000224,32315,19660,0
5546,-5.299999999999933,-5.449999999999935,37691,19660,0
5547,-5.649999999999938,7.400000000000247,35148,19660,0
5548,-5.74999999999994,-2.049999999999887,34159,19660,0
5549,-5.74999999999994,7.400000000000247,34348,19660,0
5550,-7.4999999999999645,-3.099999999999902,20138,19660,0
5551,-5.849999999999941,-5.699999999999939,33286,19660,0
5552,-6.7999999999999545,-6.249999999999947,25675,19660,0
5553,-5.5999999999999375,4.650000000000208,35493,19660,0
5554,-6.999999999999957,-3.8499999999999126,24123,19660,0
5555,-6.49999999999995,0.8000000000001535,28216,19660,0
5556,-6.4499999999999496,-0.29999999999986215,28594,19660,0
5557,-7.1499999999999595,-7.099999999999959,22858,19660,0
5558,-5.299999999999933,0.20000000000014495,37804,19660,0
5559,-5.899999999999942,6.400000000000233,33128,19660,0
5560,-5.699999999999939,-6.4499999999999496,34471,19660,0
5561,-6.7999999999999545,8.30000000000026,25966,19660,0
5562,-6.7999999999999545,7.500000000000249,25950,19660,0
5563,-6.7999999999999545,-0.9999999999998721,25780,19660,0
5564,-7.099999999999959,1.4500000000001627,23429,19660,0
5565,-5.299999999999933,6.050000000000228,37921,19660,0
5566,-6.749999999999954,-8.849999999999984,26023,19660,0
5567,-7.349999999999962,2.2000000000001734,21444,19660,0
5568,-6.249999999999947,5.250000000000217,30305,19660,0
5569,-6.649999999999952,-8.049999999999972,26839,19660,0
5570,-6.849999999999955,-8.849999999999984,25223,19660,0
5571,-6.199999999999946,1.3000000000001606,30626,19660,0
5572,-5.5999999999999375,-0.9999999999998721,35380,19660,0
5573,-6.49999999999995,-7.049999999999958,28059,19660,0
5574,-5.349999999999934,8.000000000000256,37560,19660,0
5575,-5.349999999999934,-9.049999999999986,37219,19660,0
5576,-5.849999999999941,8.100000000000257,33562,19660,0
5577,-6.849999999999955,-2.599999999999895,25348,19660,0
5578,-6.849999999999955,-4.499999999999922,25310,19660,0
5579,-7.449999999999964,0.3500000000001471,20607,19660,0
5580,-6.999999999999957,9.400000000000276,24388,19660,0
5581,-6.7999999999999545,-5.999999999999943,25680,19660,0
5582,-6.849999999999955,1.6500000000001656,25433,19660,0
5583,-6.849999999999955,5.000000000000213,25500,19660,0
5584,-5.349999999999934,-5.09999999999993,37298,19660,0
5585,-7.399999999999963,4.550000000000207,21091,19660,0
5586,-6.7999999999999545,-5.449999999999935,25691,19660,0
5587,-5.199999999999932,9.200000000000273,38784,19660,0
5588,-6.249999999999947,2.8500000000001826,30257,19660,0
5589,-5.04999999999993,-9.499999999999993,39610,19660,0
5590,-5.899999999999942,-4.449999999999921,32911,19660,0
5591,-6.599999999999952,-1.5999999999998806,27368,19660,0
5592,-7.049999999999958,-4.749999999999925,23705,19660,0
5593,-5.499999999999936,-2.6499999999998956,36147,19660,0
5594,-6.49999999999995,5.150000000000215,28303,19660,0
5595,-6.349999999999948,4.350000000000204,29487,19660,0
5596,-6.849999999999955,-6.4499999999999496,25271,19660,0
5597,-5.399999999999935,-5.899999999999942,36882,19660,0
5598,-6.049999999999944,-8.699999999999982,31626,19660,0
5599,-6.999999999999957,2.1500000000001727,24243,19660,0
5600,-5.09999999999993,-2.6499999999998956,39347,19660,0
5601,-7.4999999999999645,0.25000000000014566,20205,19660,0
5602,-6.549999999999951,6.5000000000002345,27930,19660,0
5603,-5.299999999999933,-5.499999999999936,37690,19660,0
5604,-5.699999999999939,7.000000000000242,34740,19660,0
5605,-6.999999999999957,8.850000000000268,24377,19660,0
5606,-6.049999999999944,7.150000000000244,31943,19660,0
5607,-6.249999999999947,-6.399999999999949,30072,19660,0
5608,-6.249999999999947,-7.8499999999999694,30043,19660,0
5609,-7.099999999999959,4.300000000000203,23486,19660,0
5610,-6.149999999999945,-6.549999999999951,30869,19660,0
5611,-7.349999999999962,-7.699999999999967,21246,19660,0
5612,-7.449999999999964,9.70000000000028,20794,19660,0
5613,-6.899999999999956,8.400000000000261,25168,19660,0
5614,-6.099999999999945,3.450000000000191,31469,19660,0
5615,-5.199999999999932,3.2500000000001883,38665,19660,0
5616,-6.199999999999946,-8.59999999999998,30428,19660,0
5617,-6.199999999999946,5.850000000000225,30717,19660,0
5618,-5.74999999999994,-5.899999999999942,34082,19660,0
5619,-5.999999999999943,9.350000000000275,32387,19660,0
5620,-5.449999999999935,-6.099999999999945,36478,19660,0
5621,-7.249999999999961,2.300000000000175,22246,19660,0
5622,-7.399999999999963,2.0000000000001705,21040,19660,0
5623,-7.19999999999996,3.300000000000189,22666,19660,0
5624,-6.49999999999995,-6.249999999999947,28075,19660,0
5625,-5.04999999999993,7.850000000000254,39957,19660,0
5626,-7.4999999999999645,1.4210854715202004e-13,20200,19660,0
5627,-6.849999999999955,3.0000000000001847,25460,19660,0
5628,-5.699999999999939,6.400000000000233,34728,19660,0
5629,-6.699999999999953,2.600000000000179,26652,19660,0
5630,-6.199999999999946,3.300000000000189,30666,19660,0
5631,-6.949999999999957,-1.7499999999998828,24565,19660,0
5632,-6.099999999999945,7.800000000000253,31556,19660,0
5633,-6.749999999999954,2.3500000000001755,26247,19660,0
5634,-6.399999999999949,7.000000000000242,29140,19660,0
5635,-6.749999999999954,-5.699999999999939,26086,19660,0
5636,-5.199999999999932,9.350000000000275,38787,19660,0
5637,-6.649999999999952,7.7000000000002515,27154,19660,0
5638,-5.849999999999941,5.700000000000223,33514,19660,0
5639,-7.299999999999962,-2.749999999999897,21745,19660,0
5640,-6.7999999999999545,-7.599999999999966,25648,19660,0
5641,-5.899999999999942,-5.74999999999994,32885,19660,0
5642,-5.849999999999941,-1.2999999999998764,33374,19660,0
5643,-6.949999999999957,3.2500000000001883,24665,19660,0
5644,-6.199999999999946,4.550000000000207,30691,19660,0
5645,-5.549999999999937,5.200000000000216,35904,19660,0
5646,-5.499999999999936,-9.549999999999994,36009,19660,0
5647,-7.099999999999959,6.800000000000239,23536,19660,0
5648,-7.1499999999999595,4.400000000000205,23088,19660,0
5649,-6.049999999999944,-6.199999999999946,31676,19660,0
5650,-5.299999999999933,-8.249999999999975,37635,19660,0
5651,-7.449999999999964,-2.1499999999998884,20557,19660,0
5652,-5.5999999999999375,4.6000000000002075,35492,19660,0
5653,-5.79999999999994,3.3500000000001897,33867,19660,0
5654,-5.74999999999994,2.8500000000001826,34257,19660,0
5655,-6.049999999999944,-5.5999999999999375,31688,19660,0
5656,-6.149999999999945,-9.049999999999986,30819,19660,0
5657,-7.449999999999964,-0.0499999999998586,20599,19660,0
5658,-5.499999999999936,-4.649999999999924,36107,19660,0
5659,-5.999999999999943,-5.199999999999932,32096,19660,0
5660,-7.099999999999959,-5.549999999999937,23289,19660,0
5661,-6.549999999999951,1.8500000000001684,27837,19660,0
5662,-5.149999999999931,8.450000000000262,39169,19660,0
5663,-7.299999999999962,4.300000000000203,21886,19660,0
5664,-7.4999999999999645,-2.7999999999998977,20144,19660,0
5665,-6.4499999999999496,2.5000000000001776,28650,19660,0
5666,-7.249999999999961,3.9500000000001982,22279,19660,0
5667,-6.199999999999946,7.050000000000242,30741,19660,0
5668,-5.299999999999933,9.150000000000272,37983,19660,0
5669,-6.49999999999995,6.050000000000228,28321,19660,0
5670,-5.999999999999943,0.4000000000001478,32208,19660,0
5671,-6.49999999999995,5.000000000000213,28300,19660,0
5672,-5.74999999999994,-6.149999999999945,34077,19660,0
5673,-6.299999999999947,8.900000000000269,29978,19660,0
5674,-6.199999999999946,-2.199999999999889,30556,19660,0
5675,-7.4999999999999645,2.5500000000001783,20251,19660,0
5676,-6.349999999999948,-9.449999999999992,29211,19660,0
5677,-5.04999999999993,-1.5999999999998806,39768,19660,0
5678,-5.09999999999993,-8.349999999999977,39233,19660,0
5679,-5.9499999999999424,6.5000000000002345,32730,19660,0
5680,-6.899999999999956,-0.6999999999998678,24986,19660,0
5681,-6.399999999999949,6.950000000000241,29139,19660,0
5682,-5.74999999999994,-1.0999999999998735,34178,19660,0
5683,-6.49999999999995,-5.699999999999939,28086,19660,0
5684,-6.399999999999949,-8.149999999999974,28837,19660,0
5685,-6.949999999999957,9.200000000000273,24784,19660,0
5686,-7.049999999999958,7.100000000000243,23942,19660,0
5687,-7.19999999999996,-5.349999999999934,22493,19660,0
5688,-6.4499999999999496,-7.699999999999967,28446,19660,0
5689,-7.1499999999999595,0.25000000000014566,23005,19660,0
5690,-5.149999999999931,-5.149999999999931,38897,19660,0
5691,-7.4999999999999645,-8.849999999999984,20023,19660,0
5692,-6.699999999999953,-2.899999999999899,26542,19660,0
5693,-6.149999999999945,0.20000000000014495,31004,19660,0
5694,-6.249999999999947,8.200000000000259,30364,19660,0
5695,-6.7999999999999545,5.900000000000226,25918,19660,0
5696,-7.1499999999999595,-3.6499999999999098,22927,19660,0
5697,-5.04999999999993,-1.4999999999998792,39770,19660,0
5698,-6.049999999999944,-10.0,31600,19660,0
5699,-7.049999999999958,1.0000000000001563,23820,19660,0
5700,-6.049999999999944,-6.49999999999995,31670,19660,0
5701,-6.049999999999944,0.3500000000001471,31807,19660,0
5702,-6.999999999999957,-8.399999999999977,24032,19660,0
5703,-6.49999999999995,0.20000000000014495,28204,19660,0
5704,-6.49999999999995,1.750000000000167,28235,19660,0
5705,-6.899999999999956,1.8500000000001684,25037,19660,0
5706,-5.999999999999943,0.5000000000001492,32210,19660,0
5707,-5.2499999999999325,5.600000000000222,38312,19660,0
5708,-6.999999999999957,-3.799999999999912,24124,19660,0
5709,-5.849999999999941,4.900000000000212,33498,19660,0
5710,-7.4999999999999645,6.300000000000232,20326,19660,0
5711,-5.79999999999994,6.5000000000002345,33930,19660,0
5712,-6.7999999999999545,-9.799999999999997,25604,19660,0
5713,-7.19999999999996,-5.74999999999994,22485,19660,0
5714,-6.049999999999944,-1.899999999999885,31762,19660,0
5715,-5.549999999999937,0.25000000000014566,35805,19660,0
5716,-7.399999999999963,-0.7999999999998693,20984,19660,0
5717,-6.699999999999953,7.350000000000247,26747,19660,0
5718,-6.4499999999999496,-7.349999999999962,28453,19660,0
5719,-5.04999999999993,-8.199999999999974,39636,19660,0
5720,-5.199999999999932,2.3500000000001755,38647,19660,0
5721,-5.2499999999999325,-8.499999999999979,38030,19660,0
5722,-6.7999999999999545,4.80000000000021,25896,19660,0
5723,-6.549999999999951,-4.799999999999926,27704,19660,0
5724,-6.699999999999953,2.2000000000001734,26644,19660,0
5725,-5.299999999999933,-7.299999999999962,37654,19660,0
5726,-6.399999999999949,4.200000000000202,29084,19660,0
5727,-6.749999999999954,-4.599999999999923,26108,19660,0
5728,-5.299999999999933,-3.4999999999999076,37730,19660,0
5729,-7.349999999999962,9.200000000000273,21584,19660,0
5730,-5.04999999999993,-3.3499999999999055,39733,19660,0
5731,-5.199999999999932,0.15000000000014424,38603,19660,0
5732,-5.649999999999938,-9.95,34801,19660,0
5733,-5.649999999999938,-9.749999999999996,34805,19660,0
5734,-6.649999999999952,7.300000000000246,27146,19660,0
5735,-6.349999999999948,-7.89999999999997,29242,19660,0
5736,-5.199999999999932,-0.7499999999998685,38585,19660,0
5737,-7.049999999999958,-2.8499999999998984,23743,19660,0
5738,-6.949999999999957,1.2000000000001592,24624,19660,0
5739,-6.199999999999946,-9.599999999999994,30408,19660,0
5740,-5.499999999999936,-6.249999999999947,36075,19660,0
5741,-5.399999999999935,7.7000000000002515,37154,19660,0
5742,-6.199999999999946,-9.34999999999999,30413,19660,0
5743,-5.649999999999938,-0.7499999999998685,34985,19660,0
5744,-5.449999999999935,0.8000000000001535,36616,19660,0
5745,-5.5999999999999375,5.8000000000002245,35516,19660,0
5746,-6.649999999999952,-5.849999999999941,26883,19660,0
5747,-5.79999999999994,3.2000000000001876,33864,19660,0
5748,-7.1499999999999595,-3.6499999999999098,22927,19660,0
5749,-6.299999999999947,-0.6499999999998671,29787,19660,0
5750,-6.049999999999944,-6.199999999999946,31676,19660,0
5751,-5.2499999999999325,0.8000000000001535,38216,19660,0
5752,-6.149999999999945,7.350000000000247,31147,19660,0
5753,-6.749999999999954,-2.24999999999989,26155,19660,0
5754,-6.149999999999945,-7.749999999999968,30845,19660,0
5755,-5.74999999999994,-6.299999999999947,34074,19660,0
5756,-6.849999999999955,-3.099999999999902,25338,19660,0
5757,-5.699999999999939,-9.95,34401,19660,0
5758,-7.4999999999999645,-5.9499999999999424,20081,19660,0
5759,-5.449999999999935,-9.849999999999998,36403,19660,0
5760,-5.899999999999942,9.100000000000271,33182,19660,0
5761,-5.649999999999938,-2.2999999999998906,34954,19660,0
5762,-7.299999999999962,0.30000000000014637,21806,19660,0
5763,-5.399999999999935,-7.999999999999972,36840,19660,0
5764,-6.849999999999955,4.1000000000002,25482,19660,0
5765,-5.449999999999935,1.2000000000001592,36624,19660,0
5766,-6.649999999999952,-2.599999999999895,26948,19660,0
5767,-5.199999999999932,1.400000000000162,38628,19660,0
5768,-5.09999999999993,-0.24999999999986144,39395,19660,0
5769,-6.349999999999948,8.100000000000257,29562,19660,0
5770,-6.899999999999956,0.4500000000001485,25009,19660,0
5771,-7.049999999999958,-5.399999999999935,23692,19660,0
5772,-6.899999999999956,-8.999999999999986,24820,19660,0
5773,-5.699999999999939,-0.5999999999998664,34588,19660,0
5774,-6.949999999999957,-0.29999999999986215,24594,19660,0
5775,-6.049999999999944,-7.549999999999965,31649,19660,0
5776,-7.349999999999962,8.35000000000026,21567,19660,0
5777,-6.849999999999955,2.250000000000174,25445,19660,0
5778,-5.699999999999939,9.450000000000276,34789,19660,0
5779,-6.7999999999999545,2.3500000000001755,25847,19660,0
5780,-7.19999999999996,-4.949999999999928,22501,19660,0
5781,-7.19999999999996,1.1500000000001585,22623,19660,0
5782,-5.399999999999935,7.200000000000244,37144,19660,0
5783,-7.349999999999962,9.300000000000274,21586,19660,0
5784,-6.299999999999947,-5.849999999999941,29683,19660,0
5785,-5.299999999999933,-0.09999999999985931,37798,19660,0
5786,-6.4499999999999496,-9.099999999999987,28418,19660,0
5787,-6.49999999999995,1.050000000000157,28221,19660,0
5788,-7.399999999999963,3.0000000000001847,21060,19660,0
5789,-5.74999999999994,0.8500000000001542,34217,19660,0
5790,-7.049999999999958,-7.89999999999997,23642,19660,0
5791,-6.699999999999953,1.5500000000001641,26631,19660,0
5792,-5.9499999999999424,1.4500000000001627,32629,19660,0
5793,-6.149999999999945,-7.549999999999965,30849,19660,0
5794,-7.1499999999999595,-8.249999999999975,22835,19660,0
5795,-6.699999999999953,-8.699999999999982,26426,19660,0
5796,-6.49999999999995,-3.1999999999999034,28136,19660,0
5797,-5.499999999999936,1.400000000000162,36228,19660,0
5798,-6.999999999999957,6.000000000000227,24320,19660,0
5799,-5.5999999999999375,-1.9999999999998863,35360,19660,0
5800,-6.299999999999947,3.7500000000001954,29875,19660,0
5801,-5.79999999999994,-4.5499999999999226,33709,19660,0
5802,-5.849999999999941,2.0500000000001712,33441,19660,0
5803,-7.4999999999999645,-0.6999999999998678,20186,19660,0
5804,-6.4499999999999496,-7.1499999999999595,28457,19660,0
5805,-7.1499999999999595,5.100000000000215,23102,19660,0
5806,-5.649999999999938,5.150000000000215,35103,19660,0
5807,-6.149999999999945,-0.84999999999987,30983,19660,0
5808,-6.199999999999946,1.6500000000001656,30633,19660,0
5809,-6.899999999999956,3.0000000000001847,25060,19660,0
5810,-6.099999999999945,3.100000000000186,31462,19660,0
5811,-5.349999999999934,-7.949999999999971,37241,19660,0
5812,-6.199999999999946,-9.849999999999998,30403,19660,0
5813,-5.549999999999937,7.800000000000253,35956,19660,0
5814,-7.449999999999964,7.800000000000253,20756,19660,0
5815,-5.399999999999935,3.7500000000001954,37075,19660,0
5816,-5.149999999999931,-7.699999999999967,38846,19660,0
5817,-5.549999999999937,-8.449999999999978,35631,19660,0
5818,-6.4499999999999496,-3.249999999999904,28535,19660,0
5819,-6.899999999999956,-8.149999999999974,24837,19660,0
5820,-5.5999999999999375,0.20000000000014495,35404,19660,0
5821,-5.399999999999935,3.4000000000001904,37068,19660,0
5822,-5.349999999999934,6.400000000000233,37528,19660,0
5823,-5.849999999999941,-2.549999999999894,33349,19660,0
5824,-7.049999999999958,4.150000000000201,23883,19660,0
5825,-5.5999999999999375,5.700000000000223,35514,19660,0
5826,-5.699999999999939,-4.5499999999999226,34509,19660,0
5827,-5.849999999999941,-5.2499999999999325,33295,19660,0
5828,-7.099999999999959,4.75000000000021,23495,19660,0
5829,-6.649999999999952,-9.799999999999997,26804,19660,0
5830,-7.249999999999961,0.8500000000001542,22217,19660,0
5831,-5.399999999999935,-6.149999999999945,36877,19660,0
5832,-7.249999999999961,3.6000000000001933,22272,19660,0
5833,-6.949999999999957,3.150000000000187,24663,19660,0
5834,-7.299999999999962,-6.599999999999952,21668,19660,0
5835,-5.849999999999941,-0.3999999999998636,33392,19660,0
5836,-5.399999999999935,4.700000000000209,37094,19660,0
5837,-6.49999999999995,3.650000000000194,28273,19660,0
5838,-6.699999999999953,-9.34999999999999,26413,19660,0
5839,-5.349999999999934,-8.449999999999978,37231,19660,0
5840,-6.899999999999956,9.450000000000276,25189,19660,0
5841,-5.999999999999943,7.400000000000247,32348,19660,0
5842,-7.099999999999959,5.600000000000222,23512,19660,0
5843,-6.099999999999945,-6.999999999999957,31260,19660,0
5844,-5.499999999999936,-5.699999999999939,36086,19660,0
5845,-5.9499999999999424,3.6000000000001933,32672,19660,0
5846,-5.79999999999994,-0.4499999999998643,33791,19660,0
5847,-7.249999999999961,-5.999999999999943,22080,19660,0
5848,-5.74999999999994,0.05000000000014282,34201,19660,0
5849,-6.399999999999949,-2.599999999999895,28948,19660,0
5850,-7.099999999999959,3.5500000000001926,23471,19660,0
5851,-5.849999999999941,-7.949999999999971,33241,19660,0
5852,-6.49999999999995,-8.299999999999976,28034,19660,0
5853,-5.499999999999936,-6.999999999999957,36060,19660,0
5854,-7.349999999999962,-6.149999999999945,21277,19660,0
5855,-6.749999999999954,3.4000000000001904,26268,19660,0
5856,-6.549999999999951,9.05000000000027,27981,19660,0
5857,-6.249999999999947,-4.999999999999929,30100,19660,0
5858,-6.299999999999947,2.950000000000184,29859,19660,0
5859,-7.399999999999963,-1.4999999999998792,20970,19660,0
5860,-5.699999999999939,-0.9499999999998714,34581,19660,0
5861,-5.5999999999999375,-5.399999999999935,35292,19660,0
5862,-7.049999999999958,-8.749999999999982,23625,19660,0
5863,-6.149999999999945,6.1500000000002295,31123,19660,0
5864,-7.4999999999999645,-7.399999999999963,20052,19660,0
5865,-7.449999999999964,9.800000000000281,20796,19660,0
5866,-5.74999999999994,-1.4999999999998792,34170,19660,0
5867,-5.04999999999993,-6.599999999999952,39668,19660,0
5868,-5.79999999999994,5.150000000000215,33903,19660,0
5869,-7.349999999999962,9.950000000000284,21599,19660,0
5870,-5.74999999999994,-8.54999999999998,34029,19660,0
5871,-6.7999999999999545,3.800000000000196,25876,19660,0
5872,-6.549999999999951,-0.9999999999998721,27780,19660,0
5873,-5.04999999999993,-4.8999999999999275,39702,19660,0
5874,-5.649999999999938,-3.249999999999904,34935,19660,0
5875,-6.899999999999956,-1.2499999999998757,24975,19660,0
5876,-5.04999999999993,2.950000000000184,39859,19660,0
5877,-7.249999999999961,5.250000000000217,22305,19660,0
5878,-7.249999999999961,3.6000000000001933,22272,19660,0
5879,-7.049999999999958,-0.34999999999986287,23793,19660,0
5880,-5.79999999999994,-2.8499999999998984,33743,19660,0
5881,-6.49999999999995,9.250000000000274,28385,19660,0
5882,-6.399999999999949,-0.6999999999998678,28986,19660,0
5883,-5.149999999999931,-7.4999999999999645,38850,19660,0
5884,-7.4999999999999645,-4.749999999999925,20105,19660,0
5885,-6.399999999999949,-1.7499999999998828,28965,19660,0
5886,-6.399999999999949,0.8500000000001542,29017,19660,0
5887,-6.4499999999999496,-1.4999999999998792,28570,19660,0
5888,-7.19999999999996,-5.299999999999933,22494,19660,0
5889,-5.999999999999943,5.950000000000227,32319,19660,0
5890,-6.649999999999952,-0.6499999999998671,26987,19660,0
5891,-6.099999999999945,-6.399999999999949,31272,19660,0
5892,-5.499999999999936,-9.149999999999988,36017,19660,0
5893,-7.449999999999964,8.900000000000269,20778,19660,0
5894,-5.04999999999993,-8.499999999999979,39630,19660,0
5895,-5.299999999999933,0.6000000000001506,37812,19660,0
5896,-6.849999999999955,1.7000000000001663,25434,19660,0
5897,-6.199999999999946,9.250000000000274,30785,19660,0
5898,-5.79999999999994,-4.649999999999924,33707,19660,0
5899,-6.649999999999952,-2.6999999999998963,26946,19660,0
5900,-6.699999999999953,-2.2999999999998906,26554,19660,0
5901,-5.9499999999999424,9.400000000000276,32788,19660,0
5902,-7.399999999999963,-1.3999999999998778,20972,19660,0
5903,-7.399999999999963,7.450000000000248,21149,19660,0
5904,-5.699999999999939,7.60000000000025,34752,19660,0
5905,-7.1499999999999595,-5.79999999999994,22884,19660,0
5906,-6.649999999999952,-3.799999999999912,26924,19660,0
5907,-6.749999999999954,0.8000000000001535,26216,19660,0
5908,-5.74999999999994,3.650000000000194,34273,19660,0
5909,-6.099999999999945,-7.999999999999972,31240,19660,0
5910,-6.549999999999951,-1.0999999999998735,27778,19660,0
5911,-6.149999999999945,9.100000000000271,31182,19660,0
5912,-6.349999999999948,6.1500000000002295,29523,19660,0
5913,-6.549999999999951,-7.299999999999962,27654,19660,0
5914,-6.049999999999944,7.950000000000255,31959,19660,0
5915,-5.299999999999933,4.0500000000002,37881,19660,0
5916,-5.399999999999935,2.5500000000001783,37051,19660,0
5917,-7.449999999999964,-7.4999999999999645,20450,19660,0
5918,-6.899999999999956,6.650000000000237,25133,19660,0
5919,-6.099999999999945,2.250000000000174,31445,19660,0
5920,-7.249999999999961,-7.799999999999969,22044,19660,0
5921,-5.09999999999993,-4.5499999999999226,39309,19660,0
5922,-5.349999999999934,1.0000000000001563,37420,19660,0
5923,-6.249999999999947,0.7000000000001521,30214,19660,0
5924,-6.4499999999999496,-5.449999999999935,28491,19660,0
5925,-6.849999999999955,6.5000000000002345,25530,19660,0
5926,-5.79999999999994,6.350000000000232,33927,19660,0
5927,-6.999999999999957,-7.349999999999962,24053,19660,0
5928,-6.349999999999948,-8.699999999999982,29226,19660,0
5929,-6.549999999999951,4.500000000000206,27890,19660,0
5930,-6.549999999999951,-5.149999999999931,27697,19660,0
5931,-7.449999999999964,-2.199999999999889,20556,19660,0
5932,-7.349999999999962,6.5000000000002345,21530,19660,0
5933,-7.099999999999959,-0.9999999999998721,23380,19660,0
5934,-6.299999999999947,6.950000000000241,29939,19660,0
5935,-6.399999999999949,-6.949999999999957,28861,19660,0
5936,-6.099999999999945,-1.54999999999988,31369,19660,0
5937,-5.899999999999942,5.150000000000215,33103,19660,0
5938,-7.099999999999959,-6.49999999999995,23270,19660,0
5939,-5.899999999999942,7.7000000000002515,33154,19660,0
5940,-6.49999999999995,0.5000000000001492,28210,19660,0
5941,-5.649999999999938,2.800000000000182,35056,19660,0
5942,-5.399999999999935,-2.7999999999998977,36944,19660,0
5943,-7.1499999999999595,-8.899999999999984,22822,19660,0
5944,-6.299999999999947,-6.199999999999946,29676,19660,0
5945,-6.749999999999954,8.600000000000264,26372,19660,0
5946,-6.899999999999956,-3.0499999999999012,24939,19660,0
5947,-5.04999999999993,-9.599999999999994,39608,19660,0
5948,-6.399999999999949,0.10000000000014353,29002,19660,0
5949,-6.7999999999999545,-8.299999999999976,25634,19660,0
5950,-7.19999999999996,-2.9499999999999,22541,19660,0
5951,-6.649999999999952,9.200000000000273,27184,19660,0
5952,-5.199999999999932,4.80000000000021,38696,19660,0
5953,-7.049999999999958,-9.799999999999997,23604,19660,0
5954,-5.349999999999934,-9.29999999999999,37214,19660,0
5955,-5.74999999999994,-7.449999999999964,34051,19660,0
5956,-5.09999999999993,-8.64999999999998,39227,19660,0
5957,-6.049999999999944,5.250000000000217,31905,19660,0
5958,-7.099999999999959,3.7500000000001954,23475,19660,0
5959,-7.349999999999962,8.200000000000259,21564,19660,0
5960,-6.849999999999955,-3.9999999999999147,25320,19660,0
5961,-6.549999999999951,-0.8999999999998707,27782,19660,0
5962,-7.449999999999964,-4.799999999999926,20504,19660,0
5963,-5.2499999999999325,-7.89999999999997,38042,19660,0
5964,-5.699999999999939,1.3000000000001606,34626,19660,0
5965,-6.299999999999947,4.150000000000201,29883,19660,0
5966,-6.399999999999949,6.050000000000228,29121,19660,0
5967,-7.299999999999962,1.050000000000157,21821,19660,0
5968,-7.19999999999996,-7.549999999999965,22449,19660,0
5969,-5.2499999999999325,-0.5999999999998664,38188,19660,0
5970,-7.399999999999963,-1.699999999999882,20966,19660,0
5971,-5.74999999999994,-9.24999999999999,34015,19660,0
5972,-5.699999999999939,8.400000000000261,34768,19660,0
5973,-6.899999999999956,0.6500000000001513,25013,19660,0
5974,-5.149999999999931,4.550000000000207,39091,19660,0
5975,-6.749999999999954,-1.4499999999998785,26171,19660,0
5976,-7.4999999999999645,-8.54999999999998,20029,19660,0
5977,-5.09999999999993,-8.299999999999976,39234,19660,0
5978,-6.399999999999949,-4.949999999999928,28901,19660,0
5979,-6.249999999999947,7.900000000000254,30358,19660,0
5980,-7.19999999999996,-4.099999999999916,22518,19660,0
5981,-5.79999999999994,-5.199999999999932,33696,19660,0
5982,-6.199999999999946,9.500000000000277,30790,19660,0
5983,-5.5999999999999375,-2.9999999999999005,35340,19660,0
5984,-6.149999999999945,6.20000000000023,31124,19660,0
5985,-6.7999999999999545,1.4210854715202004e-13,25800,19660,0
5986,-5.9499999999999424,-6.749999999999954,32465,19660,0
5987,-6.249999999999947,-3.4999999999999076,30130,19660,0
5988,-5.999999999999943,-1.4499999999998785,32171,19660,0
5989,-5.499999999999936,-6.699999999999953,36066,19660,0
5990,-7.4999999999999645,-8.099999999999973,20038,19660,0
5991,-5.849999999999941,0.5000000000001492,33410,19660,0
5992,-6.949999999999957,2.600000000000179,24652,19660,0
5993,-6.999999999999957,-9.049999999999986,24019,19660,0
5994,-5.999999999999943,7.200000000000244,32344,19660,0
5995,-6.149999999999945,-3.799999999999912,30924,19660,0
5996,-5.5999999999999375,-5.74999999999994,35285,19660,0
5997,-5.2499999999999325,0.20000000000014495,38204,19660,0
5998,-7.1499999999999595,2.950000000000184,23059,19660,0
5999,-6.649999999999952,9.450000000000276,27189,19660,0
6000,-5.09999999999993,-9.699999999999996,39206,19660,0
6001,-6.999999999999957,0.9500000000001556,24219,19660,0
6002,-6.949999999999957,5.350000000000218,24707,19660,0
6003,-5.09999999999993,-5.399999999999935,39292,19660,0
6004,-7.449999999999964,7.000000000000242,20740,19660,0
6005,-6.7999999999999545,-0.6999999999998678,25786,19660,0
6006,-6.649999999999952,7.60000000000025,27152,19660,0
6007,-7.099999999999959,2.800000000000182,23456,19660,0
6008,-6.7999999999999545,-0.29999999999986215,25794,19660,0
6009,-5.699999999999939,-8.449999999999978,34431,19660,0
6010,-5.74999999999994,6.350000000000232,34327,19660,0
6011,-5.04999999999993,-0.9999999999998721,39780,19660,0
6012,-5.649999999999938,8.600000000000264,35172,19660,0
6013,-6.999999999999957,4.6000000000002075,24292,19660,0
6014,-5.849999999999941,-2.6999999999998963,33346,19660,0
6015,-7.19999999999996,-8.899999999999984,22422,19660,0
6016,-5.199999999999932,-1.7499999999998828,38565,19660,0
6017,-5.04999999999993,-1.9499999999998856,39761,19660,0
6018,-5.899999999999942,-0.7999999999998693,32984,19660,0
6019,-6.599999999999952,-2.599999999999895,27348,19660,0
6020,-7.049999999999958,-0.19999999999986073,23796,19660,0
6021,-7.249999999999961,-6.949999999999957,22061,19660,0
6022,-7.249999999999961,-8.499999999999979,22030,19660,0
6023,-6.999999999999957,3.9500000000001982,24279,19660,0
6024,-5.04999999999993,2.950000000000184,39859,19660,0
6025,-5.999999999999943,6.100000000000229,32322,19660,0
6026,-7.1499999999999595,8.95000000000027,23179,19660,0
6027,-6.149999999999945,-9.399999999999991,30812,19660,0
6028,-6.349999999999948,-9.799999999999997,29204,19660,0
6029,-5.849999999999941,-5.999999999999943,33280,19660,0
6030,-6.4499999999999496,9.800000000000281,28796,19660,0
6031,-6.949999999999957,8.600000000000264,24772,19660,0
6032,-5.349999999999934,-6.7999999999999545,37264,19660,0
6033,-5.2499999999999325,-2.049999999999887,38159,19660,0
6034,-7.449999999999964,7.950000000000255,20759,19660,0
6035,-6.299999999999947,-0.9499999999998714,29781,19660,0
6036,-7.249999999999961,9.70000000000028,22394,19660,0
6037,-6.749999999999954,1.0000000000001563,26220,19660,0
6038,-7.349999999999962,-4.999999999999929,21300,19660,0
6039,-5.149999999999931,1.5000000000001634,39030,19660,0
6040,-7.249999999999961,-2.399999999999892,22152,19660,0
6041,-6.299999999999947,-1.349999999999877,29773,19660,0
6042,-5.999999999999943,9.800000000000281,32396,19660,0
6043,-6.599999999999952,-7.19999999999996,27256,19660,0
6044,-5.2499999999999325,-9.099999999999987,38018,19660,0
6045,-5.449999999999935,4.900000000000212,36698,19660,0
6046,-6.399999999999949,-7.1499999999999595,28857,19660,0
6047,-6.299999999999947,-6.199999999999946,29676,19660,0
6048,-5.399999999999935,9.550000000000278,37191,19660,0
6049,-6.849999999999955,-5.699999999999939,25286,19660,0
6050,-6.199999999999946,0.30000000000014637,30606,19660,0
6051,-5.849999999999941,-2.3499999999998913,33353,19660,0
6052,-5.2499999999999325,-7.1499999999999595,38057,19660,0
6053,-7.349999999999962,-0.499999999999865,21390,19660,0
6054,-6.699999999999953,-7.049999999999958,26459,19660,0
6055,-5.349999999999934,9.600000000000279,37592,19660,0
6056,-7.399999999999963,-0.9999999999998721,20980,19660,0
6057,-6.099999999999945,4.700000000000209,31494,19660,0
6058,-6.299999999999947,-7.799999999999969,29644,19660,0
6059,-6.699999999999953,-7.4999999999999645,26450,19660,0
6060,-6.549999999999951,-4.8999999999999275,27702,19660,0
6061,-6.649999999999952,2.2000000000001734,27044,19660,0
6062,-6.049999999999944,2.250000000000174,31845,19660,0
6063,-6.299999999999947,-6.299999999999947,29674,19660,0
6064,-6.599999999999952,-3.6999999999999105,27326,19660,0
6065,-5.649999999999938,-7.299999999999962,34854,19660,0
6066,-5.699999999999939,7.150000000000244,34743,19660,0
6067,-5.9499999999999424,-2.1499999999998884,32557,19660,0
6068,-5.849999999999941,8.700000000000266,33574,19660,0
6069,-5.74999999999994,-0.84999999999987,34183,19660,0
6070,-5.09999999999993,-3.299999999999905,39334,19660,0
6071,-5.199999999999932,3.9000000000001975,38678,19660,0
6072,-7.099999999999959,-0.4499999999998643,23391,19660,0
6073,-7.299999999999962,-5.399999999999935,21692,19660,0
6074,-6.599999999999952,4.550000000000207,27491,19660,0
6075,-6.599999999999952,9.600000000000279,27592,19660,0
6076,-5.199999999999932,-8.099999999999973,38438,19660,0
6077,-5.549999999999937,7.000000000000242,35940,19660,0
6078,-6.699999999999953,0.6500000000001513,26613,19660,0
6079,-5.649999999999938,5.150000000000215,35103,19660,0
6080,-6.049999999999944,2.300000000000175,31846,19660,0
6081,-6.599999999999952,-9.749999999999996,27205,19660,0
6082,-5.449999999999935,5.000000000000213,36700,19660,0
6083,-7.1499999999999595,1.4500000000001627,23029,19660,0
6084,-7.449999999999964,5.150000000000215,20703,19660,0
6085,-6.199999999999946,-5.74999999999994,30485,19660,0
6086,-6.349999999999948,-4.099999999999916,29318,19660,0
6087,-7.099999999999959,-3.249999999999904,23335,19660,0
6088,-6.299999999999947,-0.9999999999998721,29780,19660,0
6089,-5.2499999999999325,1.2000000000001592,38224,19660,0
6090,-6.549999999999951,-5.699999999999939,27686,19660,0
6091,-7.1499999999999595,9.150000000000272,23183,19660,0
6092,-6.949999999999957,4.400000000000205,24688,19660,0
6093,-7.299999999999962,7.650000000000251,21953,19660,0
6094,-5.09999999999993,-2.599999999999895,39348,19660,0
6095,-6.349999999999948,-8.049999999999972,29239,19660,0
6096,-7.19999999999996,-1.7999999999998835,22564,19660,0
6097,-5.999999999999943,-6.399999999999949,32072,19660,0
6098,-7.4999999999999645,4.850000000000211,20297,19660,0
6099,-5.299999999999933,-9.24999999999999,37615,19660,0
6100,-6.299999999999947,-9.099999999999987,29618,19660,0
6101,-6.849999999999955,-0.34999999999986287,25393,19660,0
6102,-6.649999999999952,-1.54999999999988,26969,19660,0
6103,-5.04999999999993,-5.2499999999999325,39695,19660,0
6104,-6.199999999999946,2.600000000000179,30652,19660,0
6105,-5.449999999999935,-5.699999999999939,36486,19660,0
6106,-5.849999999999941,6.750000000000238,33535,19660,0
6107,-7.249999999999961,-2.899999999999899,22142,19660,0
6108,-6.099999999999945,1.4500000000001627,31429,19660,0
6109,-6.099999999999945,-6.099999999999945,31278,19660,0
6110,-5.299999999999933,7.550000000000249,37951,19660,0
6111,-5.74999999999994,5.200000000000216,34304,19660,0
6112,-7.049999999999958,5.750000000000224,23915,19660,0
6113,-5.649999999999938,-9.099999999999987,34818,19660,0
6114,-5.74999999999994,-3.9999999999999147,34120,19660,0
6115,-6.199999999999946,-5.09999999999993,30498,19660,0
6116,-6.599999999999952,-6.349999999999948,27273,19660,0
6117,-7.449999999999964,1.6000000000001648,20632,19660,0
6118,-6.349999999999948,5.550000000000221,29511,19660,0
6119,-6.349999999999948,4.300000000000203,29486,19660,0
6120,-7.449999999999964,-1.6499999999998813,20567,19660,0
6121,-7.4999999999999645,-8.949999999999985,20021,19660,0
6122,-5.5999999999999375,1.2500000000001599,35425,19660,0
6123,-6.4499999999999496,-1.199999999999875,28576,19660,0
6124,-6.149999999999945,-4.499999999999922,30910,19660,0
6125,-6.4499999999999496,-0.8999999999998707,28582,19660,0
6126,-6.849999999999955,1.4500000000001627,25429,19660,0
6127,-5.449999999999935,1.7000000000001663,36634,19660,0
6128,-6.199999999999946,2.6500000000001798,30653,19660,0
6129,-7.349999999999962,3.7500000000001954,21475,19660,0
6130,-5.349999999999934,6.700000000000237,37534,19660,0
6131,-6.249999999999947,-4.799999999999926,30104,19660,0
6132,-5.549999999999937,-6.549999999999951,35669,19660,0
6133,-7.049999999999958,-5.09999999999993,23698,19660,0
6134,-5.04999999999993,3.6000000000001933,39872,19660,0
6135,-6.4499999999999496,-7.249999999999961,28455,19660,0
6136,-5.04999999999993,-8.449999999999978,39631,19660,0
6137,-6.049999999999944,-6.749999999999954,31665,19660,0
6138,-6.899999999999956,0.10000000000014353,25002,19660,0
6139,-6.249999999999947,4.700000000000209,30294,19660,0
6140,-7.249999999999961,7.000000000000242,22340,19660,0
6141,-5.79999999999994,1.400000000000162,33828,19660,0
6142,-7.299999999999962,5.600000000000222,21912,19660,0
6143,-5.9499999999999424,3.2000000000001876,32664,19660,0
6144,-5.299999999999933,-2.24999999999989,37755,19660,0
6145,-7.099999999999959,3.450000000000191,23469,19660,0
6146,-5.699999999999939,-5.349999999999934,34493,19660,0
6147,-7.4999999999999645,6.20000000000023,20324,19660,0
6148,-6.399999999999949,7.550000000000249,29151,19660,0
6149,-5.449999999999935,-6.7999999999999545,36464,19660,0
6150,-6.549999999999951,1.750000000000167,27835,19660,0
6151,-7.1499999999999595,7.650000000000251,23153,19660,0
6152,-5.999999999999943,-9.599999999999994,32008,19660,0
6153,-6.849999999999955,-8.499999999999979,25230,19660,0
6154,-6.49999999999995,1.0000000000001563,28220,19660,0
6155,-6.049999999999944,-1.7499999999998828,31765,19660,0
6156,-5.349999999999934,7.450000000000248,37549,19660,0
6157,-6.199999999999946,-0.09999999999985931,30598,19660,0
6158,-6.599999999999952,-6.399999999999949,27272,19660,0
6159,-7.449999999999964,7.450000000000248,20749,19660,0
6160,-7.4999999999999645,-4.849999999999927,20103,19660,0
6161,-6.4499999999999496,3.2000000000001876,28664,19660,0
6162,-5.349999999999934,-8.59999999999998,37228,19660,0
6163,-7.19999999999996,-6.649999999999952,22467,19660,0
6164,-5.04999999999993,-7.1499999999999595,39657,19660,0
6165,-6.349999999999948,-6.49999999999995,29270,19660,0
6166,-7.049999999999958,-8.64999999999998,23627,19660,0
6167,-5.899999999999942,2.600000000000179,33052,19660,0
6168,-5.9499999999999424,-5.9499999999999424,32481,19660,0
6169,-5.649999999999938,4.0500000000002,35081,19660,0
6170,-6.149999999999945,-1.5999999999998806,30968,19660,0
6171,-6.4499999999999496,-2.9999999999999005,28540,19660,0
6172,-5.5999999999999375,5.900000000000226,35518,19660,0
6173,-6.899999999999956,-9.34999999999999,24813,19660,0
6174,-7.19999999999996,5.50000000000022,22710,19660,0
6175,-6.7999999999999545,-4.649999999999924,25707,19660,0
6176,-5.5999999999999375,0.5000000000001492,35410,19660,0
6177,-6.699999999999953,5.050000000000214,26701,19660,0
6178,-7.399999999999963,-6.549999999999951,20869,19660,0
6179,-5.549999999999937,6.950000000000241,35939,19660,0
6180,-5.549999999999937,1.750000000000167,35835,19660,0
6181,-7.19999999999996,-8.049999999999972,22439,19660,0
6182,-7.049999999999958,-5.74999999999994,23685,19660,0
6183,-7.349999999999962,2.250000000000174,21445,19660,0
6184,-5.999999999999943,-8.849999999999984,32023,19660,0
6185,-6.849999999999955,-3.8499999999999126,25323,19660,0
6186,-5.449999999999935,9.70000000000028,36794,19660,0
6187,-6.849999999999955,7.450000000000248,25549,19660,0
6188,-5.5999999999999375,-1.4499999999998785,35371,19660,0
6189,-5.09999999999993,2.0000000000001705,39440,19660,0
6190,-7.19999999999996,4.80000000000021,22696,19660,0
6191,-5.299999999999933,-9.449999999999992,37611,19660,0
6192,-5.449999999999935,5.600000000000222,36712,19660,0
6193,-6.099999999999945,9.950000000000284,31599,19660,0
6194,-5.149999999999931,-1.7999999999998835,38964,19660,0
6195,-6.099999999999945,1.7000000000001663,31434,19660,0
6196,-7.449999999999964,-5.79999999999994,20484,19660,0
6197,-5.74999999999994,-5.5999999999999375,34088,19660,0
6198,-5.199999999999932,6.600000000000236,38732,19660,0
6199,-6.899999999999956,3.2000000000001876,25064,19660,0
6200,-7.299999999999962,-2.7999999999998977,21744,19660,0
6201,-5.04999999999993,5.600000000000222,39912,19660,0
6202,-5.699999999999939,-10.0,34400,19660,0
6203,-7.349999999999962,-9.149999999999988,21217,19660,0
6204,-6.749999999999954,-2.549999999999894,26149,19660,0
6205,-5.149999999999931,-0.7999999999998693,38984,19660,0
6206,-6.649999999999952,1.8000000000001677,27036,19660,0
6207,-5.5999999999999375,4.400000000000205,35488,19660,0
6208,-6.149999999999945,-1.54999999999988,30969,19660,0
6209,-6.699999999999953,5.050000000000214,26701,19660,0
6210,-7.449999999999964,-2.049999999999887,20559,19660,0
6211,-5.699999999999939,5.000000000000213,34700,19660,0
6212,-5.149999999999931,-8.049999999999972,38839,19660,0
6213,-6.299999999999947,-1.699999999999882,29766,19660,0
6214,-5.899999999999942,8.25000000000026,33165,19660,0
6215,-6.349999999999948,2.300000000000175,29446,19660,0
6216,-5.349999999999934,-0.6499999999998671,37387,19660,0
6217,-6.149999999999945,9.75000000000028,31195,19660,0
6218,-6.699999999999953,3.0000000000001847,26660,19660,0
6219,-6.749999999999954,-1.7499999999998828,26165,19660,0
6220,-5.2499999999999325,6.100000000000229,38322,19660,0
6221,-6.349999999999948,0.4500000000001485,29409,19660,0
6222,-6.4499999999999496,3.3500000000001897,28667,19660,0
6223,-5.549999999999937,-8.999999999999986,35620,19660,0
6224,-6.649999999999952,-0.7499999999998685,26985,19660,0
6225,-6.4499999999999496,6.5000000000002345,28730,19660,0
6226,-5.399999999999935,-3.249999999999904,36935,19660,0
6227,-6.199999999999946,4.700000000000209,30694,19660,0
6228,-5.649999999999938,-5.549999999999937,34889,19660,0
6229,-5.149999999999931,5.000000000000213,39100,19660,0
6230,-5.09999999999993,-3.599999999999909,39328,19660,0
6231,-6.399999999999949,-7.049999999999958,28859,19660,0
6232,-6.4499999999999496,-3.5499999999999083,28529,19660,0
6233,-7.1499999999999595,-7.949999999999971,22841,19660,0
6234,-7.399999999999963,-0.84999999999987,20983,19660,0
6235,-7.1499999999999595,1.3500000000001613,23027,19660,0
6236,-5.299999999999933,-6.849999999999955,37663,19660,0
6237,-6.4499999999999496,8.050000000000257,28761,19660,0
6238,-6.149999999999945,6.90000000000024,31138,19660,0
6239,-5.649999999999938,-6.399999999999949,34872,19660,0
6240,-5.74999999999994,4.0500000000002,34281,19660,0
6241,-5.5999999999999375,-0.6999999999998678,35386,19660,0
6242,-7.349999999999962,9.900000000000283,21598,19660,0
6243,-6.349999999999948,3.3500000000001897,29467,19660,0
6244,-5.399999999999935,5.350000000000218,37107,19660,0
6245,-5.299999999999933,6.800000000000239,37936,19660,0
6246,-6.49999999999995,-7.4999999999999645,28050,19660,0
6247,-5.399999999999935,8.850000000000268,37177,19660,0
6248,-6.299999999999947,-3.399999999999906,29732,19660,0
6249,-6.049999999999944,-8.349999999999977,31633,19660,0
6250,-5.199999999999932,-4.749999999999925,38505,19660,0
6251,-5.899999999999942,-0.3999999999998636,32992,19660,0
6252,-5.349999999999934,8.850000000000268,37577,19660,0
6253,-6.199999999999946,-8.299999999999976,30434,19660,0
6254,-5.399999999999935,-8.099999999999973,36838,19660,0
6255,-5.449999999999935,-5.09999999999993,36498,19660,0
6256,-6.549999999999951,8.800000000000267,27976,19660,0
6257,-6.699999999999953,1.5500000000001641,26631,19660,0
6258,-6.699999999999953,-10.0,26400,19660,0
6259,-5.04999999999993,2.800000000000182,39856,19660,0
6260,-5.79999999999994,1.6500000000001656,33833,19660,0
6261,-7.19999999999996,-7.649999999999967,22447,19660,0
6262,-6.4499999999999496,8.400000000000261,28768,19660,0
6263,-6.49999999999995,6.950000000000241,28339,19660,0
6264,-6.649999999999952,-9.049999999999986,26819,19660,0
6265,-7.4999999999999645,-1.199999999999875,20176,19660,0
6266,-5.699999999999939,7.550000000000249,34751,19660,0
6267,-5.849999999999941,-9.749999999999996,33205,19660,0
6268,-6.399999999999949,-0.499999999999865,28990,19660,0
6269,-6.49999999999995,7.350000000000247,28347,19660,0
6270,-5.849999999999941,-1.2499999999998757,33375,19660,0
6271,-6.699999999999953,-5.2499999999999325,26495,19660,0
6272,-6.349999999999948,-5.5999999999999375,29288,19660,0
6273,-6.299999999999947,-4.599999999999923,29708,19660,0
6274,-6.699999999999953,9.400000000000276,26788,19660,0
6275,-6.999999999999957,2.950000000000184,24259,19660,0
6276,-5.299999999999933,-5.449999999999935,37691,19660,0
6277,-5.149999999999931,-1.1499999999998742,38977,19660,0
6278,-5.79999999999994,-3.8999999999999133,33722,19660,0
6279,-6.649999999999952,-1.6499999999998813,26967,19660,0
6280,-6.199999999999946,-6.549999999999951,30469,19660,0
6281,-7.449999999999964,-8.699999999999982,20426,19660,0
6282,-6.749999999999954,-9.24999999999999,26015,19660,0
6283,-6.099999999999945,2.450000000000177,31449,19660,0
6284,-5.899999999999942,3.650000000000194,33073,19660,0
6285,-6.249999999999947,-6.349999999999948,30073,19660,0
6286,-7.299999999999962,3.850000000000197,21877,19660,0
6287,-5.549999999999937,4.300000000000203,35886,19660,0
6288,-5.5999999999999375,-4.949999999999928,35301,19660,0
6289,-6.349999999999948,-7.4999999999999645,29250,19660,0
6290,-5.999999999999943,5.550000000000221,32311,19660,0
6291,-5.549999999999937,1.400000000000162,35828,19660,0
6292,-6.599999999999952,7.750000000000252,27555,19660,0
6293,-6.4499999999999496,-0.7999999999998693,28584,19660,0
6294,-5.149999999999931,-9.849999999999998,38803,19660,0
6295,-7.1499999999999595,9.950000000000284,23199,19660,0
6296,-6.399999999999949,0.5000000000001492,29010,19660,0
6297,-5.2499999999999325,1.8500000000001684,38237,19660,0
6298,-7.4999999999999645,-8.499999999999979,20030,19660,0
6299,-7.049999999999958,-9.34999999999999,23613,19660,0
6300,-6.7999999999999545,-5.74999999999994,25685,19660,0
6301,-6.999999999999957,3.150000000000187,24263,19660,0
6302,-6.699999999999953,8.850000000000268,26777,19660,0
6303,-5.149999999999931,9.800000000000281,39196,19660,0
6304,-5.699999999999939,9.500000000000277,34790,19660,0
6305,-5.74999999999994,-4.8999999999999275,34102,19660,0
6306,-5.79999999999994,1.050000000000157,33821,19660,0
6307,-5.149999999999931,-9.95,38801,19660,0
6308,-6.149999999999945,-6.399999999999949,30872,19660,0
6309,-5.399999999999935,8.600000000000264,37172,19660,0
6310,-5.399999999999935,5.50000000000022,37110,19660,0
6311,-5.499999999999936,3.800000000000196,36276,19660,0
6312,-6.349999999999948,8.100000000000257,29562,19660,0
6313,-7.1499999999999595,-2.6499999999998956,22947,19660,0
6314,-5.5999999999999375,-6.199999999999946,35276,19660,0
6315,-5.649999999999938,5.650000000000222,35113,19660,0
6316,-6.149999999999945,-6.949999999999957,30861,19660,0
6317,-6.099999999999945,5.300000000000217,31506,19660,0
6318,-5.74999999999994,5.750000000000224,34315,19660,0
6319,-5.04999999999993,-4.999999999999929,39700,19660,0
6320,-7.299999999999962,3.9500000000001982,21879,19660,0
6321,-5.79999999999994,-3.249999999999904,33735,19660,0
6322,-6.899999999999956,-2.7999999999998977,24944,19660,0
6323,-6.299999999999947,-5.549999999999937,29689,19660,0
6324,-6.149999999999945,1.6000000000001648,31032,19660,0
6325,-7.399999999999963,5.50000000000022,21110,19660,0
6326,-6.049999999999944,2.8500000000001826,31857,19660,0
6327,-7.1499999999999595,-5.649999999999938,22887,19660,0
6328,-7.399999999999963,-2.2999999999998906,20954,19660,0
6329,-5.5999999999999375,8.100000000000257,35562,19660,0
6330,-7.399999999999963,-1.349999999999877,20973,19660,0
6331,-6.549999999999951,6.550000000000235,27931,19660,0
6332,-7.099999999999959,-9.34999999999999,23213,19660,0
6333,-5.04999999999993,4.550000000000207,39891,19660,0
6334,-7.299999999999962,-5.649999999999938,21687,19660,0
6335,-5.09999999999993,9.75000000000028,39595,19660,0
6336,-6.249999999999947,-8.349999999999977,30033,19660,0
6337,-5.149999999999931,-9.34999999999999,38813,19660,0
6338,-6.599999999999952,-1.4499999999998785,27371,19660,0
6339,-6.849999999999955,-4.699999999999925,25306,19660,0
6340,-6.399999999999949,9.550000000000278,29191,19660,0
6341,-5.899999999999942,-6.099999999999945,32878,19660,0
6342,-5.649999999999938,7.100000000000243,35142,19660,0
6343,-5.79999999999994,-0.09999999999985931,33798,19660,0
6344,-6.249999999999947,-7.249999999999961,30055,19660,0
6345,-6.999999999999957,-7.099999999999959,24058,19660,0
6346,-5.9499999999999424,-3.8999999999999133,32522,19660,0
6347,-6.999999999999957,7.750000000000252,24355,19660,0
6348,-5.399999999999935,2.400000000000176,37048,19660,0
6349,-6.899999999999956,-4.449999999999921,24911,19660,0
6350,-7.249999999999961,7.650000000000251,22353,19660,0
6351,-7.1499999999999595,-7.449999999999964,22851,19660,0
6352,-5.9499999999999424,1.8500000000001684,32637,19660,0
6353,-6.199999999999946,1.6500000000001656,30633,19660,0
6354,-5.04999999999993,-9.399999999999991,39612,19660,0
6355,-5.549999999999937,9.400000000000276,35988,19660,0
6356,-7.299999999999962,-0.0499999999998586,21799,19660,0
6357,-5.899999999999942,0.8000000000001535,33016,19660,0
6358,-5.149999999999931,-0.9999999999998721,38980,19660,0
6359,-7.399999999999963,6.20000000000023,21124,19660,0
6360,-6.249999999999947,5.200000000000216,30304,19660,0
6361,-5.549999999999937,1.900000000000169,35838,19660,0
6362,-6.149999999999945,2.600000000000179,31052,19660,0
6363,-5.299999999999933,1.4500000000001627,37829,19660,0
6364,-5.699999999999939,-4.449999999999921,34511,19660,0
6365,-7.299999999999962,-6.899999999999956,21662,19660,0
6366,-5.299999999999933,-6.099999999999945,37678,19660,0
6367,-6.299999999999947,4.700000000000209,29894,19660,0
6368,-5.849999999999941,-2.399999999999892,33352,19660,0
6369,-7.349999999999962,6.400000000000233,21528,19660,0
6370,-5.849999999999941,-0.19999999999986073,33396,19660,0
6371,-5.09999999999993,-7.19999999999996,39256,19660,0
6372,-6.149999999999945,-7.4999999999999645,30850,19660,0
6373,-6.349999999999948,-8.54999999999998,29229,19660,0
6374,-5.9499999999999424,-1.2999999999998764,32574,19660,0
6375,-7.19999999999996,9.100000000000271,22782,19660,0
6376,-6.49999999999995,9.850000000000282,28397,19660,0
6377,-5.549999999999937,3.4000000000001904,35868,19660,0
6378,-7.1499999999999595,-6.599999999999952,22868,19660,0
6379,-5.79999999999994,0.6000000000001506,33812,19660,0
6380,-5.2499999999999325,-4.849999999999927,38103,19660,0
6381,-6.349999999999948,-5.699999999999939,29286,19660,0
6382,-7.349999999999962,-7.349999999999962,21253,19660,0
6383,-5.449999999999935,-3.249999999999904,36535,19660,0
6384,-5.699999999999939,-0.19999999999986073,34596,19660,0
6385,-7.449999999999964,1.3500000000001613,20627,19660,0
6386,-5.449999999999935,-2.899999999999899,36542,19660,0
6387,-5.199999999999932,8.050000000000257,38761,19660,0
6388,-6.149999999999945,-6.199999999999946,30876,19660,0
6389,-5.74999999999994,6.1500000000002295,34323,19660,0
6390,-7.349999999999962,-3.3499999999999055,21333,19660,0
6391,-6.949999999999957,-7.19999999999996,24456,19660,0
6392,-5.09999999999993,7.050000000000242,39541,19660,0
6393,-5.349999999999934,0.6500000000001513,37413,19660,0
6394,-6.749999999999954,8.150000000000258,26363,19660,0
6395,-5.5999999999999375,-2.899999999999899,35342,19660,0
6396,-6.7999999999999545,7.350000000000247,25947,19660,0
6397,-6.049999999999944,-5.09999999999993,31698,19660,0
6398,-5.2499999999999325,-9.34999999999999,38013,19660,0
6399,-6.49999999999995,-4.149999999999917,28117,19660,0
6400,-5.499999999999936,1.5500000000001641,36231,19660,0
6401,-5.5999999999999375,-1.8499999999998842,35363,19660,0
6402,-5.5999999999999375,0.05000000000014282,35401,19660,0
6403,-7.19999999999996,-2.2999999999998906,22554,19660,0
6404,-5.699999999999939,0.9000000000001549,34618,19660,0
6405,-5.9499999999999424,4.550000000000207,32691,19660,0
6406,-7.19999999999996,8.850000000000268,22777,19660,0
6407,-7.449999999999964,4.850000000000211,20697,19660,0
6408,-7.399999999999963,-6.299999999999947,20874,19660,0
6409,-6.599999999999952,8.650000000000265,27573,19660,0
6410,-6.4499999999999496,-9.24999999999999,28415,19660,0
6411,-6.399999999999949,4.0500000000002,29081,19660,0
6412,-6.249999999999947,-6.749999999999954,30065,19660,0
6413,-6.049999999999944,1.3500000000001613,31827,19660,0
6414,-6.849999999999955,3.300000000000189,25466,19660,0
6415,-6.049999999999944,-2.2999999999998906,31754,19660,0
6416,-5.9499999999999424,8.600000000000264,32772,19660,0
6417,-7.399999999999963,-9.899999999999999,20802,19660,0
6418,-6.7999999999999545,-4.0499999999999154,25719,19660,0
6419,-5.149999999999931,0.8000000000001535,39016,19660,0
6420,-5.899999999999942,3.300000000000189,33066,19660,0
6421,-6.999999999999957,5.200000000000216,24304,19660,0
6422,-5.549999999999937,5.300000000000217,35906,19660,0
6423,-5.399999999999935,-1.0999999999998735,36978,19660,0
6424,-5.699999999999939,-2.049999999999887,34559,19660,0
6425,-6.349999999999948,6.650000000000237,29533,19660,0
6426,-6.699999999999953,-5.449999999999935,26491,19660,0
6427,-6.649999999999952,1.4210854715202004e-13,27000,19660,0
6428,-6.599999999999952,6.250000000000231,27525,19660,0
6429,-6.099999999999945,-6.7999999999999545,31264,19660,0
6430,-5.09999999999993,-0.29999999999986215,39394,19660,0
6431,-6.7999999999999545,8.900000000000269,25978,19660,0
6432,-6.899999999999956,-8.349999999999977,24833,19660,0
6433,-5.09999999999993,-0.4499999999998643,39391,19660,0
6434,-5.399999999999935,5.250000000000217,37105,19660,0
6435,-6.049999999999944,-5.299999999999933,31694,19660,0
6436,-7.349999999999962,4.150000000000201,21483,19660,0
6437,-5.79999999999994,-3.6499999999999098,33727,19660,0
6438,-6.7999999999999545,-5.999999999999943,25680,19660,0
6439,-6.849999999999955,-0.9499999999998714,25381,19660,0
6440,-5.299999999999933,-7.1499999999999595,37657,19660,0
6441,-6.699999999999953,7.500000000000249,26750,19660,0
6442,-5.199999999999932,5.100000000000215,38702,19660,0
6443,-5.2499999999999325,2.8500000000001826,38257,19660,0
6444,-5.149999999999931,-8.199999999999974,38836,19660,0
6445,-5.199999999999932,9.70000000000028,38794,19660,0
6446,-6.849999999999955,-8.999999999999986,25220,19660,0
6447,-7.249999999999961,-6.849999999999955,22063,19660,0
6448,-7.1499999999999595,1.050000000000157,23021,19660,0
6449,-6.249999999999947,0.9000000000001549,30218,19660,0
6450,-6.949999999999957,8.450000000000262,24769,19660,0
6451,-7.349999999999962,7.200000000000244,21544,19660,0
6452,-7.19999999999996,5.750000000000224,22715,19660,0
6453,-7.399999999999963,8.800000000000267,21176,19660,0
6454,-7.299999999999962,3.9000000000001975,21878,19660,0
6455,-6.249999999999947,-3.1999999999999034,30136,19660,0
6456,-5.199999999999932,8.400000000000261,38768,19660,0
6457,-7.299999999999962,6.350000000000232,21927,19660,0
6458,-5.79999999999994,-8.449999999999978,33631,19660,0
6459,-6.099999999999945,1.3500000000001613,31427,19660,0
6460,-6.999999999999957,2.100000000000172,24242,19660,0
6461,-6.49999999999995,-9.399999999999991,28012,19660,0
6462,-5.699999999999939,0.5500000000001499,34611,19660,0
6463,-5.2499999999999325,3.450000000000191,38269,19660,0
6464,-6.549999999999951,-8.749999999999982,27625,19660,0
6465,-5.2499999999999325,-0.19999999999986073,38196,19660,0
6466,-7.299999999999962,6.000000000000227,21920,19660,0
6467,-5.9499999999999424,-0.9999999999998721,32580,19660,0
6468,-5.199999999999932,6.8500000000002395,38737,19660,0
6469,-5.849999999999941,5.45000000000022,33509,19660,0
6470,-6.149999999999945,-4.5499999999999226,30909,19660,0
6471,-7.1499999999999595,2.2000000000001734,23044,19660,0
6472,-5.74999999999994,2.6500000000001798,34253,19660,0
6473,-5.74999999999994,-8.64999999999998,34027,19660,0
6474,-5.649999999999938,2.0500000000001712,35041,19660,0
6475,-7.19999999999996,-8.199999999999974,22436,19660,0
6476,-6.249999999999947,-7.999999999999972,30040,19660,0
6477,-5.299999999999933,4.900000000000212,37898,19660,0
6478,-6.149999999999945,3.4000000000001904,31068,19660,0
6479,-5.04999999999993,-3.249999999999904,39735,19660,0
6480,-5.199999999999932,3.5500000000001926,38671,19660,0
6481,-6.549999999999951,4.9500000000002125,27899,19660,0
6482,-7.1499999999999595,8.35000000000026,23167,19660,0
6483,-7.4999999999999645,5.350000000000218,20307,19660,0
6484,-5.349999999999934,-5.849999999999941,37283,19660,0
6485,-5.349999999999934,-4.099999999999916,37318,19660,0
6486,-6.099999999999945,4.500000000000206,31490,19660,0
6487,-6.699999999999953,-0.5999999999998664,26588,19660,0
6488,-6.099999999999945,-1.349999999999877,31373,19660,0
6489,-6.199999999999946,4.700000000000209,30694,19660,0
6490,-6.849999999999955,-5.999999999999943,25280,19660,0
6491,-6.349999999999948,2.5000000000001776,29450,19660,0
6492,-6.549999999999951,6.20000000000023,27924,19660,0
6493,-5.9499999999999424,-6.399999999999949,32472,19660,0
6494,-6.649999999999952,-0.4499999999998643,26991,19660,0
6495,-5.79999999999994,-0.14999999999986002,33797,19660,0
6496,-6.349999999999948,-1.9999999999998863,29360,19660,0
6497,-5.449999999999935,-0.8999999999998707,36582,19660,0
6498,-5.299999999999933,5.550000000000221,37911,19660,0
6499,-5.699999999999939,1.1500000000001585,34623,19660,0
6500,-7.349999999999962,3.650000000000194,21473,19660,0
6501,-7.299999999999962,4.350000000000204,21887,19660,0
6502,-5.79999999999994,-0.7499999999998685,33785,19660,0
6503,-5.79999999999994,-1.899999999999885,33762,19660,0
6504,-6.949999999999957,-9.24999999999999,24415,19660,0
6505,-6.349999999999948,6.1500000000002295,29523,19660,0
6506,-6.999999999999957,6.20000000000023,24324,19660,0
6507,-5.399999999999935,-3.1499999999999027,36937,19660,0
6508,-5.74999999999994,7.550000000000249,34351,19660,0
6509,-5.349999999999934,2.3500000000001755,37447,19660,0
6510,-7.399999999999963,3.800000000000196,21076,19660,0
6511,-5.79999999999994,-6.749999999999954,33665,19660,0
6512,-6.4499999999999496,-3.4999999999999076,28530,19660,0
6513,-6.649999999999952,8.600000000000264,27172,19660,0
6514,-6.7999999999999545,-1.5999999999998806,25768,19660,0
6515,-6.399999999999949,-8.699999999999982,28826,19660,0
6516,-6.699999999999953,-6.899999999999956,26462,19660,0
6517,-7.299999999999962,-5.649999999999938,21687,19660,0
6518,-6.899999999999956,5.200000000000216,25104,19660,0
6519,-5.549999999999937,0.4000000000001478,35808,19660,0
6520,-7.399999999999963,-0.5999999999998664,20988,19660,0
6521,-7.449999999999964,-2.4999999999998934,20550,19660,0
6522,-5.09999999999993,7.900000000000254,39558,19660,0
6523,-5.549999999999937,-1.9999999999998863,35760,19660,0
6524,-5.5999999999999375,8.25000000000026,35565,19660,0
6525,-5.999999999999943,9.450000000000276,32389,19660,0
6526,-6.099999999999945,-3.6999999999999105,31326,19660,0
6527,-5.349999999999934,2.800000000000182,37456,19660,0
6528,-5.79999999999994,3.450000000000191,33869,19660,0
6529,-7.399999999999963,2.6500000000001798,21053,19660,0
6530,-5.04999999999993,8.200000000000259,39964,19660,0
6531,-6.49999999999995,-6.549999999999951,28069,19660,0
6532,-5.74999999999994,-1.5999999999998806,34168,19660,0
6533,-6.399999999999949,8.700000000000266,29174,19660,0
6534,-7.099999999999959,8.500000000000263,23570,19660,0
6535,-6.049999999999944,3.2500000000001883,31865,19660,0
6536,-6.7999999999999545,4.000000000000199,25880,19660,0
6537,-7.1499999999999595,9.150000000000272,23183,19660,0
6538,-6.349999999999948,0.10000000000014353,29402,19660,0
6539,-6.249999999999947,5.000000000000213,30300,19660,0
6540,-5.299999999999933,7.650000000000251,37953,19660,0
6541,-5.699999999999939,0.05000000000014282,34601,19660,0
6542,-7.449999999999964,6.800000000000239,20736,19660,0
6543,-5.549999999999937,-3.9999999999999147,35720,19660,0
6544,-7.449999999999964,7.650000000000251,20753,19660,0
6545,-5.349999999999934,1.4500000000001627,37429,19660,0
6546,-7.1499999999999595,-6.849999999999955,22863,19660,0
6547,-5.849999999999941,5.550000000000221,33511,19660,0
6548,-7.099999999999959,5.250000000000217,23505,19660,0
6549,-5.79999999999994,1.5000000000001634,33830,19660,0
6550,-6.549999999999951,-5.299999999999933,27694,19660,0
6551,-5.199999999999932,-0.29999999999986215,38594,19660,0
6552,-5.349999999999934,5.350000000000218,37507,19660,0
6553,-7.049999999999958,-4.39999999999992,23712,19660,0
6554,-7.099999999999959,-7.699999999999967,23246,19660,0
6555,-6.099999999999945,7.800000000000253,31556,19660,0
6556,-5.2499999999999325,2.3500000000001755,38247,19660,0
6557,-6.7999999999999545,-2.549999999999894,25749,19660,0
6558,-6.099999999999945,-0.19999999999986073,31396,19660,0
6559,-6.399999999999949,-2.4999999999998934,28950,19660,0
6560,-6.049999999999944,-0.09999999999985931,31798,19660,0
6561,-6.849999999999955,-6.949999999999957,25261,19660,0
6562,-5.9499999999999424,6.20000000000023,32724,19660,0
6563,-6.749999999999954,-8.699999999999982,26026,19660,0
6564,-7.449999999999964,9.05000000000027,20781,19660,0
6565,-6.49999999999995,-5.9499999999999424,28081,19660,0
6566,-5.149999999999931,-5.549999999999937,38889,19660,0
6567,-5.399999999999935,4.9500000000002125,37099,19660,0
6568,-7.299999999999962,-1.54999999999988,21769,19660,0
6569,-6.049999999999944,-4.0499999999999154,31719,19660,0
6570,-7.099999999999959,-9.95,23201,19660,0
6571,-5.79999999999994,2.450000000000177,33849,19660,0
6572,-5.499999999999936,-3.8499999999999126,36123,19660,0
6573,-6.149999999999945,0.7500000000001528,31015,19660,0
6574,-5.999999999999943,1.8000000000001677,32236,19660,0
6575,-6.49999999999995,-2.6999999999998963,28146,19660,0
6576,-6.199999999999946,6.450000000000234,30729,19660,0
6577,-5.199999999999932,-2.399999999999892,38552,19660,0
6578,-6.349999999999948,1.4500000000001627,29429,19660,0
6579,-5.2499999999999325,-0.3999999999998636,38192,19660,0
6580,-6.7999999999999545,6.300000000000232,25926,19660,0
6581,-5.09999999999993,2.950000000000184,39459,19660,0
6582,-5.04999999999993,2.0500000000001712,39841,19660,0
6583,-6.649999999999952,-6.749999999999954,26865,19660,0
6584,-5.499999999999936,4.700000000000209,36294,19660,0
6585,-5.79999999999994,-4.449999999999921,33711,19660,0
6586,-5.349999999999934,5.200000000000216,37504,19660,0
6587,-7.249999999999961,-6.749999999999954,22065,19660,0
6588,-5.349999999999934,-5.849999999999941,37283,19660,0
6589,-5.649999999999938,4.900000000000212,35098,19660,0
6590,-5.199999999999932,-5.299999999999933,38494,19660,0
6591,-7.19999999999996,0.7000000000001521,22614,19660,0
6592,-6.599999999999952,4.150000000000201,27483,19660,0
6593,-7.249999999999961,1.2000000000001592,22224,19660,0
6594,-6.199999999999946,0.3500000000001471,30607,19660,0
6595,-7.1499999999999595,-0.29999999999986215,22994,19660,0
6596,-7.1499999999999595,-6.549999999999951,22869,19660,0
6597,-5.5999999999999375,1.5000000000001634,35430,19660,0
6598,-5.199999999999932,-3.6999999999999105,38526,19660,0
6599,-7.19999999999996,-4.499999999999922,22510,19660,0
6600,-6.7999999999999545,5.550000000000221,25911,19660,0
6601,-5.899999999999942,-1.0999999999998735,32978,19660,0
6602,-7.349999999999962,0.3500000000001471,21407,19660,0
6603,-6.949999999999957,7.100000000000243,24742,19660,0
6604,-5.449999999999935,9.65000000000028,36793,19660,0
6605,-7.19999999999996,-0.5499999999998657,22589,19660,0
6606,-7.1499999999999595,5.45000000000022,23109,19660,0
6607,-5.09999999999993,-3.5499999999999083,39329,19660,0
6608,-7.049999999999958,-1.199999999999875,23776,19660,0
6609,-5.499999999999936,7.650000000000251,36353,19660,0
6610,-5.79999999999994,7.450000000000248,33949,19660,0
6611,-7.249999999999961,-4.099999999999916,22118,19660,0
6612,-5.09999999999993,-0.7999999999998693,39384,19660,0
6613,-6.249999999999947,-6.049999999999944,30079,19660,0
6614,-5.449999999999935,-3.5499999999999083,36529,19660,0
6615,-5.999999999999943,9.05000000000027,32381,19660,0
6616,-6.699999999999953,-6.49999999999995,26470,19660,0
6617,-5.9499999999999424,-5.499999999999936,32490,19660,0
6618,-7.349999999999962,-6.049999999999944,21279,19660,0
6619,-5.09999999999993,8.450000000000262,39569,19660,0
6620,-5.199999999999932,8.550000000000264,38771,19660,0
6621,-6.599999999999952,-9.699999999999996,27206,19660,0
6622,-5.04999999999993,7.050000000000242,39941,19660,0
6623,-5.699999999999939,-2.6499999999998956,34547,19660,0
6624,-7.099999999999959,8.650000000000265,23573,19660,0
6625,-7.249999999999961,-7.249999999999961,22055,19660,0
6626,-7.399999999999963,8.30000000000026,21166,19660,0
6627,-6.299999999999947,6.250000000000231,29925,19660,0
6628,-5.349999999999934,-3.1999999999999034,37336,19660,0
6629,-5.9499999999999424,-1.0999999999998735,32578,19660,0
6630,-5.849999999999941,6.650000000000237,33533,19660,0
6631,-6.349999999999948,-5.09999999999993,29298,19660,0
6632,-6.149999999999945,-5.699999999999939,30886,19660,0
6633,-7.249999999999961,5.550000000000221,22311,19660,0
6634,-5.74999999999994,4.6000000000002075,34292,19660,0
6635,-6.899999999999956,-9.449999999999992,24811,19660,0
6636,-7.249999999999961,-4.949999999999928,22101,19660,0
6637,-6.649999999999952,-9.699999999999996,26806,19660,0
6638,-6.849999999999955,-2.599999999999895,25348,19660,0
6639,-5.699999999999939,7.650000000000251,34753,19660,0
6640,-5.449999999999935,-9.549999999999994,36409,19660,0
6641,-6.149999999999945,9.100000000000271,31182,19660,0
6642,-6.049999999999944,-3.6999999999999105,31726,19660,0
6643,-6.249999999999947,-7.649999999999967,30047,19660,0
6644,-7.049999999999958,2.100000000000172,23842,19660,0
6645,-7.249999999999961,4.200000000000202,22284,19660,0
6646,-5.5999999999999375,-7.449999999999964,35251,19660,0
6647,-5.9499999999999424,4.300000000000203,32686,19660,0
6648,-5.349999999999934,-2.6499999999998956,37347,19660,0
6649,-6.199999999999946,1.5500000000001641,30631,19660,0
6650,-5.849999999999941,-8.349999999999977,33233,19660,0
6651,-6.4499999999999496,-8.949999999999985,28421,19660,0
6652,-5.09999999999993,6.20000000000023,39524,19660,0
6653,-7.099999999999959,-9.549999999999994,23209,19660,0
6654,-7.399999999999963,-6.749999999999954,20865,19660,0
6655,-6.49999999999995,6.050000000000228,28321,19660,0
6656,-6.749999999999954,-3.449999999999907,26131,19660,0
6657,-6.49999999999995,-9.549999999999994,28009,19660,0
6658,-5.09999999999993,2.750000000000181,39455,19660,0
6659,-5.499999999999936,-1.7999999999998835,36164,19660,0
6660,-6.649999999999952,3.9000000000001975,27078,19660,0
6661,-6.899999999999956,4.450000000000205,25089,19660,0
6662,-6.549999999999951,2.600000000000179,27852,19660,0
6663,-5.149999999999931,7.350000000000247,39147,19660,0
6664,-6.649999999999952,3.5500000000001926,27071,19660,0
6665,-5.649999999999938,1.6000000000001648,35032,19660,0
6666,-5.5999999999999375,-1.4999999999998792,35370,19660,0
6667,-5.899999999999942,3.800000000000196,33076,19660,0
6668,-7.1499999999999595,4.900000000000212,23098,19660,0
6669,-5.499999999999936,7.800000000000253,36356,19660,0
6670,-6.599999999999952,6.750000000000238,27535,19660,0
6671,-7.049999999999958,4.350000000000204,23887,19660,0
6672,-6.549999999999951,6.90000000000024,27938,19660,0
6673,-5.149999999999931,-8.049999999999972,38839,19660,0
6674,-7.299999999999962,2.0500000000001712,21841,19660,0
6675,-5.09999999999993,5.400000000000219,39508,19660,0
6676,-7.099999999999959,-3.9999999999999147,23320,19660,0
6677,-6.049999999999944,4.0500000000002,31881,19660,0
6678,-7.399999999999963,-9.749999999999996,20805,19660,0
6679,-6.7999999999999545,-10.0,25600,19660,0
6680,-6.199999999999946,5.900000000000226,30718,19660,0
6681,-6.249999999999947,9.350000000000275,30387,19660,0
6682,-5.649999999999938,8.500000000000263,35170,19660,0
6683,-6.099999999999945,-8.999999999999986,31220,19660,0
6684,-6.549999999999951,6.550000000000235,27931,19660,0
6685,-6.049999999999944,-2.3499999999998913,31753,19660,0
6686,-6.949999999999957,9.150000000000272,24783,19660,0
6687,-6.349999999999948,-3.399999999999906,29332,19660,0
6688,-5.79999999999994,1.9500000000001698,33839,19660,0
6689,-6.949999999999957,-0.14999999999986002,24597,19660,0
6690,-6.849999999999955,7.150000000000244,25543,19660,0
6691,-7.4999999999999645,-2.899999999999899,20142,19660,0
6692,-5.2499999999999325,1.0000000000001563,38220,19660,0
6693,-6.999999999999957,-3.4999999999999076,24130,19660,0
6694,-6.7999999999999545,7.650000000000251,25953,19660,0
6695,-5.74999999999994,0.5000000000001492,34210,19660,0
6696,-6.349999999999948,-0.6999999999998678,29386,19660,0
6697,-6.7999999999999545,2.8500000000001826,25857,19660,0
6698,-6.7999999999999545,-3.249999999999904,25735,19660,0
6699,-5.09999999999993,0.30000000000014637,39406,19660,0
6700,-5.04999999999993,6.450000000000234,39929,19660,0
6701,-6.699999999999953,5.250000000000217,26705,19660,0
6702,-5.699999999999939,5.150000000000215,34703,19660,0
6703,-6.599999999999952,8.500000000000263,27570,19660,0
6704,-7.299999999999962,-2.24999999999989,21755,19660,0
6705,-5.449999999999935,4.850000000000211,36697,19660,0
6706,-5.199999999999932,-7.649999999999967,38447,19660,0
6707,-5.649999999999938,3.0500000000001855,35061,19660,0
6708,-6.249999999999947,-5.9499999999999424,30081,19660,0
6709,-6.999999999999957,-6.7999999999999545,24064,19660,0
6710,-5.74999999999994,4.850000000000211,34297,19660,0
6711,-5.999999999999943,7.300000000000246,32346,19660,0
6712,-6.249999999999947,3.9500000000001982,30279,19660,0
6713,-5.449999999999935,8.500000000000263,36770,19660,0
6714,-5.899999999999942,-6.399999999999949,32872,19660,0
6715,-6.49999999999995,-6.099999999999945,28078,19660,0
6716,-6.7999999999999545,5.550000000000221,25911,19660,0
6717,-7.4999999999999645,4.150000000000201,20283,19660,0
6718,-6.199999999999946,-8.399999999999977,30432,19660,0
6719,-6.899999999999956,9.950000000000284,25199,19660,0
6720,-6.849999999999955,-8.699999999999982,25226,19660,0
6721,-5.349999999999934,-7.8499999999999694,37243,19660,0
6722,-6.4499999999999496,-2.6999999999998963,28546,19660,0
6723,-6.599999999999952,-8.499999999999979,27230,19660,0
6724,-7.299999999999962,-0.9499999999998714,21781,19660,0
6725,-5.2499999999999325,-6.849999999999955,38063,19660,0
6726,-6.149999999999945,9.550000000000278,31191,19660,0
6727,-5.5999999999999375,-9.699999999999996,35206,19660,0
6728,-7.4999999999999645,7.850000000000254,20357,19660,0
6729,-6.249999999999947,3.9500000000001982,30279,19660,0
6730,-5.499999999999936,8.100000000000257,36362,19660,0
6731,-6.599999999999952,3.2500000000001883,27465,19660,0
6732,-6.049999999999944,5.45000000000022,31909,19660,0
6733,-5.449999999999935,9.450000000000276,36789,19660,0
6734,-5.999999999999943,4.550000000000207,32291,19660,0
6735,-7.19999999999996,-0.8999999999998707,22582,19660,0
6736,-6.099999999999945,-6.349999999999948,31273,19660,0
6737,-5.399999999999935,-8.799999999999983,36824,19660,0
6738,-5.09999999999993,9.00000000000027,39580,19660,0
6739,-6.7999999999999545,-1.1499999999998742,25777,19660,0
6740,-6.699999999999953,6.000000000000227,26720,19660,0
6741,-5.149999999999931,8.050000000000257,39161,19660,0
6742,-6.549999999999951,8.95000000000027,27979,19660,0
6743,-7.099999999999959,-8.899999999999984,23222,19660,0
6744,-5.899999999999942,-6.649999999999952,32867,19660,0
6745,-5.649999999999938,1.400000000000162,35028,19660,0
6746,-5.699999999999939,1.900000000000169,34638,19660,0
6747,-6.549999999999951,9.350000000000275,27987,19660,0
6748,-7.099999999999959,9.200000000000273,23584,19660,0
6749,-5.2499999999999325,-3.5499999999999083,38129,19660,0
6750,-5.74999999999994,9.65000000000028,34393,19660,0
6751,-6.7999999999999545,-3.449999999999907,25731,19660,0
6752,-5.5999999999999375,0.9000000000001549,35418,19660,0
6753,-6.7999999999999545,9.350000000000275,25987,19660,0
6754,-7.299999999999962,-9.29999999999999,21614,19660,0
6755,-5.149999999999931,7.500000000000249,39150,19660,0
6756,-5.2499999999999325,6.20000000000023,38324,19660,0
6757,-5.649999999999938,-2.199999999999889,34956,19660,0
6758,-5.899999999999942,8.000000000000256,33160,19660,0
6759,-6.999999999999957,0.9000000000001549,24218,19660,0
6760,-6.099999999999945,3.450000000000191,31469,19660,0
6761,-5.499999999999936,5.100000000000215,36302,19660,0
6762,-5.79999999999994,3.850000000000197,33877,19660,0
6763,-6.849999999999955,-5.04999999999993,25299,19660,0
6764,-6.599999999999952,-6.7999999999999545,27264,19660,0
6765,-6.649999999999952,3.650000000000194,27073,19660,0
6766,-7.249999999999961,-7.349999999999962,22053,19660,0
6767,-5.2499999999999325,5.050000000000214,38301,19660,0
6768,-6.849999999999955,-6.649999999999952,25267,19660,0
6769,-5.649999999999938,-8.349999999999977,34833,19660,0
6770,-7.4999999999999645,-1.0999999999998735,20178,19660,0
6771,-5.899999999999942,-8.249999999999975,32835,19660,0
6772,-6.4499999999999496,-9.95,28401,19660,0
6773,-5.199999999999932,8.400000000000261,38768,19660,0
6774,-6.899999999999956,9.05000000000027,25181,19660,0
6775,-5.899999999999942,5.400000000000219,33108,19660,0
6776,-7.349999999999962,-3.1499999999999027,21337,19660,0
6777,-6.999999999999957,-5.699999999999939,24086,19660,0
6778,-5.149999999999931,-8.699999999999982,38826,19660,0
6779,-6.599999999999952,-9.799999999999997,27204,19660,0
6780,-6.249999999999947,-6.7999999999999545,30064,19660,0
6781,-5.449999999999935,0.6000000000001506,36612,19660,0
6782,-6.249999999999947,0.6500000000001513,30213,19660,0
6783,-6.599999999999952,9.950000000000284,27599,19660,0
6784,-5.399999999999935,7.7000000000002515,37154,19660,0
6785,-5.849999999999941,-1.3999999999998778,33372,19660,0
6786,-5.09999999999993,0.8500000000001542,39417,19660,0
6787,-7.299999999999962,-3.6499999999999098,21727,19660,0
6788,-5.999999999999943,9.400000000000276,32388,19660,0
6789,-6.299999999999947,2.8500000000001826,29857,19660,0
6790,-6.299999999999947,-5.9499999999999424,29681,19660,0
6791,-7.19999999999996,-3.6999999999999105,22526,19660,0
6792,-5.199999999999932,-1.2999999999998764,38574,19660,0
6793,-6.699999999999953,-6.099999999999945,26478,19660,0
6794,-5.349999999999934,3.7500000000001954,37475,19660,0
6795,-6.099999999999945,7.850000000000254,31557,19660,0
6796,-6.849999999999955,-4.299999999999919,25314,19660,0
6797,-7.449999999999964,-2.0999999999998877,20558,19660,0
6798,-5.999999999999943,3.650000000000194,32273,19660,0
6799,-5.399999999999935,4.300000000000203,37086,19660,0
6800,-6.949999999999957,-8.949999999999985,24421,19660,0
6801,-6.049999999999944,-1.4999999999998792,31770,19660,0
6802,-5.199999999999932,-6.949999999999957,38461,19660,0
6803,-5.699999999999939,-7.349999999999962,34453,19660,0
6804,-6.099999999999945,-9.849999999999998,31203,19660,0
6805,-5.9499999999999424,4.150000000000201,32683,19660,0
6806,-5.399999999999935,-8.749999999999982,36825,19660,0
6807,-6.749999999999954,4.350000000000204,26287,19660,0
6808,-5.699999999999939,9.200000000000273,34784,19660,0
6809,-5.299999999999933,-8.249999999999975,37635,19660,0
6810,-6.7999999999999545,-5.2499999999999325,25695,19660,0
6811,-5.399999999999935,5.750000000000224,37115,19660,0
6812,-5.2499999999999325,-4.5499999999999226,38109,19660,0
6813,-5.499999999999936,1.1500000000001585,36223,19660,0
6814,-5.349999999999934,7.750000000000252,37555,19660,0
6815,-6.7999999999999545,4.1000000000002,25882,19660,0
6816,-5.499999999999936,4.9500000000002125,36299,19660,0
6817,-6.49999999999995,2.1500000000001727,28243,19660,0
6818,-5.999999999999943,1.8000000000001677,32236,19660,0
6819,-6.7999999999999545,-9.199999999999989,25616,19660,0
6820,-7.299999999999962,-1.9999999999998863,21760,19660,0
6821,-5.449999999999935,-3.449999999999907,36531,19660,0
6822,-6.199999999999946,2.750000000000181,30655,19660,0
6823,-6.649999999999952,-2.6499999999998956,26947,19660,0
6824,-5.74999999999994,8.35000000000026,34367,19660,0
6825,-6.199999999999946,-0.7499999999998685,30585,19660,0
6826,-6.549999999999951,-4.0499999999999154,27719,19660,0
6827,-5.79999999999994,0.9000000000001549,33818,19660,0
6828,-5.999999999999943,5.600000000000222,32312,19660,0
6829,-6.199999999999946,4.450000000000205,30689,19660,0
6830,-7.1499999999999595,8.850000000000268,23177,19660,0
6831,-5.649999999999938,8.700000000000266,35174,19660,0
6832,-7.4999999999999645,-4.949999999999928,20101,19660,0
6833,-6.199999999999946,0.20000000000014495,30604,19660,0
6834,-7.19999999999996,-2.6499999999998956,22547,19660,0
6835,-7.049999999999958,-6.149999999999945,23677,19660,0
6836,-6.099999999999945,-0.7499999999998685,31385,19660,0
6837,-5.199999999999932,-7.549999999999965,38449,19660,0
6838,-6.099999999999945,8.150000000000258,31563,19660,0
6839,-6.349999999999948,1.5500000000001641,29431,19660,0
6840,-6.49999999999995,1.8500000000001684,28237,19660,0
6841,-5.649999999999938,8.800000000000267,35176,19660,0
6842,-5.199999999999932,-2.2999999999998906,38554,19660,0
6843,-7.449999999999964,0.10000000000014353,20602,19660,0
6844,-6.049999999999944,2.3500000000001755,31847,19660,0
6845,-6.7999999999999545,1.750000000000167,25835,19660,0
6846,-5.74999999999994,4.9500000000002125,34299,19660,0
6847,-5.849999999999941,1.4210854715202004e-13,33400,19660,0
6848,-6.49999999999995,-3.6499999999999098,28127,19660,0
6849,-6.299999999999947,8.700000000000266,29974,19660,0
6850,-6.699999999999953,-3.249999999999904,26535,19660,0
6851,-6.49999999999995,-7.099999999999959,28058,19660,0
6852,-6.549999999999951,-5.549999999999937,27689,19660,0
6853,-6.7999999999999545,0.7000000000001521,25814,19660,0
6854,-7.449999999999964,9.500000000000277,20790,19660,0
6855,-5.5999999999999375,4.350000000000204,35487,19660,0
6856,-5.999999999999943,9.100000000000271,32382,19660,0
6857,-7.299999999999962,3.0500000000001855,21861,19660,0
6858,-7.049999999999958,2.5500000000001783,23851,19660,0
6859,-7.299999999999962,4.80000000000021,21896,19660,0
6860,-6.049999999999944,0.7500000000001528,31815,19660,0
6861,-6.849999999999955,-9.649999999999995,25207,19660,0
6862,-6.849999999999955,7.850000000000254,25557,19660,0
6863,-7.249999999999961,-1.349999999999877,22173,19660,0
6864,-6.599999999999952,7.350000000000247,27547,19660,0
6865,-6.699999999999953,0.7500000000001528,26615,19660,0
6866,-6.199999999999946,-4.699999999999925,30506,19660,0
6867,-5.899999999999942,3.6000000000001933,33072,19660,0
6868,-6.599999999999952,-1.0499999999998728,27379,19660,0
6869,-6.49999999999995,4.1000000000002,28282,19660,0
6870,-6.699999999999953,1.2000000000001592,26624,19660,0
6871,-5.999999999999943,0.7500000000001528,32215,19660,0
6872,-6.7999999999999545,-10.0,25600,19660,0
6873,-6.999999999999957,-1.199999999999875,24176,19660,0
6874,-5.549999999999937,1.1000000000001577,35822,19660,0
6875,-6.849999999999955,6.950000000000241,25539,19660,0
6876,-5.5999999999999375,-5.649999999999938,35287,19660,0
6877,-5.04999999999993,-9.199999999999989,39616,19660,0
6878,-5.299999999999933,-0.6999999999998678,37786,19660,0
6879,-5.09999999999993,9.70000000000028,39594,19660,0
6880,-5.649999999999938,-2.24999999999989,34955,19660,0
6881,-7.19999999999996,-6.49999999999995,22470,19660,0
6882,-6.199999999999946,9.400000000000276,30788,19660,0
6883,-5.649999999999938,4.850000000000211,35097,19660,0
6884,-5.299999999999933,-7.099999999999959,37658,19660,0
6885,-6.149999999999945,3.0500000000001855,31061,19660,0
6886,-5.649999999999938,-0.9999999999998721,34980,19660,0
6887,-7.4999999999999645,-3.6499999999999098,20127,19660,0
6888,-7.049999999999958,2.6500000000001798,23853,19660,0
6889,-5.79999999999994,8.35000000000026,33967,19660,0
6890,-6.549999999999951,0.4500000000001485,27809,19660,0
6891,-5.349999999999934,5.900000000000226,37518,19660,0
6892,-5.79999999999994,-5.5999999999999375,33688,19660,0
6893,-5.74999999999994,-1.4999999999998792,34170,19660,0
6894,-5.899999999999942,-4.599999999999923,32908,19660,0
6895,-5.149999999999931,-2.7999999999998977,38944,19660,0
6896,-6.199999999999946,-8.59999999999998,30428,19660,0
6897,-6.049999999999944,7.000000000000242,31940,19660,0
6898,-6.299999999999947,-4.5499999999999226,29709,19660,0
6899,-7.099999999999959,0.9000000000001549,23418,19660,0
6900,-5.849999999999941,8.500000000000263,33570,19660,0
6901,-5.999999999999943,-5.74999999999994,32085,19660,0
6902,-6.4499999999999496,-2.049999999999887,28559,19660,0
6903,-6.749999999999954,-5.849999999999941,26083,19660,0
6904,-7.1499999999999595,-9.499999999999993,22810,19660,0
6905,-6.199999999999946,-1.7499999999998828,30565,19660,0
6906,-6.649999999999952,-4.099999999999916,26918,19660,0
6907,-5.299999999999933,4.400000000000205,37888,19660,0
6908,-5.649999999999938,3.0500000000001855,35061,19660,0
6909,-5.499999999999936,7.750000000000252,36355,19660,0
6910,-7.399999999999963,8.650000000000265,21173,19660,0
6911,-5.649999999999938,-9.849999999999998,34803,19660,0
6912,-5.549999999999937,-6.049999999999944,35679,19660,0
6913,-6.099999999999945,-5.999999999999943,31280,19660,0
6914,-6.049999999999944,-0.6499999999998671,31787,19660,0
6915,-5.399999999999935,-7.049999999999958,36859,19660,0
6916,-7.349999999999962,5.50000000000022,21510,19660,0
6917,-5.09999999999993,8.450000000000262,39569,19660,0
6918,-6.349999999999948,-4.5499999999999226,29309,19660,0
6919,-5.04999999999993,-1.7999999999998835,39764,19660,0
6920,-5.649999999999938,-3.799999999999912,34924,19660,0
6921,-6.099999999999945,-6.199999999999946,31276,19660,0
6922,-6.249999999999947,-2.599999999999895,30148,19660,0
6923,-6.649999999999952,7.900000000000254,27158,19660,0
6924,-6.749999999999954,4.700000000000209,26294,19660,0
6925,-5.849999999999941,6.1500000000002295,33523,19660,0
6926,-6.549999999999951,-2.4999999999998934,27750,19660,0
6927,-7.4999999999999645,-0.4499999999998643,20191,19660,0
6928,-5.9499999999999424,2.450000000000177,32649,19660,0
6929,-5.899999999999942,-6.399999999999949,32872,19660,0
6930,-6.649999999999952,8.800000000000267,27176,19660,0
6931,-5.849999999999941,-3.099999999999902,33338,19660,0
6932,-7.1499999999999595,-3.5499999999999083,22929,19660,0
6933,-6.699999999999953,-4.149999999999917,26517,19660,0
6934,-5.5999999999999375,4.6000000000002075,35492,19660,0
6935,-7.299999999999962,-7.249999999999961,21655,19660,0
6936,-7.1499999999999595,3.2000000000001876,23064,19660,0
6937,-6.649999999999952,-6.7999999999999545,26864,19660,0
6938,-6.049999999999944,-0.19999999999986073,31796,19660,0
6939,-5.5999999999999375,-0.84999999999987,35383,19660,0
6940,-6.399999999999949,2.100000000000172,29042,19660,0
6941,-5.999999999999943,5.750000000000224,32315,19660,0
6942,-5.649999999999938,-8.999999999999986,34820,19660,0
6943,-5.2499999999999325,1.3500000000001613,38227,19660,0
6944,-5.199999999999932,7.350000000000247,38747,19660,0
6945,-7.099999999999959,-8.54999999999998,23229,19660,0
6946,-6.549999999999951,-7.949999999999971,27641,19660,0
6947,-6.399999999999949,0.6500000000001513,29013,19660,0
6948,-6.49999999999995,-1.4999999999998792,28170,19660,0
6949,-6.249999999999947,-8.999999999999986,30020,19660,0
6950,-5.149999999999931,-3.8999999999999133,38922,19660,0
6951,-5.299999999999933,-9.95,37601,19660,0
6952,-5.399999999999935,6.700000000000237,37134,19660,0
6953,-6.149999999999945,-5.09999999999993,30898,19660,0
6954,-6.349999999999948,4.450000000000205,29489,19660,0
6955,-6.299999999999947,1.2000000000001592,29824,19660,0
6956,-5.09999999999993,1.5500000000001641,39431,19660,0
6957,-5.74999999999994,0.5000000000001492,34210,19660,0
6958,-7.399999999999963,-7.299999999999962,20854,19660,0
6959,-7.399999999999963,6.350000000000232,21127,19660,0
6960,-5.399999999999935,-3.299999999999905,36934,19660,0
6961,-5.399999999999935,0.6000000000001506,37012,19660,0
6962,-6.4499999999999496,5.150000000000215,28703,19660,0
6963,-6.4499999999999496,-5.149999999999931,28497,19660,0
6964,-5.09999999999993,1.7000000000001663,39434,19660,0
6965,-7.449999999999964,-7.099999999999959,20458,19660,0
6966,-5.449999999999935,-1.899999999999885,36562,19660,0
6967,-6.649999999999952,9.550000000000278,27191,19660,0
6968,-6.099999999999945,5.600000000000222,31512,19660,0
6969,-6.949999999999957,7.750000000000252,24755,19660,0
6970,-5.09999999999993,5.350000000000218,39507,19660,0
6971,-7.1499999999999595,-4.199999999999918,22916,19660,0
6972,-6.199999999999946,3.5500000000001926,30671,19660,0
6973,-6.149999999999945,-8.999999999999986,30820,19660,0
6974,-6.899999999999956,7.650000000000251,25153,19660,0
6975,-7.399999999999963,5.400000000000219,21108,19660,0
6976,-5.899999999999942,3.7500000000001954,33075,19660,0
6977,-5.09999999999993,1.1000000000001577,39422,19660,0
6978,-5.74999999999994,9.900000000000283,34398,19660,0
6979,-6.099999999999945,-7.549999999999965,31249,19660,0
6980,-5.2499999999999325,-4.249999999999918,38115,19660,0
6981,-5.2499999999999325,-5.499999999999936,38090,19660,0
6982,-6.299999999999947,7.450000000000248,29949,19660,0
6983,-5.549999999999937,-3.749999999999911,35725,19660,0
6984,-6.549999999999951,9.600000000000279,27992,19660,0
6985,-7.299999999999962,-9.449999999999992,21611,19660,0
6986,-7.299999999999962,-7.399999999999963,21652,19660,0
6987,-6.949999999999957,-6.549999999999951,24469,19660,0
6988,-6.349999999999948,-9.849999999999998,29203,19660,0
6989,-6.699999999999953,3.2000000000001876,26664,19660,0
6990,-5.9499999999999424,-4.5499999999999226,32509,19660,0
6991,-6.49999999999995,-0.6999999999998678,28186,19660,0
6992,-7.399999999999963,4.75000000000021,21095,19660,0
6993,-7.4999999999999645,-2.549999999999894,20149,19660,0
6994,-6.949999999999957,0.25000000000014566,24605,19660,0
6995,-6.4499999999999496,-0.14999999999986002,28597,19660,0
6996,-6.699999999999953,-4.5499999999999226,26509,19660,0
6997,-7.099999999999959,0.5500000000001499,23411,19660,0
6998,-7.349999999999962,-5.79999999999994,21284,19660,0
6999,-7.449999999999964,-6.899999999999956,20462,19660,0
7000,-5.9499999999999424,-8.999999999999986,32420,19660,0
7001,-7.19999999999996,-7.699999999999967,22446,19660,0
7002,-5.649999999999938,4.350000000000204,35087,19660,0
7003,-6.299999999999947,-3.449999999999907,29731,19660,0
7004,-7.399999999999963,-0.34999999999986287,20993,19660,0
7005,-6.649999999999952,6.20000000000023,27124,19660,0
7006,-7.049999999999958,7.7000000000002515,23954,19660,0
7007,-6.349999999999948,5.250000000000217,29505,19660,0
7008,-6.849999999999955,-9.649999999999995,25207,19660,0
7009,-5.79999999999994,4.850000000000211,33897,19660,0
7010,-6.699999999999953,4.1000000000002,26682,19660,0
7011,-6.999999999999957,1.1000000000001577,24222,19660,0
7012,-6.249999999999947,3.9500000000001982,30279,19660,0
7013,-6.299999999999947,-9.099999999999987,29618,19660,0
7014,-7.4999999999999645,-9.099999999999987,20018,19660,0
7015,-5.04999999999993,7.7000000000002515,39954,19660,0
7016,-5.9499999999999424,6.600000000000236,32732,19660,0
7017,-6.4499999999999496,-4.149999999999917,28517,19660,0
7018,-5.9499999999999424,-2.8499999999998984,32543,19660,0
7019,-6.749999999999954,-7.099999999999959,26058,19660,0
7020,-5.9499999999999424,-0.0499999999998586,32599,19660,0
7021,-6.7999999999999545,2.100000000000172,25842,19660,0
7022,-7.099999999999959,5.350000000000218,23507,19660,0
7023,-6.949999999999957,-4.749999999999925,24505,19660,0
7024,-7.099999999999959,-9.24999999999999,23215,19660,0
7025,-5.699999999999939,3.100000000000186,34662,19660,0
7026,-6.399999999999949,3.850000000000197,29077,19660,0
7027,-7.399999999999963,2.800000000000182,21056,19660,0
7028,-6.399999999999949,7.250000000000245,29145,19660,0
7029,-6.649999999999952,0.7000000000001521,27014,19660,0
7030,-6.699999999999953,-6.7999999999999545,26464,19660,0
7031,-6.699999999999953,-4.299999999999919,26514,19660,0
7032,-5.449999999999935,-9.95,36401,19660,0
7033,-6.49999999999995,2.950000000000184,28259,19660,0
7034,-6.249999999999947,6.450000000000234,30329,19660,0
7035,-5.999999999999943,-4.0499999999999154,32119,19660,0
7036,-7.399999999999963,-2.899999999999899,20942,19660,0
7037,-6.099999999999945,-2.9499999999999,31341,19660,0
7038,-5.9499999999999424,-2.0999999999998877,32558,19660,0
7039,-5.999999999999943,-7.1499999999999595,32057,19660,0
7040,-6.349999999999948,8.550000000000264,29571,19660,0
7041,-6.349999999999948,9.350000000000275,29587,19660,0
7042,-5.199999999999932,7.900000000000254,38758,19660,0
7043,-6.4499999999999496,7.100000000000243,28742,19660,0
7044,-5.9499999999999424,-0.29999999999986215,32594,19660,0
7045,-7.4999999999999645,4.300000000000203,20286,19660,0
7046,-6.949999999999957,2.6500000000001798,24653,19660,0
7047,-6.999999999999957,6.050000000000228,24321,19660,0
7048,-5.2499999999999325,4.80000000000021,38296,19660,0
7049,-6.49999999999995,4.450000000000205,28289,19660,0
7050,-5.299999999999933,2.3500000000001755,37847,19660,0
7051,-6.249999999999947,-8.749999999999982,30025,19660,0
7052,-7.19999999999996,-6.549999999999951,22469,19660,0
7053,-5.149999999999931,4.400000000000205,39088,19660,0
7054,-7.349999999999962,1.6000000000001648,21432,19660,0
7055,-5.499999999999936,4.80000000000021,36296,19660,0
7056,-6.7999999999999545,-5.299999999999933,25694,19660,0
7057,-6.4499999999999496,0.05000000000014282,28601,19660,0
7058,-5.199999999999932,7.60000000000025,38752,19660,0
7059,-6.999999999999957,4.450000000000205,24289,19660,0
7060,-5.549999999999937,9.800000000000281,35996,19660,0
7061,-7.049999999999958,-7.399999999999963,23652,19660,0
7062,-6.649999999999952,-7.949999999999971,26841,19660,0
7063,-5.449999999999935,-3.599999999999909,36528,19660,0
7064,-5.349999999999934,1.8500000000001684,37437,19660,0
7065,-6.699999999999953,-6.299999999999947,26474,19660,0
7066,-5.699999999999939,4.2500000000002025,34685,19660,0
7067,-6.999999999999957,7.60000000000025,24352,19660,0
7068,-6.549999999999951,-3.1999999999999034,27736,19660,0
7069,-6.649999999999952,5.000000000000213,27100,19660,0
7070,-7.349999999999962,-2.399999999999892,21352,19660,0
7071,-5.699999999999939,9.150000000000272,34783,19660,0
7072,-6.549999999999951,8.200000000000259,27964,19660,0
7073,-6.949999999999957,9.05000000000027,24781,19660,0
7074,-6.399999999999949,-6.649999999999952,28867,19660,0
7075,-7.449999999999964,9.65000000000028,20793,19660,0
7076,-6.649999999999952,-4.649999999999924,26907,19660,0
7077,-5.549999999999937,2.250000000000174,35845,19660,0
7078,-5.349999999999934,-7.249999999999961,37255,19660,0
7079,-6.049999999999944,-0.09999999999985931,31798,19660,0
7080,-5.899999999999942,-3.249999999999904,32935,19660,0
7081,-5.09999999999993,-5.299999999999933,39294,19660,0
7082,-5.699999999999939,-2.4499999999998927,34551,19660,0
7083,-5.79999999999994,-1.699999999999882,33766,19660,0
7084,-5.649999999999938,2.0000000000001705,35040,19660,0
7085,-6.699999999999953,2.2000000000001734,26644,19660,0
7086,-5.349999999999934,1.4210854715202004e-13,37400,19660,0
7087,-6.699999999999953,4.80000000000021,26696,19660,0
7088,-5.849999999999941,5.600000000000222,33512,19660,0
7089,-7.19999999999996,7.650000000000251,22753,19660,0
7090,-5.5999999999999375,4.650000000000208,35493,19660,0
7091,-5.79999999999994,-2.899999999999899,33742,19660,0
7092,-5.549999999999937,4.650000000000208,35893,19660,0
7093,-5.04999999999993,8.700000000000266,39974,19660,0
7094,-5.9499999999999424,4.6000000000002075,32692,19660,0
7095,-6.4499999999999496,-8.199999999999974,28436,19660,0
7096,-7.349999999999962,3.450000000000191,21469,19660,0
7097,-6.599999999999952,-7.799999999999969,27244,19660,0
7098,-7.249999999999961,3.100000000000186,22262,19660,0
7099,-6.899999999999956,0.8000000000001535,25016,19660,0
7100,-6.4499999999999496,0.05000000000014282,28601,19660,0
7101,-6.099999999999945,2.3500000000001755,31447,19660,0
7102,-6.249999999999947,0.15000000000014424,30203,19660,0
7103,-5.79999999999994,2.6500000000001798,33853,19660,0
7104,-6.249999999999947,-3.6499999999999098,30127,19660,0
7105,-5.149999999999931,-4.799999999999926,38904,19660,0
7106,-6.899999999999956,2.1500000000001727,25043,19660,0
7107,-5.9499999999999424,-7.549999999999965,32449,19660,0
7108,-6.4499999999999496,7.850000000000254,28757,19660,0
7109,-6.999999999999957,-7.349999999999962,24053,19660,0
7110,-7.349999999999962,-3.5499999999999083,21329,19660,0
7111,-7.1499999999999595,-6.049999999999944,22879,19660,0
7112,-6.899999999999956,5.950000000000227,25119,19660,0
7113,-5.299999999999933,6.1500000000002295,37923,19660,0
7114,-5.79999999999994,-6.349999999999948,33673,19660,0
7115,-6.749999999999954,7.150000000000244,26343,19660,0
7116,-6.549999999999951,-1.0999999999998735,27778,19660,0
7117,-7.399999999999963,3.0000000000001847,21060,19660,0
7118,-6.999999999999957,-7.999999999999972,24040,19660,0
7119,-5.149999999999931,1.5500000000001641,39031,19660,0
7120,-6.149999999999945,3.3500000000001897,31067,19660,0
7121,-5.499999999999936,2.0500000000001712,36241,19660,0
7122,-6.299999999999947,-7.449999999999964,29651,19660,0
7123,-6.649999999999952,5.100000000000215,27102,19660,0
7124,-6.099999999999945,-7.449999999999964,31251,19660,0
7125,-6.749999999999954,-6.4499999999999496,26071,19660,0
7126,-6.549999999999951,1.2500000000001599,27825,19660,0
7127,-5.999999999999943,3.450000000000191,32269,19660,0
7128,-6.099999999999945,4.2500000000002025,31485,19660,0
7129,-5.499999999999936,1.4210854715202004e-13,36200,19660,0
7130,-5.09999999999993,-7.699999999999967,39246,19660,0
7131,-5.899999999999942,8.30000000000026,33166,19660,0
7132,-7.399999999999963,-6.599999999999952,20868,19660,0
7133,-5.199999999999932,-4.299999999999919,38514,19660,0
7134,-6.599999999999952,-3.9999999999999147,27320,19660,0
7135,-6.849999999999955,-3.3499999999999055,25333,19660,0
7136,-7.449999999999964,-3.1999999999999034,20536,19660,0
7137,-7.1499999999999595,6.350000000000232,23127,19660,0
7138,-5.849999999999941,2.6500000000001798,33453,19660,0
7139,-6.149999999999945,1.7000000000001663,31034,19660,0
7140,-5.299999999999933,3.5500000000001926,37871,19660,0
7141,-5.149999999999931,-7.89999999999997,38842,19660,0
7142,-5.199999999999932,-4.149999999999917,38517,19660,0
7143,-6.999999999999957,-2.4499999999998927,24151,19660,0
7144,-7.099999999999959,7.900000000000254,23558,19660,0
7145,-7.049999999999958,-4.749999999999925,23705,19660,0
7146,-6.4499999999999496,7.550000000000249,28751,19660,0
7147,-6.849999999999955,-7.299999999999962,25254,19660,0
7148,-6.749999999999954,9.850000000000282,26397,19660,0
7149,-6.749999999999954,2.9000000000001833,26258,19660,0
7150,-6.899999999999956,6.750000000000238,25135,19660,0
7151,-5.149999999999931,-2.1499999999998884,38957,19660,0
7152,-7.1499999999999595,-9.699999999999996,22806,19660,0
7153,-5.299999999999933,-6.199999999999946,37676,19660,0
7154,-6.699999999999953,-0.7999999999998693,26584,19660,0
7155,-7.249999999999961,0.3500000000001471,22207,19660,0
7156,-5.699999999999939,-2.3499999999998913,34553,19660,0
7157,-6.7999999999999545,1.400000000000162,25828,19660,0
7158,-5.899999999999942,2.800000000000182,33056,19660,0
7159,-5.149999999999931,4.9500000000002125,39099,19660,0
7160,-6.549999999999951,-3.599999999999909,27728,19660,0
7161,-6.599999999999952,1.6500000000001656,27433,19660,0
7162,-6.899999999999956,0.30000000000014637,25006,19660,0
7163,-6.749999999999954,-5.349999999999934,26093,19660,0
7164,-7.049999999999958,-7.19999999999996,23656,19660,0
7165,-6.599999999999952,-1.54999999999988,27369,19660,0
7166,-5.04999999999993,-1.4499999999998785,39771,19660,0
7167,-5.699999999999939,-0.19999999999986073,34596,19660,0
7168,-7.249999999999961,-2.6499999999998956,22147,19660,0
7169,-6.599999999999952,1.5000000000001634,27430,19660,0
7170,-7.249999999999961,3.150000000000187,22263,19660,0
7171,-6.749999999999954,5.100000000000215,26302,19660,0
7172,-5.499999999999936,2.9000000000001833,36258,19660,0
7173,-6.599999999999952,-8.249999999999975,27235,19660,0
7174,-5.149999999999931,3.2000000000001876,39064,19660,0
7175,-6.4499999999999496,-2.9999999999999005,28540,19660,0
7176,-5.549999999999937,7.7000000000002515,35954,19660,0
7177,-5.699999999999939,4.500000000000206,34690,19660,0
7178,-6.4499999999999496,9.800000000000281,28796,19660,0
7179,-5.499999999999936,-2.599999999999895,36148,19660,0
7180,-5.2499999999999325,4.300000000000203,38286,19660,0
7181,-6.199999999999946,9.400000000000276,30788,19660,0
7182,-6.7999999999999545,-9.099999999999987,25618,19660,0
7183,-5.149999999999931,-9.34999999999999,38813,19660,0
7184,-5.999999999999943,0.25000000000014566,32205,19660,0
7185,-6.349999999999948,7.000000000000242,29540,19660,0
7186,-5.999999999999943,8.30000000000026,32366,19660,0
7187,-5.699999999999939,-6.299999999999947,34474,19660,0
7188,-6.349999999999948,-8.099999999999973,29238,19660,0
7189,-7.099999999999959,-7.449999999999964,23251,19660,0
7190,-5.499999999999936,-2.6999999999998963,36146,19660,0
7191,-6.999999999999957,1.750000000000167,24235,19660,0
7192,-5.449999999999935,-6.349999999999948,36473,19660,0
7193,-6.249999999999947,-8.749999999999982,30025,19660,0
7194,-6.699999999999953,9.800000000000281,26796,19660,0
7195,-7.299999999999962,-7.1499999999999595,21657,19660,0
7196,-5.04999999999993,-3.9999999999999147,39720,19660,0
7197,-6.199999999999946,-1.7999999999998835,30564,19660,0
7198,-7.449999999999964,-5.199999999999932,20496,19660,0
7199,-6.399999999999949,3.300000000000189,29066,19660,0
7200,-5.399999999999935,-9.95,36801,19660,0
7201,-6.49999999999995,7.950000000000255,28359,19660,0
7202,-6.999999999999957,2.450000000000177,24249,19660,0
7203,-6.4499999999999496,-1.54999999999988,28569,19660,0
7204,-5.899999999999942,-4.949999999999928,32901,19660,0
7205,-5.149999999999931,0.15000000000014424,39003,19660,0
7206,-5.74999999999994,-4.299999999999919,34114,19660,0
7207,-6.649999999999952,-5.04999999999993,26899,19660,0
7208,-6.549999999999951,-2.1499999999998884,27757,19660,0
7209,-6.349999999999948,8.200000000000259,29564,19660,0
7210,-5.399999999999935,-5.899999999999942,36882,19660,0
7211,-6.7999999999999545,3.150000000000187,25863,19660,0
7212,-5.549999999999937,4.0500000000002,35881,19660,0
7213,-6.899999999999956,0.9500000000001556,25019,19660,0
7214,-5.9499999999999424,3.5500000000001926,32671,19660,0
7215,-5.5999999999999375,6.400000000000233,35528,19660,0
7216,-5.649999999999938,-8.349999999999977,34833,19660,0
7217,-7.4999999999999645,-9.29999999999999,20014,19660,0
7218,-6.849999999999955,1.1500000000001585,25423,19660,0
7219,-6.549999999999951,-9.499999999999993,27610,19660,0
7220,-6.849999999999955,5.300000000000217,25506,19660,0
7221,-7.049999999999958,6.700000000000237,23934,19660,0
7222,-5.299999999999933,-2.7999999999998977,37744,19660,0
7223,-5.199999999999932,-4.449999999999921,38511,19660,0
7224,-5.499999999999936,1.9500000000001698,36239,19660,0
7225,-6.599999999999952,-8.299999999999976,27234,19660,0
7226,-6.849999999999955,-7.549999999999965,25249,19660,0
7227,-7.19999999999996,2.0000000000001705,22640,19660,0
7228,-6.099999999999945,-1.349999999999877,31373,19660,0
7229,-6.649999999999952,-0.34999999999986287,26993,19660,0
7230,-7.399999999999963,4.450000000000205,21089,19660,0
7231,-5.2499999999999325,-4.449999999999921,38111,19660,0
7232,-6.899999999999956,-1.899999999999885,24962,19660,0
7233,-6.849999999999955,1.7000000000001663,25434,19660,0
7234,-6.49999999999995,7.950000000000255,28359,19660,0
7235,-7.19999999999996,8.000000000000256,22760,19660,0
7236,-5.349999999999934,4.9500000000002125,37499,19660,0
7237,-7.19999999999996,-1.0999999999998735,22578,19660,0
7238,-7.19999999999996,-2.6999999999998963,22546,19660,0
7239,-6.349999999999948,5.400000000000219,29508,19660,0
7240,-5.199999999999932,-3.3499999999999055,38533,19660,0
7241,-5.349999999999934,-3.9999999999999147,37320,19660,0
7242,-7.4999999999999645,-4.0499999999999154,20119,19660,0
7243,-6.599999999999952,-1.899999999999885,27362,19660,0
7244,-5.499999999999936,0.8000000000001535,36216,19660,0
7245,-5.849999999999941,-3.599999999999909,33328,19660,0
7246,-5.849999999999941,4.6000000000002075,33492,19660,0
7247,-6.7999999999999545,-6.649999999999952,25667,19660,0
7248,-5.549999999999937,-7.549999999999965,35649,19660,0
7249,-6.199999999999946,-1.6499999999998813,30567,19660,0
7250,-6.249999999999947,-9.799999999999997,30004,19660,0
7251,-6.7999999999999545,-7.799999999999969,25644,19660,0
7252,-5.999999999999943,-8.199999999999974,32036,19660,0
7253,-5.699999999999939,2.100000000000172,34642,19660,0
7254,-5.499999999999936,-5.79999999999994,36084,19660,0
7255,-5.79999999999994,-7.999999999999972,33640,19660,0
7256,-6.649999999999952,-6.549999999999951,26869,19660,0
7257,-5.149999999999931,4.400000000000205,39088,19660,0
7258,-7.449999999999964,-9.29999999999999,20414,19660,0
7259,-6.999999999999957,-2.049999999999887,24159,19660,0
7260,-5.09999999999993,4.900000000000212,39498,19660,0
7261,-7.349999999999962,-7.949999999999971,21241,19660,0
7262,-6.49999999999995,-4.599999999999923,28108,19660,0
7263,-6.199999999999946,8.900000000000269,30778,19660,0
7264,-5.449999999999935,-6.699999999999953,36466,19660,0
7265,-5.899999999999942,4.000000000000199,33080,19660,0
7266,-5.649999999999938,5.400000000000219,35108,19660,0
7267,-5.199999999999932,4.200000000000202,38684,19660,0
7268,-7.249999999999961,6.20000000000023,22324,19660,0
7269,-7.4999999999999645,0.4500000000001485,20209,19660,0
7270,-6.249999999999947,-2.0999999999998877,30158,19660,0
7271,-5.299999999999933,3.0500000000001855,37861,19660,0
7272,-6.549999999999951,3.800000000000196,27876,19660,0
7273,-6.299999999999947,9.200000000000273,29984,19660,0
7274,-7.049999999999958,-6.249999999999947,23675,19660,0
7275,-5.04999999999993,-1.7499999999998828,39765,19660,0
7276,-6.999999999999957,0.8000000000001535,24216,19660,0
7277,-6.649999999999952,0.3500000000001471,27007,19660,0
7278,-7.049999999999958,9.900000000000283,23998,19660,0
7279,-6.899999999999956,2.600000000000179,25052,19660,0
7280,-7.1499999999999595,7.000000000000242,23140,19660,0
7281,-7.299999999999962,7.750000000000252,21955,19660,0
7282,-6.249999999999947,2.950000000000184,30259,19660,0
7283,-7.249999999999961,-3.249999999999904,22135,19660,0
7284,-7.399999999999963,8.000000000000256,21160,19660,0
7285,-6.549999999999951,-6.349999999999948,27673,19660,0
7286,-5.199999999999932,3.5500000000001926,38671,19660,0
7287,-6.299999999999947,3.450000000000191,29869,19660,0
7288,-5.849999999999941,-6.999999999999957,33260,19660,0
7289,-6.899999999999956,4.850000000000211,25097,19660,0
7290,-7.099999999999959,4.400000000000205,23488,19660,0
7291,-5.09999999999993,0.4000000000001478,39408,19660,0
7292,-7.249999999999961,-5.74999999999994,22085,19660,0
7293,-6.599999999999952,-9.199999999999989,27216,19660,0
7294,-5.399999999999935,1.9500000000001698,37039,19660,0
7295,-5.899999999999942,3.7000000000001947,33074,19660,0
7296,-6.149999999999945,-8.499999999999979,30830,19660,0
7297,-5.699999999999939,5.950000000000227,34719,19660,0
7298,-7.049999999999958,3.500000000000192,23870,19660,0
7299,-5.449999999999935,9.450000000000276,36789,19660,0
7300,-6.249999999999947,-1.699999999999882,30166,19660,0
7301,-5.549999999999937,-9.649999999999995,35607,19660,0
7302,-6.949999999999957,7.900000000000254,24758,19660,0
7303,-6.049999999999944,-7.049999999999958,31659,19660,0
7304,-5.999999999999943,-9.34999999999999,32013,19660,0
7305,-5.149999999999931,8.700000000000266,39174,19660,0
7306,-5.899999999999942,8.25000000000026,33165,19660,0
7307,-5.349999999999934,-5.549999999999937,37289,19660,0
7308,-5.449999999999935,-8.049999999999972,36439,19660,0
7309,-5.9499999999999424,4.700000000000209,32694,19660,0
7310,-5.9499999999999424,-9.549999999999994,32409,19660,0
7311,-7.399999999999963,5.150000000000215,21103,19660,0
7312,-6.249999999999947,-1.9999999999998863,30160,19660,0
7313,-7.349999999999962,-7.249999999999961,21255,19660,0
7314,-5.899999999999942,-4.299999999999919,32914,19660,0
7315,-5.999999999999943,-3.599999999999909,32128,19660,0
7316,-5.449999999999935,-0.7499999999998685,36585,19660,0
7317,-6.299999999999947,4.400000000000205,29888,19660,0
7318,-6.749999999999954,8.95000000000027,26379,19660,0
7319,-7.349999999999962,-8.349999999999977,21233,19660,0
7320,-5.349999999999934,-9.749999999999996,37205,19660,0
7321,-6.7999999999999545,-4.849999999999927,25703,19660,0
7322,-6.749999999999954,-1.4999999999998792,26170,19660,0
7323,-5.74999999999994,8.35000000000026,34367,19660,0
7324,-6.49999999999995,-4.499999999999922,28110,19660,0
7325,-6.749999999999954,9.300000000000274,26386,19660,0
7326,-6.699999999999953,-1.899999999999885,26562,19660,0
7327,-5.09999999999993,8.050000000000257,39561,19660,0
7328,-6.849999999999955,4.000000000000199,25480,19660,0
7329,-7.049999999999958,-8.749999999999982,23625,19660,0
7330,-6.049999999999944,6.5000000000002345,31930,19660,0
7331,-5.349999999999934,8.650000000000265,37573,19660,0
7332,-5.449999999999935,1.7000000000001663,36634,19660,0
7333,-5.09999999999993,5.900000000000226,39518,19660,0
7334,-6.349999999999948,-2.8499999999998984,29343,19660,0
7335,-5.74999999999994,1.4210854715202004e-13,34200,19660,0
7336,-5.999999999999943,-8.349999999999977,32033,19660,0
7337,-5.199999999999932,5.350000000000218,38707,19660,0
7338,-7.4999999999999645,8.500000000000263,20370,19660,0
7339,-7.19999999999996,-2.7999999999998977,22544,19660,0
7340,-7.099999999999959,9.200000000000273,23584,19660,0
7341,-6.7999999999999545,1.8500000000001684,25837,19660,0
7342,-6.349999999999948,7.550000000000249,29551,19660,0
7343,-5.9499999999999424,3.650000000000194,32673,19660,0
7344,-5.449999999999935,-0.09999999999985931,36598,19660,0
7345,-5.74999999999994,9.800000000000281,34396,19660,0
7346,-7.249999999999961,7.550000000000249,22351,19660,0
7347,-6.649999999999952,3.800000000000196,27076,19660,0
7348,-5.549999999999937,-6.549999999999951,35669,19660,0
7349,-5.699999999999939,9.900000000000283,34798,19660,0
7350,-6.049999999999944,-2.549999999999894,31749,19660,0
7351,-6.849999999999955,-2.399999999999892,25352,19660,0
7352,-6.099999999999945,0.7500000000001528,31415,19660,0
7353,-5.499999999999936,-3.399999999999906,36132,19660,0
7354,-6.849999999999955,-8.099999999999973,25238,19660,0
7355,-6.249999999999947,7.900000000000254,30358,19660,0
7356,-5.499999999999936,8.750000000000266,36375,19660,0
7357,-5.449999999999935,-1.4999999999998792,36570,19660,0
7358,-7.19999999999996,-6.149999999999945,22477,19660,0
7359,-6.899999999999956,5.8000000000002245,25116,19660,0
7360,-5.899999999999942,-0.34999999999986287,32993,19660,0
7361,-6.549999999999951,7.500000000000249,27950,19660,0
7362,-6.549999999999951,9.550000000000278,27991,19660,0
7363,-5.04999999999993,2.6500000000001798,39853,19660,0
7364,-5.74999999999994,-2.0999999999998877,34158,19660,0
7365,-6.49999999999995,-0.34999999999986287,28193,19660,0
7366,-5.09999999999993,-2.7999999999998977,39344,19660,0
7367,-6.599999999999952,2.0000000000001705,27440,19660,0
7368,-6.299999999999947,3.150000000000187,29863,19660,0
7369,-7.299999999999962,7.850000000000254,21957,19660,0
7370,-7.249999999999961,-1.6499999999998813,22167,19660,0
7371,-7.4999999999999645,4.75000000000021,20295,19660,0
7372,-5.899999999999942,-8.899999999999984,32822,19660,0
7373,-5.849999999999941,-3.1999999999999034,33336,19660,0
7374,-5.74999999999994,-0.09999999999985931,34198,19660,0
7375,-5.2499999999999325,-8.699999999999982,38026,19660,0
7376,-5.899999999999942,1.900000000000169,33038,19660,0
7377,-5.499999999999936,-3.8999999999999133,36122,19660,0
7378,-6.849999999999955,9.500000000000277,25590,19660,0
7379,-5.5999999999999375,8.100000000000257,35562,19660,0
7380,-7.449999999999964,8.000000000000256,20760,19660,0
7381,-7.399999999999963,-4.749999999999925,20905,19660,0
7382,-6.699999999999953,5.750000000000224,26715,19660,0
7383,-7.4999999999999645,3.0000000000001847,20260,19660,0
7384,-6.249999999999947,-5.649999999999938,30087,19660,0
7385,-6.299999999999947,-6.949999999999957,29661,19660,0
7386,-5.999999999999943,-1.899999999999885,32162,19660,0
7387,-5.849999999999941,3.3500000000001897,33467,19660,0
7388,-6.649999999999952,1.750000000000167,27035,19660,0
7389,-6.599999999999952,1.050000000000157,27421,19660,0
7390,-5.299999999999933,4.300000000000203,37886,19660,0
7391,-5.899999999999942,-3.799999999999912,32924,19660,0
7392,-7.449999999999964,-8.54999999999998,20429,19660,0
7393,-6.199999999999946,9.75000000000028,30795,19660,0
7394,-5.09999999999993,-4.39999999999992,39312,19660,0
7395,-5.699999999999939,2.2000000000001734,34644,19660,0
7396,-5.299999999999933,6.20000000000023,37924,19660,0
7397,-5.649999999999938,-9.34999999999999,34813,19660,0
7398,-5.399999999999935,6.750000000000238,37135,19660,0
7399,-6.199999999999946,1.9500000000001698,30639,19660,0
7400,-6.299999999999947,-1.54999999999988,29769,19660,0
7401,-5.149999999999931,3.500000000000192,39070,19660,0
7402,-5.04999999999993,8.000000000000256,39960,19660,0
7403,-6.399999999999949,1.2500000000001599,29025,19660,0
7404,-6.949999999999957,6.250000000000231,24725,19660,0
7405,-5.09999999999993,-3.299999999999905,39334,19660,0
7406,-5.149999999999931,5.700000000000223,39114,19660,0
7407,-6.549999999999951,6.550000000000235,27931,19660,0
7408,-7.19999999999996,-6.249999999999947,22475,19660,0
7409,-5.399999999999935,-4.499999999999922,36910,19660,0
7410,-7.099999999999959,5.200000000000216,23504,19660,0
7411,-6.399999999999949,-5.699999999999939,28886,19660,0
7412,-7.099999999999959,-7.549999999999965,23249,19660,0
7413,-6.999999999999957,7.850000000000254,24357,19660,0
7414,-5.5999999999999375,-8.949999999999985,35221,19660,0
7415,-6.349999999999948,-0.7499999999998685,29385,19660,0
7416,-6.099999999999945,5.200000000000216,31504,19660,0
7417,-6.599999999999952,-5.04999999999993,27299,19660,0
7418,-6.649999999999952,3.800000000000196,27076,19660,0
7419,-5.74999999999994,6.250000000000231,34325,19660,0
7420,-5.299999999999933,0.25000000000014566,37805,19660,0
7421,-7.19999999999996,-0.499999999999865,22590,19660,0
7422,-6.199999999999946,5.8000000000002245,30716,19660,0
7423,-5.499999999999936,-8.099999999999973,36038,19660,0
7424,-6.299999999999947,-7.449999999999964,29651,19660,0
7425,-7.19999999999996,6.050000000000228,22721,19660,0
7426,-6.949999999999957,-3.749999999999911,24525,19660,0
7427,-5.09999999999993,-9.899999999999999,39202,19660,0
7428,-5.199999999999932,1.0000000000001563,38620,19660,0
7429,-6.849999999999955,4.700000000000209,25494,19660,0
7430,-6.4499999999999496,-0.9999999999998721,28580,19660,0
7431,-7.449999999999964,7.7000000000002515,20754,19660,0
7432,-5.999999999999943,-9.549999999999994,32009,19660,0
7433,-5.899999999999942,-9.899999999999999,32802,19660,0
7434,-6.649999999999952,-2.899999999999899,26942,19660,0
7435,-6.7999999999999545,7.350000000000247,25947,19660,0
7436,-5.79999999999994,0.5500000000001499,33811,19660,0
7437,-7.399999999999963,-6.149999999999945,20877,19660,0
7438,-6.099999999999945,0.3500000000001471,31407,19660,0
7439,-6.599999999999952,-8.699999999999982,27226,19660,0
7440,-5.549999999999937,-6.099999999999945,35678,19660,0
7441,-5.499999999999936,-2.049999999999887,36159,19660,0
7442,-6.749999999999954,-4.699999999999925,26106,19660,0
7443,-5.199999999999932,1.8500000000001684,38637,19660,0
7444,-5.149999999999931,-0.3999999999998636,38992,19660,0
7445,-5.199999999999932,-2.4999999999998934,38550,19660,0
7446,-6.4499999999999496,0.8000000000001535,28616,19660,0
7447,-5.649999999999938,-1.0499999999998728,34979,19660,0
7448,-7.049999999999958,9.150000000000272,23983,19660,0
7449,-6.899999999999956,-0.4499999999998643,24991,19660,0
7450,-6.199999999999946,-5.499999999999936,30490,19660,0
7451,-6.349999999999948,3.7000000000001947,29474,19660,0
7452,-5.09999999999993,-4.8999999999999275,39302,19660,0
7453,-6.099999999999945,3.9000000000001975,31478,19660,0
7454,-6.049999999999944,2.5500000000001783,31851,19660,0
7455,-6.7999999999999545,-2.6999999999998963,25746,19660,0
7456,-7.19999999999996,-0.34999999999986287,22593,19660,0
7457,-7.299999999999962,-4.749999999999925,21705,19660,0
7458,-7.249999999999961,8.150000000000258,22363,19660,0
7459,-7.049999999999958,-0.24999999999986144,23795,19660,0
7460,-7.4999999999999645,3.7500000000001954,20275,19660,0
7461,-5.849999999999941,-8.54999999999998,33229,19660,0
7462,-5.09999999999993,0.4000000000001478,39408,19660,0
7463,-5.399999999999935,9.05000000000027,37181,19660,0
7464,-6.299999999999947,-0.09999999999985931,29798,19660,0
7465,-5.2499999999999325,7.750000000000252,38355,19660,0
7466,-7.099999999999959,-6.199999999999946,23276,19660,0
7467,-5.5999999999999375,-4.5499999999999226,35309,19660,0
7468,-6.049999999999944,8.35000000000026,31967,19660,0
7469,-6.349999999999948,8.25000000000026,29565,19660,0
7470,-7.049999999999958,-3.0499999999999012,23739,19660,0
7471,-5.299999999999933,0.25000000000014566,37805,19660,0
7472,-6.49999999999995,-5.899999999999942,28082,19660,0
7473,-5.899999999999942,-8.449999999999978,32831,19660,0
7474,-5.149999999999931,6.100000000000229,39122,19660,0
7475,-5.349999999999934,-3.299999999999905,37334,19660,0
7476,-6.549999999999951,9.70000000000028,27994,19660,0
7477,-6.4499999999999496,1.8000000000001677,28636,19660,0
7478,-6.49999999999995,-8.349999999999977,28033,19660,0
7479,-5.04999999999993,-8.749999999999982,39625,19660,0
7480,-5.699999999999939,-8.849999999999984,34423,19660,0
7481,-6.949999999999957,-2.399999999999892,24552,19660,0
7482,-6.149999999999945,-7.8499999999999694,30843,19660,0
7483,-5.79999999999994,0.5000000000001492,33810,19660,0
7484,-6.749999999999954,-0.34999999999986287,26193,19660,0
7485,-7.1499999999999595,-4.649999999999924,22907,19660,0
7486,-7.349999999999962,-5.79999999999994,21284,19660,0
7487,-5.299999999999933,-2.8499999999998984,37743,19660,0
7488,-5.349999999999934,-8.799999999999983,37224,19660,0
7489,-5.399999999999935,9.500000000000277,37190,19660,0
7490,-7.449999999999964,-6.349999999999948,20473,19660,0
7491,-5.399999999999935,-0.09999999999985931,36998,19660,0
7492,-6.999999999999957,-2.899999999999899,24142,19660,0
7493,-6.099999999999945,7.450000000000248,31549,19660,0
7494,-5.999999999999943,0.25000000000014566,32205,19660,0
7495,-6.649999999999952,8.400000000000261,27168,19660,0
7496,-6.4499999999999496,1.750000000000167,28635,19660,0
7497,-6.299999999999947,-2.4999999999998934,29750,19660,0
7498,-7.249999999999961,5.350000000000218,22307,19660,0
7499,-7.399999999999963,-3.6499999999999098,20927,19660,0
7500,-7.299999999999962,0.30000000000014637,21806,19660,0
7501,-6.199999999999946,-2.9999999999999005,30540,19660,0
7502,-6.649999999999952,3.7000000000001947,27074,19660,0
7503,-6.049999999999944,6.90000000000024,31938,19660,0
7504,-5.9499999999999424,-6.399999999999949,32472,19660,0
7505,-6.899999999999956,-6.7999999999999545,24864,19660,0
7506,-6.999999999999957,4.150000000000201,24283,19660,0
7507,-6.249999999999947,-4.499999999999922,30110,19660,0
7508,-5.74999999999994,8.900000000000269,34378,19660,0
7509,-6.899999999999956,6.700000000000237,25134,19660,0
7510,-5.2499999999999325,-7.649999999999967,38047,19660,0
7511,-5.9499999999999424,-1.199999999999875,32576,19660,0
7512,-7.249999999999961,2.6500000000001798,22253,19660,0
7513,-6.899999999999956,4.450000000000205,25089,19660,0
7514,-5.199999999999932,0.8000000000001535,38616,19660,0
7515,-5.79999999999994,8.100000000000257,33962,19660,0
7516,-5.04999999999993,4.500000000000206,39890,19660,0
7517,-5.449999999999935,-6.4499999999999496,36471,19660,0
7518,-6.699999999999953,7.800000000000253,26756,19660,0
7519,-6.849999999999955,1.400000000000162,25428,19660,0
7520,-7.19999999999996,5.950000000000227,22719,19660,0
7521,-5.79999999999994,9.400000000000276,33988,19660,0
7522,-6.649999999999952,-5.549999999999937,26889,19660,0
7523,-7.19999999999996,9.65000000000028,22793,19660,0
7524,-7.1499999999999595,6.800000000000239,23136,19660,0
7525,-5.699999999999939,-0.8999999999998707,34582,19660,0
7526,-5.699999999999939,-6.399999999999949,34472,19660,0
7527,-7.19999999999996,5.100000000000215,22702,19660,0
7528,-5.299999999999933,6.950000000000241,37939,19660,0
7529,-6.049999999999944,8.150000000000258,31963,19660,0
7530,-6.749999999999954,-8.749999999999982,26025,19660,0
7531,-6.149999999999945,8.450000000000262,31169,19660,0
7532,-7.099999999999959,2.950000000000184,23459,19660,0
7533,-6.599999999999952,6.90000000000024,27538,19660,0
7534,-7.399999999999963,-7.049999999999958,20859,19660,0
7535,-6.749999999999954,-2.749999999999897,26145,19660,0
7536,-6.399999999999949,-8.799999999999983,28824,19660,0
7537,-5.849999999999941,9.00000000000027,33580,19660,0
7538,-6.299999999999947,8.100000000000257,29962,19660,0
7539,-5.2499999999999325,4.150000000000201,38283,19660,0
7540,-5.9499999999999424,5.550000000000221,32711,19660,0
7541,-6.7999999999999545,1.2500000000001599,25825,19660,0
7542,-5.999999999999943,-4.34999999999992,32113,19660,0
7543,-6.549999999999951,8.000000000000256,27960,19660,0
7544,-6.099999999999945,9.600000000000279,31592,19660,0
7545,-5.999999999999943,-5.149999999999931,32097,19660,0
7546,-6.299999999999947,-5.04999999999993,29699,19660,0
7547,-6.399999999999949,-5.499999999999936,28890,19660,0
7548,-5.899999999999942,-6.7999999999999545,32864,19660,0
7549,-7.4999999999999645,-8.899999999999984,20022,19660,0
7550,-6.299999999999947,-1.699999999999882,29766,19660,0
7551,-5.899999999999942,9.05000000000027,33181,19660,0
7552,-6.149999999999945,-0.5999999999998664,30988,19660,0
7553,-5.04999999999993,2.5500000000001783,39851,19660,0
7554,-6.549999999999951,-8.64999999999998,27627,19660,0
7555,-6.399999999999949,7.000000000000242,29140,19660,0
7556,-6.149999999999945,8.25000000000026,31165,19660,0
7557,-6.049999999999944,4.550000000000207,31891,19660,0
7558,-5.449999999999935,-6.049999999999944,36479,19660,0
7559,-7.099999999999959,1.900000000000169,23438,19660,0
7560,-7.349999999999962,-7.249999999999961,21255,19660,0
7561,-6.549999999999951,-5.149999999999931,27697,19660,0
7562,-6.899999999999956,-6.099999999999945,24878,19660,0
7563,-6.749999999999954,1.5000000000001634,26230,19660,0
7564,-7.449999999999964,0.5500000000001499,20611,19660,0
7565,-5.149999999999931,-7.049999999999958,38859,19660,0
7566,-6.299999999999947,-10.0,29600,19660,0
7567,-6.749999999999954,2.8500000000001826,26257,19660,0
7568,-5.449999999999935,8.500000000000263,36770,19660,0
7569,-6.299999999999947,-7.699999999999967,29646,19660,0
7570,-6.049999999999944,8.30000000000026,31966,19660,0
7571,-6.949999999999957,3.450000000000191,24669,19660,0
7572,-7.249999999999961,2.0500000000001712,22241,19660,0
7573,-7.4999999999999645,0.30000000000014637,20206,19660,0
7574,-5.299999999999933,-5.849999999999941,37683,19660,0
7575,-7.399999999999963,5.200000000000216,21104,19660,0
7576,-7.049999999999958,-6.49999999999995,23670,19660,0
7577,-5.649999999999938,9.70000000000028,35194,19660,0
7578,-7.449999999999964,7.60000000000025,20752,19660,0
7579,-5.349999999999934,-9.099999999999987,37218,19660,0
7580,-7.349999999999962,-6.699999999999953,21266,19660,0
7581,-5.9499999999999424,-6.099999999999945,32478,19660,0
7582,-7.049999999999958,-7.449999999999964,23651,19660,0
7583,-5.2499999999999325,-4.39999999999992,38112,19660,0
7584,-6.899999999999956,-1.349999999999877,24973,19660,0
7585,-5.04999999999993,-3.0499999999999012,39739,19660,0
7586,-5.09999999999993,2.750000000000181,39455,19660,0
7587,-6.849999999999955,7.500000000000249,25550,19660,0
7588,-7.099999999999959,-0.6999999999998678,23386,19660,0
7589,-6.699999999999953,-2.749999999999897,26545,19660,0
7590,-6.7999999999999545,-2.049999999999887,25759,19660,0
7591,-6.4499999999999496,-6.249999999999947,28475,19660,0
7592,-5.499999999999936,-1.9999999999998863,36160,19660,0
7593,-7.449999999999964,-9.499999999999993,20410,19660,0
7594,-6.349999999999948,2.3500000000001755,29447,19660,0
7595,-7.049999999999958,-6.299999999999947,23674,19660,0
7596,-6.299999999999947,-4.39999999999992,29712,19660,0
7597,-6.349999999999948,-4.149999999999917,29317,19660,0
7598,-6.849999999999955,-6.749999999999954,25265,19660,0
7599,-6.149999999999945,-9.399999999999991,30812,19660,0
7600,-6.099999999999945,-1.1499999999998742,31377,19660,0
7601,-6.549999999999951,2.6500000000001798,27853,19660,0
7602,-5.899999999999942,-3.799999999999912,32924,19660,0
7603,-5.549999999999937,-2.9999999999999005,35740,19660,0
7604,-5.299999999999933,-6.199999999999946,37676,19660,0
7605,-5.2499999999999325,8.100000000000257,38362,19660,0
7606,-5.349999999999934,-4.299999999999919,37314,19660,0
7607,-7.299999999999962,-5.2499999999999325,21695,19660,0
7608,-6.199999999999946,2.750000000000181,30655,19660,0
7609,-5.899999999999942,3.4000000000001904,33068,19660,0
7610,-6.399999999999949,7.7000000000002515,29154,19660,0
7611,-6.49999999999995,7.7000000000002515,28354,19660,0
7612,-5.849999999999941,-8.59999999999998,33228,19660,0
7613,-6.699999999999953,4.9500000000002125,26699,19660,0
7614,-5.299999999999933,-7.699999999999967,37646,19660,0
7615,-6.4499999999999496,-6.199999999999946,28476,19660,0
7616,-7.249999999999961,-0.6499999999998671,22187,19660,0
7617,-5.9499999999999424,7.500000000000249,32750,19660,0
7618,-6.849999999999955,9.350000000000275,25587,19660,0
7619,-6.199999999999946,-2.1499999999998884,30557,19660,0
7620,-6.349999999999948,-4.299999999999919,29314,19660,0
7621,-6.899999999999956,0.4500000000001485,25009,19660,0
7622,-6.7999999999999545,-3.449999999999907,25731,19660,0
7623,-5.199999999999932,5.45000000000022,38709,19660,0
7624,-6.399999999999949,4.550000000000207,29091,19660,0
7625,-5.9499999999999424,-1.9999999999998863,32560,19660,0
7626,-5.5999999999999375,-9.95,35201,19660,0
7627,-5.649999999999938,5.950000000000227,35119,19660,0
7628,-7.099999999999959,-8.799999999999983,23224,19660,0
7629,-5.899999999999942,-5.699999999999939,32886,19660,0
7630,-7.399999999999963,4.900000000000212,21098,19660,0
7631,-6.7999999999999545,0.6000000000001506,25812,19660,0
7632,-5.449999999999935,5.750000000000224,36715,19660,0
7633,-6.249999999999947,7.050000000000242,30341,19660,0
7634,-6.999999999999957,4.400000000000205,24288,19660,0
7635,-6.749999999999954,-0.9999999999998721,26180,19660,0
7636,-6.099999999999945,7.250000000000245,31545,19660,0
7637,-5.2499999999999325,-10.0,38000,19660,0
7638,-7.4999999999999645,8.25000000000026,20365,19660,0
7639,-5.399999999999935,-7.399999999999963,36852,19660,0
7640,-5.5999999999999375,-6.749999999999954,35265,19660,0
7641,-6.7999999999999545,-2.6499999999998956,25747,19660,0
7642,-6.049999999999944,-0.8999999999998707,31782,19660,0
7643,-7.399999999999963,2.450000000000177,21049,19660,0
7644,-5.449999999999935,2.9000000000001833,36658,19660,0
7645,-5.04999999999993,5.100000000000215,39902,19660,0
7646,-5.5999999999999375,-5.899999999999942,35282,19660,0
7647,-6.999999999999957,2.2000000000001734,24244,19660,0
7648,-6.149999999999945,9.150000000000272,31183,19660,0
7649,-7.1499999999999595,4.900000000000212,23098,19660,0
7650,-7.049999999999958,-0.84999999999987,23783,19660,0
7651,-5.499999999999936,5.8000000000002245,36316,19660,0
7652,-6.999999999999957,-5.04999999999993,24099,19660,0
7653,-7.099999999999959,-2.24999999999989,23355,19660,0
7654,-6.099999999999945,8.35000000000026,31567,19660,0
7655,-5.999999999999943,-4.199999999999918,32116,19660,0
7656,-6.949999999999957,2.450000000000177,24649,19660,0
7657,-7.349999999999962,-0.29999999999986215,21394,19660,0
7658,-7.049999999999958,9.950000000000284,23999,19660,0
7659,-7.049999999999958,6.750000000000238,23935,19660,0
7660,-6.399999999999949,1.6000000000001648,29032,19660,0
7661,-7.19999999999996,-0.84999999999987,22583,19660,0
7662,-5.849999999999941,-3.099999999999902,33338,19660,0
7663,-6.249999999999947,8.100000000000257,30362,19660,0
7664,-6.699999999999953,0.4000000000001478,26608,19660,0
7665,-6.149999999999945,4.650000000000208,31093,19660,0
7666,-6.349999999999948,-2.9499999999999,29341,19660,0
7667,-7.249999999999961,-1.3999999999998778,22172,19660,0
7668,-5.5999999999999375,1.1500000000001585,35423,19660,0
7669,-6.249999999999947,-6.849999999999955,30063,19660,0
7670,-5.899999999999942,-0.7499999999998685,32985,19660,0
7671,-7.349999999999962,4.900000000000212,21498,19660,0
7672,-6.4499999999999496,4.200000000000202,28684,19660,0
7673,-5.5999999999999375,-9.449999999999992,35211,19660,0
7674,-7.349999999999962,-6.7999999999999545,21264,19660,0
7675,-5.79999999999994,-8.449999999999978,33631,19660,0
7676,-5.299999999999933,6.90000000000024,37938,19660,0
7677,-6.099999999999945,1.900000000000169,31438,19660,0
7678,-7.299999999999962,9.150000000000272,21983,19660,0
7679,-5.849999999999941,-3.749999999999911,33325,19660,0
7680,-5.299999999999933,-6.049999999999944,37679,19660,0
7681,-6.7999999999999545,-1.199999999999875,25776,19660,0
7682,-7.249999999999961,5.750000000000224,22315,19660,0
7683,-5.5999999999999375,-1.2499999999998757,35375,19660,0
7684,-5.399999999999935,-8.949999999999985,36821,19660,0
7685,-7.399999999999963,-8.299999999999976,20834,19660,0
7686,-6.299999999999947,-8.54999999999998,29629,19660,0
7687,-6.999999999999957,-1.4499999999998785,24171,19660,0
7688,-6.899999999999956,0.25000000000014566,25005,19660,0
7689,-5.649999999999938,-5.899999999999942,34882,19660,0
7690,-7.19999999999996,9.450000000000276,22789,19660,0
7691,-5.499999999999936,-8.64999999999998,36027,19660,0
7692,-6.599999999999952,-8.799999999999983,27224,19660,0
7693,-5.199999999999932,6.8500000000002395,38737,19660,0
7694,-7.049999999999958,7.60000000000025,23952,19660,0
7695,-6.849999999999955,-9.449999999999992,25211,19660,0
7696,-7.049999999999958,8.200000000000259,23964,19660,0
7697,-5.449999999999935,3.5500000000001926,36671,19660,0
7698,-6.049999999999944,-0.09999999999985931,31798,19660,0
7699,-5.79999999999994,-5.999999999999943,33680,19660,0
7700,-6.4499999999999496,8.650000000000265,28773,19660,0
7701,-5.199999999999932,-0.5999999999998664,38588,19660,0
7702,-5.74999999999994,8.700000000000266,34374,19660,0
7703,-5.699999999999939,-2.749999999999897,34545,19660,0
7704,-6.749999999999954,9.800000000000281,26396,19660,0
7705,-5.74999999999994,6.650000000000237,34333,19660,0
7706,-5.5999999999999375,-3.6499999999999098,35327,19660,0
7707,-7.449999999999964,-1.699999999999882,20566,19660,0
7708,-6.4499999999999496,-2.199999999999889,28556,19660,0
7709,-7.4999999999999645,-1.349999999999877,20173,19660,0
7710,-7.349999999999962,-5.549999999999937,21289,19660,0
7711,-7.19999999999996,7.7000000000002515,22754,19660,0
7712,-5.449999999999935,-7.049999999999958,36459,19660,0
7713,-6.349999999999948,-6.349999999999948,29273,19660,0
7714,-5.449999999999935,-6.7999999999999545,36464,19660,0
7715,-6.649999999999952,5.350000000000218,27107,19660,0
7716,-7.249999999999961,7.500000000000249,22350,19660,0
7717,-5.9499999999999424,1.9500000000001698,32639,19660,0
7718,-5.899999999999942,9.800000000000281,33196,19660,0
7719,-5.699999999999939,-2.6499999999998956,34547,19660,0
7720,-6.849999999999955,1.4210854715202004e-13,25400,19660,0
7721,-5.399999999999935,3.450000000000191,37069,19660,0
7722,-7.099999999999959,2.800000000000182,23456,19660,0
7723,-5.699999999999939,1.0000000000001563,34620,19660,0
7724,-5.999999999999943,7.200000000000244,32344,19660,0
7725,-6.599999999999952,-3.8499999999999126,27323,19660,0
7726,-7.299999999999962,2.300000000000175,21846,19660,0
7727,-5.399999999999935,6.750000000000238,37135,19660,0
7728,-5.299999999999933,-2.749999999999897,37745,19660,0
7729,-5.699999999999939,5.050000000000214,34701,19660,0
7730,-5.999999999999943,-9.499999999999993,32010,19660,0
7731,-5.04999999999993,-1.0499999999998728,39779,19660,0
7732,-6.749999999999954,-8.699999999999982,26026,19660,0
7733,-7.449999999999964,7.450000000000248,20749,19660,0
7734,-7.399999999999963,-1.2499999999998757,20975,19660,0
7735,-6.349999999999948,9.150000000000272,29583,19660,0
7736,-6.699999999999953,9.600000000000279,26792,19660,0
7737,-7.049999999999958,-8.59999999999998,23628,19660,0
7738,-6.049999999999944,-9.24999999999999,31615,19660,0
7739,-5.299999999999933,-7.8499999999999694,37643,19660,0
7740,-6.849999999999955,-9.899999999999999,25202,19660,0
7741,-5.149999999999931,-4.649999999999924,38907,19660,0
7742,-5.04999999999993,-8.949999999999985,39621,19660,0
7743,-6.599999999999952,2.7000000000001805,27454,19660,0
7744,-6.599999999999952,0.6000000000001506,27412,19660,0
7745,-6.749999999999954,-3.3499999999999055,26133,19660,0
7746,-6.099999999999945,-2.4499999999998927,31351,19660,0
7747,-6.649999999999952,7.900000000000254,27158,19660,0
7748,-7.19999999999996,-7.249999999999961,22455,19660,0
7749,-5.999999999999943,3.5500000000001926,32271,19660,0
7750,-6.549999999999951,9.500000000000277,27990,19660,0
7751,-5.149999999999931,-2.3499999999998913,38953,19660,0
7752,-6.399999999999949,-0.09999999999985931,28998,19660,0
7753,-5.2499999999999325,4.900000000000212,38298,19660,0
7754,-6.7999999999999545,5.850000000000225,25917,19660,0
7755,-6.049999999999944,8.450000000000262,31969,19660,0
7756,-6.849999999999955,1.400000000000162,25428,19660,0
7757,-5.5999999999999375,2.8500000000001826,35457,19660,0
7758,-6.249999999999947,-7.449999999999964,30051,19660,0
7759,-6.7999999999999545,-4.299999999999919,25714,19660,0
7760,-5.09999999999993,-6.749999999999954,39265,19660,0
7761,-5.499999999999936,0.25000000000014566,36205,19660,0
7762,-5.849999999999941,-0.09999999999985931,33398,19660,0
7763,-5.9499999999999424,-3.399999999999906,32532,19660,0
7764,-6.349999999999948,-7.749999999999968,29245,19660,0
7765,-6.949999999999957,5.900000000000226,24718,19660,0
7766,-6.049999999999944,5.950000000000227,31919,19660,0
7767,-5.649999999999938,-7.049999999999958,34859,19660,0
7768,-7.19999999999996,-7.549999999999965,22449,19660,0
7769,-5.399999999999935,0.4500000000001485,37009,19660,0
7770,-6.099999999999945,9.65000000000028,31593,19660,0
7771,-5.649999999999938,-7.949999999999971,34841,19660,0
7772,-6.599999999999952,-1.2499999999998757,27375,19660,0
7773,-7.249999999999961,2.400000000000176,22248,19660,0
7774,-7.099999999999959,-10.0,23200,19660,0
7775,-5.199999999999932,-4.799999999999926,38504,19660,0
7776,-6.899999999999956,-3.6499999999999098,24927,19660,0
7777,-6.899999999999956,8.100000000000257,25162,19660,0
7778,-6.999999999999957,-2.8499999999998984,24143,19660,0
7779,-6.349999999999948,7.850000000000254,29557,19660,0
7780,-6.349999999999948,4.400000000000205,29488,19660,0
7781,-7.099999999999959,3.450000000000191,23469,19660,0
7782,-7.099999999999959,-2.9999999999999005,23340,19660,0
7783,-6.4499999999999496,-9.049999999999986,28419,19660,0
7784,-5.999999999999943,-5.199999999999932,32096,19660,0
7785,-6.699999999999953,3.850000000000197,26677,19660,0
7786,-5.449999999999935,-8.349999999999977,36433,19660,0
7787,-6.249999999999947,9.250000000000274,30385,19660,0
7788,-7.399999999999963,3.0000000000001847,21060,19660,0
7789,-6.49999999999995,0.7000000000001521,28214,19660,0
7790,-5.9499999999999424,-0.6499999999998671,32587,19660,0
7791,-6.599999999999952,-4.949999999999928,27301,19660,0
7792,-6.599999999999952,6.600000000000236,27532,19660,0
7793,-5.999999999999943,-6.649999999999952,32067,19660,0
7794,-7.449999999999964,-3.949999999999914,20521,19660,0
7795,-6.249999999999947,-7.599999999999966,30048,19660,0
7796,-6.749999999999954,6.550000000000235,26331,19660,0
7797,-7.399999999999963,6.050000000000228,21121,19660,0
7798,-5.79999999999994,-2.399999999999892,33752,19660,0
7799,-6.849999999999955,1.4500000000001627,25429,19660,0
7800,-6.4499999999999496,2.9000000000001833,28658,19660,0
7801,-5.5999999999999375,-3.3499999999999055,35333,19660,0
7802,-6.249999999999947,-9.549999999999994,30009,19660,0
7803,-5.999999999999943,-0.5499999999998657,32189,19660,0
7804,-5.299999999999933,-7.349999999999962,37653,19660,0
7805,-5.849999999999941,1.6000000000001648,33432,19660,0
7806,-7.399999999999963,-1.9499999999998856,20961,19660,0
7807,-6.649999999999952,5.900000000000226,27118,19660,0
7808,-6.4499999999999496,-5.449999999999935,28491,19660,0
7809,-5.5999999999999375,0.6000000000001506,35412,19660,0
7810,-7.399999999999963,6.250000000000231,21125,19660,0
7811,-5.899999999999942,-6.149999999999945,32877,19660,0
7812,-6.399999999999949,-5.899999999999942,28882,19660,0
7813,-6.749999999999954,3.9000000000001975,26278,19660,0
7814,-5.449999999999935,-2.9999999999999005,36540,19660,0
7815,-6.149999999999945,9.65000000000028,31193,19660,0
7816,-7.19999999999996,-1.9499999999998856,22561,19660,0
7817,-6.849999999999955,6.5000000000002345,25530,19660,0
7818,-5.9499999999999424,3.9000000000001975,32678,19660,0
7819,-5.5999999999999375,8.900000000000269,35578,19660,0
7820,-5.74999999999994,-3.749999999999911,34125,19660,0
7821,-6.349999999999948,-1.349999999999877,29373,19660,0
7822,-6.599999999999952,-1.7499999999998828,27365,19660,0
7823,-6.399999999999949,5.700000000000223,29114,19660,0
7824,-7.299999999999962,3.500000000000192,21870,19660,0
7825,-6.899999999999956,9.75000000000028,25195,19660,0
7826,-6.749999999999954,7.300000000000246,26346,19660,0
7827,-6.4499999999999496,-7.049999999999958,28459,19660,0
7828,-7.249999999999961,0.10000000000014353,22202,19660,0
7829,-5.79999999999994,-9.29999999999999,33614,19660,0
7830,-5.299999999999933,-0.7499999999998685,37785,19660,0
7831,-6.349999999999948,-6.099999999999945,29278,19660,0
7832,-5.299999999999933,8.050000000000257,37961,19660,0
7833,-6.649999999999952,-0.0499999999998586,26999,19660,0
7834,-5.699999999999939,-5.79999999999994,34484,19660,0
7835,-5.04999999999993,7.250000000000245,39945,19660,0
7836,-6.399999999999949,-9.499999999999993,28810,19660,0
7837,-6.7999999999999545,2.300000000000175,25846,19660,0
7838,-6.749999999999954,-0.499999999999865,26190,19660,0
7839,-6.349999999999948,-0.6499999999998671,29387,19660,0
7840,-7.4999999999999645,-3.9999999999999147,20120,19660,0
7841,-6.49999999999995,7.450000000000248,28349,19660,0
7842,-5.199999999999932,0.4500000000001485,38609,19660,0
7843,-5.999999999999943,-5.549999999999937,32089,19660,0
7844,-6.949999999999957,-9.699999999999996,24406,19660,0
7845,-5.299999999999933,6.250000000000231,37925,19660,0
7846,-5.649999999999938,4.1000000000002,35082,19660,0
7847,-7.1499999999999595,3.800000000000196,23076,19660,0
7848,-6.899999999999956,3.450000000000191,25069,19660,0
7849,-6.049999999999944,-8.249999999999975,31635,19660,0
7850,-5.79999999999994,2.3500000000001755,33847,19660,0
7851,-6.649999999999952,-8.299999999999976,26834,19660,0
7852,-6.149999999999945,-3.4999999999999076,30930,19660,0
7853,-6.399999999999949,2.450000000000177,29049,19660,0
7854,-7.399999999999963,-9.34999999999999,20813,19660,0
7855,-5.5999999999999375,3.9000000000001975,35478,19660,0
7856,-5.849999999999941,-4.34999999999992,33313,19660,0
7857,-7.099999999999959,-1.3999999999998778,23372,19660,0
7858,-6.649999999999952,-2.9499999999999,26941,19660,0
7859,-7.049999999999958,-1.0499999999998728,23779,19660,0
7860,-6.949999999999957,0.4000000000001478,24608,19660,0
7861,-6.049999999999944,4.200000000000202,31884,19660,0
7862,-6.199999999999946,2.1500000000001727,30643,19660,0
7863,-6.899999999999956,7.950000000000255,25159,19660,0
7864,-5.449999999999935,4.9500000000002125,36699,19660,0
7865,-5.79999999999994,-7.099999999999959,33658,19660,0
7866,-6.549999999999951,6.950000000000241,27939,19660,0
7867,-5.899999999999942,2.0500000000001712,33041,19660,0
7868,-7.349999999999962,-5.5999999999999375,21288,19660,0
7869,-7.349999999999962,7.650000000000251,21553,19660,0
7870,-6.149999999999945,-5.499999999999936,30890,19660,0
7871,-6.7999999999999545,-0.6999999999998678,25786,19660,0
7872,-6.249999999999947,-8.699999999999982,30026,19660,0
7873,-5.649999999999938,3.0500000000001855,35061,19660,0
7874,-6.149999999999945,5.650000000000222,31113,19660,0
7875,-6.099999999999945,5.950000000000227,31519,19660,0
7876,-6.599999999999952,1.3000000000001606,27426,19660,0
7877,-7.399999999999963,5.600000000000222,21112,19660,0
7878,-5.79999999999994,-6.849999999999955,33663,19660,0
7879,-6.749999999999954,3.7000000000001947,26274,19660,0
7880,-6.7999999999999545,-1.9499999999998856,25761,19660,0
7881,-7.349999999999962,0.9000000000001549,21418,19660,0
7882,-5.299999999999933,-7.549999999999965,37649,19660,0
7883,-5.349999999999934,3.3500000000001897,37467,19660,0
7884,-5.549999999999937,4.200000000000202,35884,19660,0
7885,-6.7999999999999545,-3.799999999999912,25724,19660,0
7886,-5.649999999999938,-5.09999999999993,34898,19660,0
7887,-5.549999999999937,9.800000000000281,35996,19660,0
7888,-5.299999999999933,1.3500000000001613,37827,19660,0
7889,-7.349999999999962,6.300000000000232,21526,19660,0
7890,-5.04999999999993,-2.24999999999989,39755,19660,0
7891,-6.199999999999946,3.6000000000001933,30672,19660,0
7892,-6.749999999999954,-9.399999999999991,26012,19660,0
7893,-7.249999999999961,7.250000000000245,22345,19660,0
7894,-5.9499999999999424,-8.999999999999986,32420,19660,0
7895,-6.699999999999953,4.9500000000002125,26699,19660,0
7896,-5.74999999999994,6.90000000000024,34338,19660,0
7897,-6.749999999999954,-6.899999999999956,26062,19660,0
7898,-5.649999999999938,5.550000000000221,35111,19660,0
7899,-7.449999999999964,-1.699999999999882,20566,19660,0
7900,-5.699999999999939,4.850000000000211,34697,19660,0
7901,-5.649999999999938,-4.799999999999926,34904,19660,0
7902,-7.1499999999999595,8.100000000000257,23162,19660,0
7903,-6.199999999999946,-5.649999999999938,30487,19660,0
7904,-6.349999999999948,8.700000000000266,29574,19660,0
7905,-6.899999999999956,5.100000000000215,25102,19660,0
7906,-5.649999999999938,-6.349999999999948,34873,19660,0
7907,-6.649999999999952,-6.399999999999949,26872,19660,0
7908,-7.049999999999958,-4.39999999999992,23712,19660,0
7909,-5.999999999999943,-2.049999999999887,32159,19660,0
7910,-6.899999999999956,-5.9499999999999424,24881,19660,0
7911,-5.349999999999934,7.950000000000255,37559,19660,0
7912,-5.2499999999999325,2.6500000000001798,38253,19660,0
7913,-6.7999999999999545,-6.7999999999999545,25664,19660,0
7914,-6.549999999999951,-4.299999999999919,27714,19660,0
7915,-6.299999999999947,5.250000000000217,29905,19660,0
7916,-5.149999999999931,3.500000000000192,39070,19660,0
7917,-5.649999999999938,-5.549999999999937,34889,19660,0
7918,-5.849999999999941,-4.849999999999927,33303,19660,0
7919,-7.249999999999961,-9.149999999999988,22017,19660,0
7920,-7.449999999999964,-9.95,20401,19660,0
7921,-6.649999999999952,7.300000000000246,27146,19660,0
7922,-5.849999999999941,4.500000000000206,33490,19660,0
7923,-5.649999999999938,5.750000000000224,35115,19660,0
7924,-5.499999999999936,-0.499999999999865,36190,19660,0
7925,-6.7999999999999545,-6.399999999999949,25672,19660,0
7926,-5.549999999999937,-6.549999999999951,35669,19660,0
7927,-5.499999999999936,0.3500000000001471,36207,19660,0
7928,-5.2499999999999325,-8.249999999999975,38035,19660,0
7929,-7.449999999999964,-2.549999999999894,20549,19660,0
7930,-7.099999999999959,-0.6499999999998671,23387,19660,0
7931,-6.599999999999952,-3.6999999999999105,27326,19660,0
7932,-7.299999999999962,-3.5499999999999083,21729,19660,0
7933,-5.09999999999993,-9.749999999999996,39205,19660,0
7934,-5.199999999999932,4.550000000000207,38691,19660,0
7935,-5.699999999999939,-2.399999999999892,34552,19660,0
7936,-6.899999999999956,-6.849999999999955,24863,19660,0
7937,-6.49999999999995,-5.349999999999934,28093,19660,0
7938,-5.549999999999937,7.200000000000244,35944,19660,0
7939,-7.4999999999999645,1.750000000000167,20235,19660,0
7940,-6.899999999999956,-0.4499999999998643,24991,19660,0
7941,-6.099999999999945,-8.54999999999998,31229,19660,0
7942,-5.349999999999934,-6.999999999999957,37260,19660,0
7943,-7.349999999999962,-7.249999999999961,21255,19660,0
7944,-6.299999999999947,-6.049999999999944,29679,19660,0
7945,-5.74999999999994,5.850000000000225,34317,19660,0
7946,-5.649999999999938,1.5500000000001641,35031,19660,0
7947,-5.349999999999934,-3.099999999999902,37338,19660,0
7948,-5.04999999999993,-9.499999999999993,39610,19660,0
7949,-5.5999999999999375,9.350000000000275,35587,19660,0
7950,-5.649999999999938,-3.9999999999999147,34920,19660,0
7951,-6.099999999999945,-1.4999999999998792,31370,19660,0
7952,-6.149999999999945,-1.2499999999998757,30975,19660,0
7953,-6.649999999999952,-7.4999999999999645,26850,19660,0
7954,-6.4499999999999496,0.7500000000001528,28615,19660,0
7955,-7.449999999999964,8.150000000000258,20763,19660,0
7956,-6.299999999999947,-5.149999999999931,29697,19660,0
7957,-6.49999999999995,-1.3999999999998778,28172,19660,0
7958,-5.79999999999994,-1.4999999999998792,33770,19660,0
7959,-6.999999999999957,3.4000000000001904,24268,19660,0
7960,-5.999999999999943,-8.199999999999974,32036,19660,0
7961,-5.9499999999999424,-4.34999999999992,32513,19660,0
7962,-6.749999999999954,-4.849999999999927,26103,19660,0
7963,-5.09999999999993,-9.399999999999991,39212,19660,0
7964,-6.299999999999947,-4.999999999999929,29700,19660,0
7965,-6.999999999999957,-2.2999999999998906,24154,19660,0
7966,-6.7999999999999545,-3.949999999999914,25721,19660,0
7967,-6.999999999999957,-2.199999999999889,24156,19660,0
7968,-6.699999999999953,3.4000000000001904,26668,19660,0
7969,-5.549999999999937,-5.499999999999936,35690,19660,0
7970,-5.149999999999931,-9.049999999999986,38819,19660,0
7971,-5.149999999999931,-9.399999999999991,38812,19660,0
7972,-7.299999999999962,3.500000000000192,21870,19660,0
7973,-5.999999999999943,-3.249999999999904,32135,19660,0
7974,-6.349999999999948,2.3500000000001755,29447,19660,0
7975,-6.949999999999957,-3.599999999999909,24528,19660,0
7976,-5.899999999999942,-7.999999999999972,32840,19660,0
7977,-7.249999999999961,-9.149999999999988,22017,19660,0
7978,-7.1499999999999595,-4.999999999999929,22900,19660,0
7979,-5.04999999999993,-3.599999999999909,39728,19660,0
7980,-6.999999999999957,-3.949999999999914,24121,19660,0
7981,-6.649999999999952,-1.9999999999998863,26960,19660,0
7982,-6.849999999999955,-0.3999999999998636,25392,19660,0
7983,-6.049999999999944,-8.199999999999974,31636,19660,0
7984,-5.349999999999934,5.8000000000002245,37516,19660,0
7985,-5.199999999999932,-4.999999999999929,38500,19660,0
7986,-6.099999999999945,3.450000000000191,31469,19660,0
7987,-7.099999999999959,9.00000000000027,23580,19660,0
7988,-6.049999999999944,-8.299999999999976,31634,19660,0
7989,-5.899999999999942,8.95000000000027,33179,19660,0
7990,-7.1499999999999595,-6.999999999999957,22860,19660,0
7991,-5.399999999999935,-7.949999999999971,36841,19660,0
7992,-6.399999999999949,7.000000000000242,29140,19660,0
7993,-6.899999999999956,0.8000000000001535,25016,19660,0
7994,-7.399999999999963,-8.54999999999998,20829,19660,0
7995,-7.299999999999962,3.9000000000001975,21878,19660,0
7996,-7.299999999999962,-9.449999999999992,21611,19660,0
7997,-5.699999999999939,-0.19999999999986073,34596,19660,0
7998,-7.099999999999959,4.650000000000208,23493,19660,0
7999,-5.74999999999994,-8.299999999999976,34034,19660,0
8000,-7.399999999999963,-7.599999999999966,20848,19660,0
8001,-6.149999999999945,-5.2499999999999325,30895,19660,0
8002,-5.79999999999994,-7.549999999999965,33649,19660,0
8003,-5.899999999999942,-7.249999999999961,32855,19660,0
8004,-7.249999999999961,-6.999999999999957,22060,19660,0
8005,-7.349999999999962,0.5500000000001499,21411,19660,0
8006,-5.299999999999933,1.050000000000157,37821,19660,0
8007,-6.7999999999999545,5.100000000000215,25902,19660,0
8008,-5.199999999999932,-9.549999999999994,38409,19660,0
8009,-5.79999999999994,-7.799999999999969,33644,19660,0
8010,-6.949999999999957,6.1500000000002295,24723,19660,0
8011,-6.099999999999945,2.300000000000175,31446,19660,0
8012,-6.649999999999952,-3.449999999999907,26931,19660,0
8013,-7.049999999999958,-0.7999999999998693,23784,19660,0
8014,-6.4499999999999496,4.6000000000002075,28692,19660,0
8015,-5.999999999999943,-6.949999999999957,32061,19660,0
8016,-5.999999999999943,-3.749999999999911,32125,19660,0
8017,-6.7999999999999545,7.200000000000244,25944,19660,0
8018,-5.74999999999994,8.000000000000256,34360,19660,0
8019,-5.09999999999993,-4.5499999999999226,39309,19660,0
8020,-5.649999999999938,-0.0499999999998586,34999,19660,0
8021,-6.349999999999948,-3.4999999999999076,29330,19660,0
8022,-6.349999999999948,-0.8999999999998707,29382,19660,0
8023,-5.2499999999999325,-8.399999999999977,38032,19660,0
8024,-6.199999999999946,-8.799999999999983,30424,19660,0
8025,-6.849999999999955,3.9500000000001982,25479,19660,0
8026,-6.49999999999995,8.500000000000263,28370,19660,0
8027,-7.249999999999961,-3.1999999999999034,22136,19660,0
8028,-6.149999999999945,3.5500000000001926,31071,19660,0
8029,-5.899999999999942,0.30000000000014637,33006,19660,0
8030,-5.74999999999994,6.600000000000236,34332,19660,0
8031,-5.199999999999932,4.850000000000211,38697,19660,0
8032,-6.549999999999951,9.850000000000282,27997,19660,0
8033,-6.399999999999949,-6.199999999999946,28876,19660,0
8034,-7.4999999999999645,3.6000000000001933,20272,19660,0
8035,-5.199999999999932,-3.1999999999999034,38536,19660,0
8036,-5.999999999999943,4.550000000000207,32291,19660,0
8037,-6.399999999999949,1.2500000000001599,29025,19660,0
8038,-5.649999999999938,-8.199999999999974,34836,19660,0
8039,-5.449999999999935,-4.5499999999999226,36509,19660,0
8040,-7.349999999999962,-6.049999999999944,21279,19660,0
8041,-6.549999999999951,6.90000000000024,27938,19660,0
8042,-6.199999999999946,8.000000000000256,30760,19660,0
8043,-7.299999999999962,3.3500000000001897,21867,19660,0
8044,-5.699999999999939,-3.5499999999999083,34529,19660,0
8045,-5.899999999999942,-1.3999999999998778,32972,19660,0
8046,-5.79999999999994,9.850000000000282,33997,19660,0
8047,-6.999999999999957,-4.199999999999918,24116,19660,0
8048,-5.5999999999999375,7.850000000000254,35557,19660,0
8049,-5.449999999999935,9.800000000000281,36796,19660,0
8050,-5.5999999999999375,4.450000000000205,35489,19660,0
8051,-6.149999999999945,-3.6999999999999105,30926,19660,0
8052,-6.699999999999953,-9.499999999999993,26410,19660,0
8053,-6.599999999999952,9.150000000000272,27583,19660,0
8054,-7.049999999999958,7.450000000000248,23949,19660,0
8055,-6.049999999999944,8.850000000000268,31977,19660,0
8056,-5.649999999999938,4.75000000000021,35095,19660,0
8057,-5.09999999999993,7.900000000000254,39558,19660,0
8058,-5.549999999999937,6.550000000000235,35931,19660,0
8059,-5.499999999999936,-2.4999999999998934,36150,19660,0
8060,-5.899999999999942,-0.8999999999998707,32982,19660,0
8061,-5.04999999999993,3.6000000000001933,39872,19660,0
8062,-6.599999999999952,2.9000000000001833,27458,19660,0
8063,-5.5999999999999375,-6.099999999999945,35278,19660,0
8064,-6.299999999999947,8.750000000000266,29975,19660,0
8065,-6.399999999999949,7.950000000000255,29159,19660,0
8066,-6.999999999999957,-2.399999999999892,24152,19660,0
8067,-7.399999999999963,0.30000000000014637,21006,19660,0
8068,-6.749999999999954,4.6000000000002075,26292,19660,0
8069,-5.5999999999999375,-1.8499999999998842,35363,19660,0
8070,-5.849999999999941,4.450000000000205,33489,19660,0
8071,-5.9499999999999424,-6.899999999999956,32462,19660,0
8072,-6.649999999999952,8.800000000000267,27176,19660,0
8073,-6.7999999999999545,7.950000000000255,25959,19660,0
8074,-6.249999999999947,-2.0999999999998877,30158,19660,0
8075,-6.699999999999953,1.3000000000001606,26626,19660,0
8076,-6.4499999999999496,1.0000000000001563,28620,19660,0
8077,-6.599999999999952,-1.2499999999998757,27375,19660,0
8078,-5.04999999999993,-2.1499999999998884,39757,19660,0
8079,-5.299999999999933,6.90000000000024,37938,19660,0
8080,-7.099999999999959,-8.199999999999974,23236,19660,0
8081,-5.899999999999942,-4.8999999999999275,32902,19660,0
8082,-5.349999999999934,-2.749999999999897,37345,19660,0
8083,-6.599999999999952,2.450000000000177,27449,19660,0
8084,-6.699999999999953,4.000000000000199,26680,19660,0
8085,-6.899999999999956,1.900000000000169,25038,19660,0
8086,-7.349999999999962,-0.34999999999986287,21393,19660,0
8087,-5.74999999999994,9.65000000000028,34393,19660,0
8088,-5.449999999999935,-7.999999999999972,36440,19660,0
8089,-6.049999999999944,-3.449999999999907,31731,19660,0
8090,-6.999999999999957,-3.1999999999999034,24136,19660,0
8091,-7.349999999999962,7.850000000000254,21557,19660,0
8092,-7.4999999999999645,-7.349999999999962,20053,19660,0
8093,-6.49999999999995,3.650000000000194,28273,19660,0
8094,-5.899999999999942,9.500000000000277,33190,19660,0
8095,-6.7999999999999545,6.800000000000239,25936,19660,0
8096,-7.449999999999964,9.900000000000283,20798,19660,0
8097,-6.299999999999947,6.000000000000227,29920,19660,0
8098,-6.949999999999957,7.050000000000242,24741,19660,0
8099,-5.399999999999935,-1.5999999999998806,36968,19660,0
8100,-6.099999999999945,-0.6499999999998671,31387,19660,0
8101,-6.649999999999952,3.650000000000194,27073,19660,0
8102,-6.249999999999947,-4.8999999999999275,30102,19660,0
8103,-5.04999999999993,-9.099999999999987,39618,19660,0
8104,-6.299999999999947,4.500000000000206,29890,19660,0
8105,-7.4999999999999645,0.05000000000014282,20201,19660,0
8106,-6.949999999999957,-9.499999999999993,24410,19660,0
8107,-5.299999999999933,4.1000000000002,37882,19660,0
8108,-6.399999999999949,7.300000000000246,29146,19660,0
8109,-6.649999999999952,-5.399999999999935,26892,19660,0
8110,-6.349999999999948,1.1000000000001577,29422,19660,0
8111,-5.9499999999999424,-4.099999999999916,32518,19660,0
8112,-6.249999999999947,-9.599999999999994,30008,19660,0
8113,-7.449999999999964,1.0000000000001563,20620,19660,0
8114,-6.199999999999946,0.15000000000014424,30603,19660,0
8115,-6.249999999999947,-2.4499999999998927,30151,19660,0
8116,-5.499999999999936,-5.74999999999994,36085,19660,0
8117,-6.349999999999948,-9.749999999999996,29205,19660,0
8118,-5.999999999999943,-4.249999999999918,32115,19660,0
8119,-5.999999999999943,0.7500000000001528,32215,19660,0
8120,-6.7999999999999545,-8.399999999999977,25632,19660,0
8121,-6.249999999999947,8.800000000000267,30376,19660,0
8122,-5.649999999999938,-7.349999999999962,34853,19660,0
8123,-6.249999999999947,-6.899999999999956,30062,19660,0
8124,-7.449999999999964,8.30000000000026,20766,19660,0
8125,-5.09999999999993,0.9500000000001556,39419,19660,0
8126,-6.399999999999949,-3.5499999999999083,28929,19660,0
8127,-6.649999999999952,8.850000000000268,27177,19660,0
8128,-5.2499999999999325,2.600000000000179,38252,19660,0
8129,-7.349999999999962,8.550000000000264,21571,19660,0
8130,-5.149999999999931,-5.699999999999939,38886,19660,0
8131,-5.04999999999993,-0.3999999999998636,39792,19660,0
8132,-7.1499999999999595,8.25000000000026,23165,19660,0
8133,-7.399999999999963,-4.699999999999925,20906,19660,0
8134,-7.349999999999962,9.00000000000027,21580,19660,0
8135,-5.149999999999931,-7.299999999999962,38854,19660,0
8136,-6.4499999999999496,-0.5499999999998657,28589,19660,0
8137,-5.299999999999933,5.700000000000223,37914,19660,0
8138,-6.899999999999956,2.600000000000179,25052,19660,0
8139,-5.299999999999933,-3.599999999999909,37728,19660,0
8140,-6.299999999999947,-5.79999999999994,29684,19660,0
8141,-7.1499999999999595,7.100000000000243,23142,19660,0
8142,-5.449999999999935,2.600000000000179,36652,19660,0
8143,-6.549999999999951,4.150000000000201,27883,19660,0
8144,-7.349999999999962,8.050000000000257,21561,19660,0
8145,-6.149999999999945,-5.2499999999999325,30895,19660,0
8146,-5.299999999999933,-5.09999999999993,37698,19660,0
8147,-6.49999999999995,8.750000000000266,28375,19660,0
8148,-5.199999999999932,-7.449999999999964,38451,19660,0
8149,-6.699999999999953,-4.34999999999992,26513,19660,0
8150,-5.899999999999942,8.95000000000027,33179,19660,0
8151,-5.999999999999943,-6.399999999999949,32072,19660,0
8152,-6.249999999999947,2.8500000000001826,30257,19660,0
8153,-6.399999999999949,-8.499999999999979,28830,19660,0
8154,-6.949999999999957,6.950000000000241,24739,19660,0
8155,-5.699999999999939,7.000000000000242,34740,19660,0
8156,-5.899999999999942,9.75000000000028,33195,19660,0
8157,-6.199999999999946,0.4000000000001478,30608,19660,0
8158,-5.9499999999999424,5.900000000000226,32718,19660,0
8159,-5.299999999999933,-1.4499999999998785,37771,19660,0
8160,-7.049999999999958,2.5500000000001783,23851,19660,0
8161,-6.049999999999944,-6.599999999999952,31668,19660,0
8162,-6.049999999999944,-6.4499999999999496,31671,19660,0
8163,-7.4999999999999645,9.550000000000278,20391,19660,0
8164,-6.49999999999995,-7.799999999999969,28044,19660,0
8165,-5.649999999999938,2.100000000000172,35042,19660,0
8166,-6.7999999999999545,6.5000000000002345,25930,19660,0
8167,-7.249999999999961,-0.6999999999998678,22186,19660,0
8168,-6.299999999999947,4.000000000000199,29880,19660,0
8169,-7.19999999999996,0.5000000000001492,22610,19660,0
8170,-6.7999999999999545,8.900000000000269,25978,19660,0
8171,-7.299999999999962,3.2500000000001883,21865,19660,0
8172,-7.399999999999963,-6.199999999999946,20876,19660,0
8173,-5.74999999999994,-6.099999999999945,34078,19660,0
8174,-6.099999999999945,8.400000000000261,31568,19660,0
8175,-6.849999999999955,-5.299999999999933,25294,19660,0
8176,-6.599999999999952,-6.549999999999951,27269,19660,0
8177,-6.49999999999995,-3.0499999999999012,28139,19660,0
8178,-5.849999999999941,-0.4499999999998643,33391,19660,0
8179,-5.349999999999934,0.05000000000014282,37401,19660,0
8180,-5.149999999999931,-1.8499999999998842,38963,19660,0
8181,-6.49999999999995,8.550000000000264,28371,19660,0
8182,-5.549999999999937,-9.399999999999991,35612,19660,0
8183,-5.9499999999999424,-8.54999999999998,32429,19660,0
8184,-5.849999999999941,-7.549999999999965,33249,19660,0
8185,-5.149999999999931,-0.29999999999986215,38994,19660,0
8186,-7.299999999999962,4.550000000000207,21891,19660,0
8187,-7.4999999999999645,-3.8999999999999133,20122,19660,0
8188,-7.19999999999996,-8.64999999999998,22427,19660,0
8189,-5.999999999999943,3.4000000000001904,32268,19660,0
8190,-5.999999999999943,-6.49999999999995,32070,19660,0
8191,-7.049999999999958,-2.8499999999998984,23743,19660,0
8192,-5.74999999999994,-4.599999999999923,34108,19660,0
8193,-7.349999999999962,5.100000000000215,21502,19660,0
8194,-5.849999999999941,1.0000000000001563,33420,19660,0
8195,-5.549999999999937,5.250000000000217,35905,19660,0
8196,-5.04999999999993,-7.4999999999999645,39650,19660,0
8197,-5.449999999999935,-10.0,36400,19660,0
8198,-6.349999999999948,9.150000000000272,29583,19660,0
8199,-5.649999999999938,-3.099999999999902,34938,19660,0
8200,-7.099999999999959,-8.049999999999972,23239,19660,0
8201,-6.699999999999953,7.850000000000254,26757,19660,0
8202,-6.949999999999957,-9.29999999999999,24414,19660,0
8203,-6.399999999999949,-8.59999999999998,28828,19660,0
8204,-6.599999999999952,-1.7499999999998828,27365,19660,0
8205,-7.19999999999996,0.7000000000001521,22614,19660,0
8206,-5.149999999999931,-5.499999999999936,38890,19660,0
8207,-6.49999999999995,-2.9499999999999,28141,19660,0
8208,-6.649999999999952,0.4000000000001478,27008,19660,0
8209,-6.7999999999999545,-5.2499999999999325,25695,19660,0
8210,-6.999999999999957,-1.7499999999998828,24165,19660,0
8211,-5.649999999999938,4.450000000000205,35089,19660,0
8212,-7.4999999999999645,-3.5499999999999083,20129,19660,0
8213,-5.74999999999994,-6.049999999999944,34079,19660,0
8214,-5.2499999999999325,-0.3999999999998636,38192,19660,0
8215,-6.4499999999999496,6.950000000000241,28739,19660,0
8216,-5.09999999999993,-0.14999999999986002,39397,19660,0
8217,-7.449999999999964,7.200000000000244,20744,19660,0
8218,-6.099999999999945,6.350000000000232,31527,19660,0
8219,-5.649999999999938,3.9500000000001982,35079,19660,0
8220,-5.09999999999993,-3.1499999999999027,39337,19660,0
8221,-5.79999999999994,1.900000000000169,33838,19660,0
8222,-5.349999999999934,4.400000000000205,37488,19660,0
8223,-7.19999999999996,-5.5999999999999375,22488,19660,0
8224,-6.699999999999953,3.2500000000001883,26665,19660,0
8225,-5.399999999999935,5.650000000000222,37113,19660,0
8226,-6.199999999999946,4.6000000000002075,30692,19660,0
8227,-6.49999999999995,8.050000000000257,28361,19660,0
8228,-6.999999999999957,-0.19999999999986073,24196,19660,0
8229,-5.299999999999933,5.250000000000217,37905,19660,0
8230,-5.999999999999943,1.050000000000157,32221,19660,0
8231,-6.349999999999948,-4.39999999999992,29312,19660,0
8232,-5.349999999999934,3.7000000000001947,37474,19660,0
8233,-5.9499999999999424,6.300000000000232,32726,19660,0
8234,-7.399999999999963,-7.4999999999999645,20850,19660,0
8235,-6.249999999999947,-7.399999999999963,30052,19660,0
8236,-5.899999999999942,-0.29999999999986215,32994,19660,0
8237,-6.399999999999949,0.6500000000001513,29013,19660,0
8238,-6.399999999999949,-3.6999999999999105,28926,19660,0
8239,-6.299999999999947,-8.349999999999977,29633,19660,0
8240,-6.399999999999949,-2.9999999999999005,28940,19660,0
8241,-5.74999999999994,3.150000000000187,34263,19660,0
8242,-5.5999999999999375,-3.449999999999907,35331,19660,0
8243,-6.349999999999948,3.9000000000001975,29478,19660,0
8244,-7.4999999999999645,-6.099999999999945,20078,19660,0
8245,-5.549999999999937,-3.249999999999904,35735,19660,0
8246,-5.299999999999933,-9.199999999999989,37616,19660,0
8247,-6.649999999999952,1.7000000000001663,27034,19660,0
8248,-7.19999999999996,2.7000000000001805,22654,19660,0
8249,-5.5999999999999375,-8.349999999999977,35233,19660,0
8250,-5.04999999999993,2.9000000000001833,39858,19660,0
8251,-7.449999999999964,8.500000000000263,20770,19660,0
8252,-5.199999999999932,7.150000000000244,38743,19660,0
8253,-6.949999999999957,8.500000000000263,24770,19660,0
8254,-6.999999999999957,9.550000000000278,24391,19660,0
8255,-5.79999999999994,-1.54999999999988,33769,19660,0
8256,-7.4999999999999645,-6.49999999999995,20070,19660,0
8257,-7.399999999999963,-4.449999999999921,20911,19660,0
8258,-5.199999999999932,1.0000000000001563,38620,19660,0
8259,-6.7999999999999545,-2.9499999999999,25741,19660,0
8260,-6.049999999999944,6.300000000000232,31926,19660,0
8261,-6.4499999999999496,-8.64999999999998,28427,19660,0
8262,-5.899999999999942,-7.19999999999996,32856,19660,0
8263,-5.79999999999994,8.700000000000266,33974,19660,0
8264,-5.04999999999993,-5.899999999999942,39682,19660,0
8265,-6.049999999999944,7.650000000000251,31953,19660,0
8266,-7.19999999999996,6.100000000000229,22722,19660,0
8267,-6.299999999999947,-9.599999999999994,29608,19660,0
8268,-5.149999999999931,7.100000000000243,39142,19660,0
8269,-6.099999999999945,5.050000000000214,31501,19660,0
8270,-7.349999999999962,1.6000000000001648,21432,19660,0
8271,-6.949999999999957,-6.399999999999949,24472,19660,0
8272,-6.599999999999952,-8.249999999999975,27235,19660,0
8273,-6.399999999999949,2.3500000000001755,29047,19660,0
8274,-7.249999999999961,-10.0,22000,19660,0
8275,-6.649999999999952,9.350000000000275,27187,19660,0
8276,-6.999999999999957,-8.449999999999978,24031,19660,0
8277,-6.49999999999995,9.900000000000283,28398,19660,0
8278,-6.549999999999951,-8.64999999999998,27627,19660,0
8279,-6.549999999999951,8.30000000000026,27966,19660,0
8280,-6.299999999999947,-2.4499999999998927,29751,19660,0
8281,-6.999999999999957,-5.04999999999993,24099,19660,0
8282,-5.04999999999993,1.750000000000167,39835,19660,0
8283,-5.349999999999934,-3.799999999999912,37324,19660,0
8284,-5.199999999999932,3.9500000000001982,38679,19660,0
8285,-6.4499999999999496,0.5000000000001492,28610,19660,0
8286,-6.7999999999999545,4.75000000000021,25895,19660,0
8287,-7.19999999999996,-2.9499999999999,22541,19660,0
8288,-5.449999999999935,2.300000000000175,36646,19660,0
8289,-6.849999999999955,-2.4499999999998927,25351,19660,0
8290,-5.549999999999937,3.5500000000001926,35871,19660,0
8291,-6.899999999999956,-6.849999999999955,24863,19660,0
8292,-7.299999999999962,3.300000000000189,21866,19660,0
8293,-6.849999999999955,5.900000000000226,25518,19660,0
8294,-5.04999999999993,-8.799999999999983,39624,19660,0
8295,-6.399999999999949,7.450000000000248,29149,19660,0
8296,-6.899999999999956,-3.5499999999999083,24929,19660,0
8297,-6.399999999999949,0.4000000000001478,29008,19660,0
8298,-5.09999999999993,-5.04999999999993,39299,19660,0
8299,-6.4499999999999496,2.0500000000001712,28641,19660,0
8300,-7.349999999999962,8.25000000000026,21565,19660,0
8301,-5.9499999999999424,3.850000000000197,32677,19660,0
8302,-7.1499999999999595,-2.9999999999999005,22940,19660,0
8303,-6.549999999999951,-9.649999999999995,27607,19660,0
8304,-6.949999999999957,-8.149999999999974,24437,19660,0
8305,-6.49999999999995,-7.999999999999972,28040,19660,0
8306,-6.349999999999948,2.5000000000001776,29450,19660,0
8307,-5.2499999999999325,-1.2499999999998757,38175,19660,0
8308,-6.249999999999947,2.600000000000179,30252,19660,0
8309,-5.9499999999999424,2.5000000000001776,32650,19660,0
8310,-5.74999999999994,-1.4499999999998785,34171,19660,0
8311,-6.199999999999946,-7.649999999999967,30447,19660,0
8312,-5.549999999999937,1.3500000000001613,35827,19660,0
8313,-6.599999999999952,-6.199999999999946,27276,19660,0
8314,-5.349999999999934,-3.3499999999999055,37333,19660,0
8315,-6.49999999999995,-8.349999999999977,28033,19660,0
8316,-6.299999999999947,7.100000000000243,29942,19660,0
8317,-6.849999999999955,3.650000000000194,25473,19660,0
8318,-5.149999999999931,-2.6499999999998956,38947,19660,0
8319,-6.599999999999952,-8.249999999999975,27235,19660,0
8320,-6.249999999999947,7.350000000000247,30347,19660,0
8321,-5.2499999999999325,4.1000000000002,38282,19660,0
8322,-5.299999999999933,2.8500000000001826,37857,19660,0
8323,-6.7999999999999545,8.050000000000257,25961,19660,0
8324,-6.699999999999953,9.200000000000273,26784,19660,0
8325,-5.74999999999994,-6.099999999999945,34078,19660,0
8326,-7.349999999999962,-9.95,21201,19660,0
8327,-6.599999999999952,1.5500000000001641,27431,19660,0
8328,-5.74999999999994,-5.09999999999993,34098,19660,0
8329,-6.649999999999952,-1.54999999999988,26969,19660,0
8330,-7.349999999999962,0.15000000000014424,21403,19660,0
8331,-5.2499999999999325,-7.4999999999999645,38050,19660,0
8332,-6.849999999999955,-5.2499999999999325,25295,19660,0
8333,-6.899999999999956,8.500000000000263,25170,19660,0
8334,-6.049999999999944,-1.4999999999998792,31770,19660,0
8335,-5.74999999999994,4.450000000000205,34289,19660,0
8336,-6.49999999999995,-4.8999999999999275,28102,19660,0
8337,-6.099999999999945,7.000000000000242,31540,19660,0
8338,-6.49999999999995,2.100000000000172,28242,19660,0
8339,-6.599999999999952,-0.9499999999998714,27381,19660,0
8340,-6.349999999999948,-2.6499999999998956,29347,19660,0
8341,-5.2499999999999325,-7.749999999999968,38045,19660,0
8342,-7.19999999999996,5.700000000000223,22714,19660,0
8343,-6.549999999999951,3.3500000000001897,27867,19660,0
8344,-6.049999999999944,-4.499999999999922,31710,19660,0
8345,-5.349999999999934,-4.599999999999923,37308,19660,0
8346,-6.849999999999955,-7.449999999999964,25251,19660,0
8347,-7.19999999999996,-2.899999999999899,22542,19660,0
8348,-5.449999999999935,-0.9499999999998714,36581,19660,0
8349,-5.04999999999993,-2.8499999999998984,39743,19660,0
8350,-7.399999999999963,-9.499999999999993,20810,19660,0
8351,-5.399999999999935,0.3500000000001471,37007,19660,0
8352,-6.649999999999952,6.1500000000002295,27123,19660,0
8353,-5.649999999999938,-10.0,34800,19660,0
8354,-7.299999999999962,8.150000000000258,21963,19660,0
8355,-5.549999999999937,-2.1499999999998884,35757,19660,0
8356,-5.79999999999994,-5.499999999999936,33690,19660,0
8357,-6.049999999999944,4.850000000000211,31897,19660,0
8358,-7.049999999999958,4.850000000000211,23897,19660,0
8359,-7.249999999999961,-3.299999999999905,22134,19660,0
8360,-6.549999999999951,-9.899999999999999,27602,19660,0
8361,-7.049999999999958,-7.249999999999961,23655,19660,0
8362,-5.499999999999936,1.9500000000001698,36239,19660,0
8363,-5.999999999999943,-1.0499999999998728,32179,19660,0
8364,-6.249999999999947,-1.899999999999885,30162,19660,0
8365,-7.249999999999961,-2.1499999999998884,22157,19660,0
8366,-6.649999999999952,2.9000000000001833,27058,19660,0
8367,-5.899999999999942,-9.199999999999989,32816,19660,0
8368,-5.74999999999994,9.950000000000284,34399,19660,0
8369,-6.049999999999944,9.200000000000273,31984,19660,0
8370,-5.5999999999999375,-3.1999999999999034,35336,19660,0
8371,-5.09999999999993,6.400000000000233,39528,19660,0
8372,-6.299999999999947,-3.6499999999999098,29727,19660,0
8373,-6.899999999999956,-3.8499999999999126,24923,19660,0
8374,-7.349999999999962,-3.5499999999999083,21329,19660,0
8375,-6.549999999999951,3.650000000000194,27873,19660,0
8376,-7.19999999999996,-7.8499999999999694,22443,19660,0
8377,-5.9499999999999424,-1.0499999999998728,32579,19660,0
8378,-6.399999999999949,-3.949999999999914,28921,19660,0
8379,-5.399999999999935,4.300000000000203,37086,19660,0
8380,-5.899999999999942,-1.2999999999998764,32974,19660,0
8381,-6.049999999999944,7.200000000000244,31944,19660,0
8382,-5.299999999999933,5.950000000000227,37919,19660,0
8383,-5.5999999999999375,3.150000000000187,35463,19660,0
8384,-6.649999999999952,5.750000000000224,27115,19660,0
8385,-6.999999999999957,-7.19999999999996,24056,19660,0
8386,-6.899999999999956,3.9500000000001982,25079,19660,0
8387,-7.049999999999958,-5.5999999999999375,23688,19660,0
8388,-6.249999999999947,-1.4999999999998792,30170,19660,0
8389,-6.199999999999946,4.1000000000002,30682,19660,0
8390,-5.149999999999931,-0.9499999999998714,38981,19660,0
8391,-5.2499999999999325,-9.449999999999992,38011,19660,0
8392,-5.199999999999932,-3.249999999999904,38535,19660,0
8393,-5.899999999999942,1.7000000000001663,33034,19660,0
8394,-6.049999999999944,7.100000000000243,31942,19660,0
8395,-5.399999999999935,-8.449999999999978,36831,19660,0
8396,-5.349999999999934,6.20000000000023,37524,19660,0
8397,-6.949999999999957,4.650000000000208,24693,19660,0
8398,-6.399999999999949,-5.449999999999935,28891,19660,0
8399,-6.249999999999947,-2.4999999999998934,30150,19660,0
8400,-6.249999999999947,2.6500000000001798,30253,19660,0
8401,-5.299999999999933,3.800000000000196,37876,19660,0
8402,-5.04999999999993,-2.4499999999998927,39751,19660,0
8403,-5.5999999999999375,4.300000000000203,35486,19660,0
8404,-6.49999999999995,1.2000000000001592,28224,19660,0
8405,-6.699999999999953,-8.749999999999982,26425,19660,0
8406,-6.4499999999999496,3.500000000000192,28670,19660,0
8407,-6.399999999999949,5.45000000000022,29109,19660,0
8408,-5.449999999999935,3.100000000000186,36662,19660,0
8409,-7.249999999999961,-6.299999999999947,22074,19660,0
8410,-7.099999999999959,9.950000000000284,23599,19660,0
8411,-6.399999999999949,9.800000000000281,29196,19660,0
8412,-7.099999999999959,-2.4499999999998927,23351,19660,0
8413,-6.949999999999957,-6.749999999999954,24465,19660,0
8414,-6.699999999999953,8.25000000000026,26765,19660,0
8415,-5.649999999999938,-9.149999999999988,34817,19660,0
8416,-7.049999999999958,-9.049999999999986,23619,19660,0
8417,-5.199999999999932,-2.24999999999989,38555,19660,0
8418,-6.149999999999945,-6.49999999999995,30870,19660,0
8419,-7.399999999999963,0.9000000000001549,21018,19660,0
8420,-7.099999999999959,-6.399999999999949,23272,19660,0
8421,-6.899999999999956,9.75000000000028,25195,19660,0
8422,-6.149999999999945,0.9500000000001556,31019,19660,0
8423,-6.349999999999948,5.350000000000218,29507,19660,0
8424,-5.349999999999934,-1.4499999999998785,37371,19660,0
8425,-5.549999999999937,-7.099999999999959,35658,19660,0
8426,-5.04999999999993,-0.34999999999986287,39793,19660,0
8427,-6.199999999999946,-5.349999999999934,30493,19660,0
8428,-6.099999999999945,2.1500000000001727,31443,19660,0
8429,-6.949999999999957,9.250000000000274,24785,19660,0
8430,-6.299999999999947,-9.24999999999999,29615,19660,0
8431,-6.249999999999947,-0.7999999999998693,30184,19660,0
8432,-5.999999999999943,-3.0499999999999012,32139,19660,0
8433,-6.949999999999957,-0.8999999999998707,24582,19660,0
8434,-7.299999999999962,2.3500000000001755,21847,19660,0
8435,-7.449999999999964,1.050000000000157,20621,19660,0
8436,-7.1499999999999595,2.0500000000001712,23041,19660,0
8437,-5.149999999999931,7.400000000000247,39148,19660,0
8438,-7.299999999999962,-1.0999999999998735,21778,19660,0
8439,-5.299999999999933,-3.6499999999999098,37727,19660,0
8440,-5.299999999999933,-1.8499999999998842,37763,19660,0
8441,-6.199999999999946,0.5500000000001499,30611,19660,0
8442,-6.099999999999945,0.25000000000014566,31405,19660,0
8443,-5.699999999999939,3.650000000000194,34673,19660,0
8444,-5.9499999999999424,4.400000000000205,32688,19660,0
8445,-6.099999999999945,-3.249999999999904,31335,19660,0
8446,-6.149999999999945,-0.29999999999986215,30994,19660,0
8447,-6.399999999999949,-1.5999999999998806,28968,19660,0
8448,-5.999999999999943,4.350000000000204,32287,19660,0
8449,-5.09999999999993,-9.799999999999997,39204,19660,0
8450,-5.2499999999999325,-5.79999999999994,38084,19660,0
8451,-7.099999999999959,4.6000000000002075,23492,19660,0
8452,-5.499999999999936,-6.749999999999954,36065,19660,0
8453,-6.249999999999947,4.1000000000002,30282,19660,0
8454,-5.449999999999935,-6.949999999999957,36461,19660,0
8455,-5.299999999999933,-5.149999999999931,37697,19660,0
8456,-5.2499999999999325,-1.1499999999998742,38177,19660,0
8457,-5.74999999999994,4.500000000000206,34290,19660,0
8458,-6.299999999999947,6.750000000000238,29935,19660,0
8459,-6.249999999999947,4.150000000000201,30283,19660,0
8460,-5.699999999999939,-0.6999999999998678,34586,19660,0
8461,-5.349999999999934,-8.399999999999977,37232,19660,0
8462,-6.599999999999952,-2.899999999999899,27342,19660,0
8463,-6.4499999999999496,4.1000000000002,28682,19660,0
8464,-6.299999999999947,-7.799999999999969,29644,19660,0
8465,-6.899999999999956,-8.499999999999979,24830,19660,0
8466,-5.849999999999941,-5.2499999999999325,33295,19660,0
8467,-6.899999999999956,-8.449999999999978,24831,19660,0
8468,-6.649999999999952,3.6000000000001933,27072,19660,0
8469,-5.9499999999999424,9.450000000000276,32789,19660,0
8470,-5.699999999999939,-0.5499999999998657,34589,19660,0
8471,-6.099999999999945,7.7000000000002515,31554,19660,0
8472,-5.399999999999935,5.050000000000214,37101,19660,0
8473,-5.549999999999937,3.300000000000189,35866,19660,0
8474,-6.149999999999945,-5.199999999999932,30896,19660,0
8475,-5.79999999999994,2.100000000000172,33842,19660,0
8476,-5.74999999999994,4.2500000000002025,34285,19660,0
8477,-7.099999999999959,3.100000000000186,23462,19660,0
8478,-6.149999999999945,-7.599999999999966,30848,19660,0
8479,-6.949999999999957,-6.999999999999957,24460,19660,0
8480,-6.949999999999957,0.20000000000014495,24604,19660,0
8481,-5.9499999999999424,-7.599999999999966,32448,19660,0
8482,-5.09999999999993,8.850000000000268,39577,19660,0
8483,-6.649999999999952,0.6000000000001506,27012,19660,0
8484,-5.349999999999934,2.600000000000179,37452,19660,0
8485,-7.249999999999961,8.700000000000266,22374,19660,0
8486,-5.2499999999999325,6.950000000000241,38339,19660,0
8487,-5.649999999999938,-5.449999999999935,34891,19660,0
8488,-5.699999999999939,0.5000000000001492,34610,19660,0
8489,-6.999999999999957,1.7000000000001663,24234,19660,0
8490,-6.649999999999952,-9.899999999999999,26802,19660,0
8491,-6.049999999999944,-1.899999999999885,31762,19660,0
8492,-6.099999999999945,-7.999999999999972,31240,19660,0
8493,-7.299999999999962,3.450000000000191,21869,19660,0
8494,-6.599999999999952,-5.849999999999941,27283,19660,0
8495,-5.549999999999937,-5.849999999999941,35683,19660,0
8496,-5.9499999999999424,9.950000000000284,32799,19660,0
8497,-5.09999999999993,-0.9499999999998714,39381,19660,0
8498,-7.249999999999961,5.650000000000222,22313,19660,0
8499,-6.549999999999951,-3.8999999999999133,27722,19660,0
8500,-6.49999999999995,4.400000000000205,28288,19660,0
8501,-5.299999999999933,0.8500000000001542,37817,19660,0
8502,-5.499999999999936,-6.649999999999952,36067,19660,0
8503,-5.399999999999935,9.450000000000276,37189,19660,0
8504,-6.099999999999945,3.2000000000001876,31464,19660,0
8505,-5.449999999999935,8.700000000000266,36774,19660,0
8506,-6.249999999999947,-8.199999999999974,30036,19660,0
8507,-6.4499999999999496,8.200000000000259,28764,19660,0
8508,-7.349999999999962,-0.7999999999998693,21384,19660,0
8509,-5.74999999999994,-6.549999999999951,34069,19660,0
8510,-7.049999999999958,-7.799999999999969,23644,19660,0
8511,-7.4999999999999645,-0.4499999999998643,20191,19660,0
8512,-5.04999999999993,-2.4499999999998927,39751,19660,0
8513,-7.099999999999959,-4.099999999999916,23318,19660,0
8514,-5.5999999999999375,-3.399999999999906,35332,19660,0
8515,-5.899999999999942,-4.999999999999929,32900,19660,0
8516,-5.74999999999994,7.850000000000254,34357,19660,0
8517,-6.999999999999957,0.9500000000001556,24219,19660,0
8518,-6.149999999999945,0.15000000000014424,31003,19660,0
8519,-5.199999999999932,7.050000000000242,38741,19660,0
8520,-7.249999999999961,-3.8499999999999126,22123,19660,0
8521,-6.199999999999946,-8.249999999999975,30435,19660,0
8522,-6.249999999999947,-2.749999999999897,30145,19660,0
8523,-7.399999999999963,3.7500000000001954,21075,19660,0
8524,-6.099999999999945,-5.699999999999939,31286,19660,0
8525,-5.2499999999999325,-4.5499999999999226,38109,19660,0
8526,-5.349999999999934,-0.29999999999986215,37394,19660,0
8527,-5.999999999999943,0.9000000000001549,32218,19660,0
8528,-6.899999999999956,-3.949999999999914,24921,19660,0
8529,-5.349999999999934,7.800000000000253,37556,19660,0
8530,-7.449999999999964,0.05000000000014282,20601,19660,0
8531,-6.649999999999952,0.5000000000001492,27010,19660,0
8532,-5.999999999999943,0.4500000000001485,32209,19660,0
8533,-7.399999999999963,1.400000000000162,21028,19660,0
8534,-5.849999999999941,4.1000000000002,33482,19660,0
8535,-5.849999999999941,-4.649999999999924,33307,19660,0
8536,-6.649999999999952,-1.899999999999885,26962,19660,0
8537,-7.349999999999962,7.050000000000242,21541,19660,0
8538,-6.249999999999947,-9.29999999999999,30014,19660,0
8539,-5.299999999999933,1.8500000000001684,37837,19660,0
8540,-7.049999999999958,-0.19999999999986073,23796,19660,0
8541,-5.649999999999938,-7.449999999999964,34851,19660,0
8542,-5.399999999999935,7.800000000000253,37156,19660,0
8543,-7.399999999999963,2.750000000000181,21055,19660,0
8544,-5.9499999999999424,6.650000000000237,32733,19660,0
8545,-5.04999999999993,-6.049999999999944,39679,19660,0
8546,-6.599999999999952,7.400000000000247,27548,19660,0
8547,-6.049999999999944,7.950000000000255,31959,19660,0
8548,-7.249999999999961,2.600000000000179,22252,19660,0
8549,-6.699999999999953,-9.649999999999995,26407,19660,0
8550,-6.999999999999957,-8.699999999999982,24026,19660,0
8551,-5.499999999999936,1.4210854715202004e-13,36200,19660,0
8552,-6.199999999999946,6.000000000000227,30720,19660,0
8553,-6.399999999999949,-9.599999999999994,28808,19660,0
8554,-6.399999999999949,8.600000000000264,29172,19660,0
8555,-6.949999999999957,-6.349999999999948,24473,19660,0
8556,-6.649999999999952,2.400000000000176,27048,19660,0
8557,-6.399999999999949,0.7500000000001528,29015,19660,0
8558,-7.249999999999961,-8.899999999999984,22022,19660,0
8559,-7.449999999999964,8.100000000000257,20762,19660,0
8560,-6.949999999999957,1.3000000000001606,24626,19660,0
8561,-6.649999999999952,9.600000000000279,27192,19660,0
8562,-5.149999999999931,-8.349999999999977,38833,19660,0
8563,-6.149999999999945,9.65000000000028,31193,19660,0
8564,-5.09999999999993,4.75000000000021,39495,19660,0
8565,-6.4499999999999496,-2.6499999999998956,28547,19660,0
8566,-6.199999999999946,2.600000000000179,30652,19660,0
8567,-5.399999999999935,2.0500000000001712,37041,19660,0
8568,-7.399999999999963,6.700000000000237,21134,19660,0
8569,-6.249999999999947,-2.9999999999999005,30140,19660,0
8570,-5.04999999999993,-2.7999999999998977,39744,19660,0
8571,-6.149999999999945,-6.549999999999951,30869,19660,0
8572,-5.999999999999943,-1.699999999999882,32166,19660,0
8573,-6.649999999999952,4.350000000000204,27087,19660,0
8574,-7.049999999999958,-7.4999999999999645,23650,19660,0
8575,-5.74999999999994,9.300000000000274,34386,19660,0
8576,-6.549999999999951,3.0500000000001855,27861,19660,0
8577,-6.649999999999952,7.60000000000025,27152,19660,0
8578,-7.049999999999958,6.350000000000232,23927,19660,0
8579,-7.249999999999961,1.4500000000001627,22229,19660,0
8580,-6.7999999999999545,-2.0999999999998877,25758,19660,0
8581,-6.7999999999999545,-3.3499999999999055,25733,19660,0
8582,-5.2499999999999325,4.850000000000211,38297,19660,0
8583,-7.049999999999958,4.9500000000002125,23899,19660,0
8584,-6.099999999999945,7.950000000000255,31559,19660,0
8585,-5.449999999999935,-3.6999999999999105,36526,19660,0
8586,-6.099999999999945,6.450000000000234,31529,19660,0
8587,-6.599999999999952,-7.649999999999967,27247,19660,0
8588,-7.249999999999961,-9.699999999999996,22006,19660,0
8589,-6.399999999999949,-6.299999999999947,28874,19660,0
8590,-5.849999999999941,2.6500000000001798,33453,19660,0
8591,-7.449999999999964,4.75000000000021,20695,19660,0
8592,-6.949999999999957,6.400000000000233,24728,19660,0
8593,-5.549999999999937,-7.649999999999967,35647,19660,0
8594,-7.19999999999996,-0.4499999999998643,22591,19660,0
8595,-5.899999999999942,-4.299999999999919,32914,19660,0
8596,-7.249999999999961,1.8000000000001677,22236,19660,0
8597,-6.049999999999944,6.000000000000227,31920,19660,0
8598,-5.9499999999999424,5.850000000000225,32717,19660,0
8599,-5.5999999999999375,1.2500000000001599,35425,19660,0
8600,-5.899999999999942,-4.8999999999999275,32902,19660,0
8601,-5.2499999999999325,-4.499999999999922,38110,19660,0
8602,-6.7999999999999545,-6.699999999999953,25666,19660,0
8603,-6.4499999999999496,8.800000000000267,28776,19660,0
8604,-6.49999999999995,0.30000000000014637,28206,19660,0
8605,-5.299999999999933,-0.5999999999998664,37788,19660,0
8606,-5.149999999999931,3.500000000000192,39070,19660,0
8607,-7.349999999999962,-6.049999999999944,21279,19660,0
8608,-6.299999999999947,1.400000000000162,29828,19660,0
8609,-6.749999999999954,-9.149999999999988,26017,19660,0
8610,-5.449999999999935,3.5500000000001926,36671,19660,0
8611,-5.299999999999933,7.050000000000242,37941,19660,0
8612,-6.749999999999954,-6.999999999999957,26060,19660,0
8613,-7.299999999999962,7.150000000000244,21943,19660,0
8614,-6.549999999999951,-8.249999999999975,27635,19660,0
8615,-6.149999999999945,1.9500000000001698,31039,19660,0
8616,-7.099999999999959,-4.949999999999928,23301,19660,0
8617,-6.299999999999947,-4.34999999999992,29713,19660,0
8618,-5.79999999999994,1.1500000000001585,33823,19660,0
8619,-5.399999999999935,-1.4999999999998792,36970,19660,0
8620,-6.999999999999957,-4.39999999999992,24112,19660,0
8621,-5.499999999999936,4.350000000000204,36287,19660,0
8622,-7.4999999999999645,6.950000000000241,20339,19660,0
8623,-7.449999999999964,3.300000000000189,20666,19660,0
8624,-6.199999999999946,9.450000000000276,30789,19660,0
8625,-7.4999999999999645,-2.199999999999889,20156,19660,0
8626,-5.199999999999932,-8.849999999999984,38423,19660,0
8627,-6.149999999999945,-1.899999999999885,30962,19660,0
8628,-6.099999999999945,-1.2999999999998764,31374,19660,0
8629,-6.7999999999999545,2.5500000000001783,25851,19660,0
8630,-5.299999999999933,-5.04999999999993,37699,19660,0
8631,-6.099999999999945,-0.14999999999986002,31397,19660,0
8632,-5.699999999999939,-5.449999999999935,34491,19660,0
8633,-6.649999999999952,-8.099999999999973,26838,19660,0
8634,-5.199999999999932,-7.799999999999969,38444,19660,0
8635,-7.19999999999996,8.700000000000266,22774,19660,0
8636,-6.299999999999947,3.500000000000192,29870,19660,0
8637,-6.999999999999957,2.400000000000176,24248,19660,0
8638,-5.899999999999942,-0.8999999999998707,32982,19660,0
8639,-5.299999999999933,0.8000000000001535,37816,19660,0
8640,-5.149999999999931,-4.149999999999917,38917,19660,0
8641,-5.399999999999935,-7.8499999999999694,36843,19660,0
8642,-5.449999999999935,-1.2499999999998757,36575,19660,0
8643,-7.399999999999963,-4.599999999999923,20908,19660,0
8644,-7.049999999999958,-8.54999999999998,23629,19660,0
8645,-7.399999999999963,1.1000000000001577,21022,19660,0
8646,-5.09999999999993,9.300000000000274,39586,19660,0
8647,-5.5999999999999375,-2.399999999999892,35352,19660,0
8648,-6.949999999999957,0.8000000000001535,24616,19660,0
8649,-6.4499999999999496,7.750000000000252,28755,19660,0
8650,-6.049999999999944,7.150000000000244,31943,19660,0
8651,-6.349999999999948,-6.599999999999952,29268,19660,0
8652,-5.2499999999999325,9.950000000000284,38399,19660,0
8653,-7.4999999999999645,2.5500000000001783,20251,19660,0
8654,-6.399999999999949,-2.4999999999998934,28950,19660,0
8655,-7.1499999999999595,-7.599999999999966,22848,19660,0
8656,-6.749999999999954,-8.499999999999979,26030,19660,0
8657,-5.74999999999994,-0.9499999999998714,34181,19660,0
8658,-7.399999999999963,-1.0499999999998728,20979,19660,0
8659,-6.149999999999945,4.650000000000208,31093,19660,0
8660,-6.999999999999957,5.8000000000002245,24316,19660,0
8661,-6.399999999999949,1.5500000000001641,29031,19660,0
8662,-6.649999999999952,0.9500000000001556,27019,19660,0
8663,-6.849999999999955,-6.599999999999952,25268,19660,0
8664,-6.749999999999954,-1.899999999999885,26162,19660,0
8665,-7.1499999999999595,-4.39999999999992,22912,19660,0
8666,-6.599999999999952,-2.8499999999998984,27343,19660,0
8667,-7.449999999999964,9.950000000000284,20799,19660,0
8668,-5.649999999999938,-2.9499999999999,34941,19660,0
8669,-7.19999999999996,-4.999999999999929,22500,19660,0
8670,-5.449999999999935,6.650000000000237,36733,19660,0
8671,-6.299999999999947,-4.099999999999916,29718,19660,0
8672,-5.5999999999999375,1.750000000000167,35435,19660,0
8673,-6.299999999999947,2.450000000000177,29849,19660,0
8674,-7.049999999999958,3.0000000000001847,23860,19660,0
8675,-6.199999999999946,-4.699999999999925,30506,19660,0
8676,-5.09999999999993,8.95000000000027,39579,19660,0
8677,-6.49999999999995,5.150000000000215,28303,19660,0
8678,-6.699999999999953,-9.699999999999996,26406,19660,0
8679,-7.099999999999959,8.30000000000026,23566,19660,0
8680,-5.449999999999935,-5.149999999999931,36497,19660,0
8681,-7.299999999999962,-0.4499999999998643,21791,19660,0
8682,-7.099999999999959,0.8500000000001542,23417,19660,0
8683,-7.049999999999958,2.800000000000182,23856,19660,0
8684,-7.049999999999958,5.750000000000224,23915,19660,0
8685,-6.749999999999954,4.0500000000002,26281,19660,0
8686,-6.049999999999944,1.5500000000001641,31831,19660,0
8687,-5.199999999999932,-9.049999999999986,38419,19660,0
8688,-5.9499999999999424,-2.899999999999899,32542,19660,0
8689,-7.249999999999961,4.0500000000002,22281,19660,0
8690,-6.599999999999952,1.1500000000001585,27423,19660,0
8691,-5.299999999999933,-2.7999999999998977,37744,19660,0
8692,-5.399999999999935,8.100000000000257,37162,19660,0
8693,-6.549999999999951,-1.5999999999998806,27768,19660,0
8694,-7.249999999999961,-0.14999999999986002,22197,19660,0
8695,-6.199999999999946,3.0500000000001855,30661,19660,0
8696,-6.649999999999952,-7.449999999999964,26851,19660,0
8697,-5.899999999999942,7.750000000000252,33155,19660,0
8698,-5.649999999999938,-4.999999999999929,34900,19660,0
8699,-7.049999999999958,-6.49999999999995,23670,19660,0
8700,-6.849999999999955,7.400000000000247,25548,19660,0
8701,-6.099999999999945,-9.34999999999999,31213,19660,0
8702,-6.099999999999945,3.850000000000197,31477,19660,0
8703,-5.299999999999933,2.0500000000001712,37841,19660,0
8704,-6.249999999999947,5.150000000000215,30303,19660,0
8705,-5.09999999999993,1.3000000000001606,39426,19660,0
8706,-6.099999999999945,-4.949999999999928,31301,19660,0
8707,-5.09999999999993,-4.5499999999999226,39309,19660,0
8708,-5.2499999999999325,-2.4999999999998934,38150,19660,0
8709,-5.9499999999999424,-7.599999999999966,32448,19660,0
8710,-7.299999999999962,1.9500000000001698,21839,19660,0
8711,-7.399999999999963,6.950000000000241,21139,19660,0
8712,-5.899999999999942,-3.399999999999906,32932,19660,0
8713,-5.399999999999935,6.300000000000232,37126,19660,0
8714,-6.199999999999946,-2.399999999999892,30552,19660,0
8715,-5.899999999999942,0.7500000000001528,33015,19660,0
8716,-6.649999999999952,2.5000000000001776,27050,19660,0
8717,-7.249999999999961,2.600000000000179,22252,19660,0
8718,-6.849999999999955,-5.2499999999999325,25295,19660,0
8719,-5.649999999999938,6.250000000000231,35125,19660,0
8720,-7.19999999999996,-8.249999999999975,22435,19660,0
8721,-5.699999999999939,0.05000000000014282,34601,19660,0
8722,-7.4999999999999645,-0.09999999999985931,20198,19660,0
8723,-5.849999999999941,1.7000000000001663,33434,19660,0
8724,-6.299999999999947,-8.54999999999998,29629,19660,0
8725,-5.79999999999994,-2.6499999999998956,33747,19660,0
8726,-5.549999999999937,8.850000000000268,35977,19660,0
8727,-6.399999999999949,1.400000000000162,29028,19660,0
8728,-6.949999999999957,3.450000000000191,24669,19660,0
8729,-5.549999999999937,-4.749999999999925,35705,19660,0
8730,-5.299999999999933,9.900000000000283,37998,19660,0
8731,-6.199999999999946,0.20000000000014495,30604,19660,0
8732,-6.949999999999957,1.6000000000001648,24632,19660,0
8733,-7.249999999999961,8.200000000000259,22364,19660,0
8734,-5.5999999999999375,-6.599999999999952,35268,19660,0
8735,-5.09999999999993,-3.6999999999999105,39326,19660,0
8736,-5.699999999999939,-4.249999999999918,34515,19660,0
8737,-7.1499999999999595,9.250000000000274,23185,19660,0
8738,-6.4499999999999496,-5.899999999999942,28482,19660,0
8739,-5.9499999999999424,-5.2499999999999325,32495,19660,0
8740,-5.74999999999994,8.30000000000026,34366,19660,0
8741,-6.549999999999951,-4.299999999999919,27714,19660,0
8742,-6.149999999999945,-7.099999999999959,30858,19660,0
8743,-7.399999999999963,-8.099999999999973,20838,19660,0
8744,-6.149999999999945,5.8000000000002245,31116,19660,0
8745,-7.449999999999964,5.45000000000022,20709,19660,0
8746,-6.049999999999944,-8.449999999999978,31631,19660,0
8747,-6.999999999999957,3.800000000000196,24276,19660,0
8748,-7.249999999999961,5.050000000000214,22301,19660,0
8749,-6.4499999999999496,-4.199999999999918,28516,19660,0
8750,-6.699999999999953,0.6000000000001506,26612,19660,0
8751,-6.699999999999953,1.5000000000001634,26630,19660,0
8752,-5.09999999999993,-5.79999999999994,39284,19660,0
8753,-5.349999999999934,9.200000000000273,37584,19660,0
8754,-6.399999999999949,-7.19999999999996,28856,19660,0
8755,-6.049999999999944,9.250000000000274,31985,19660,0
8756,-7.099999999999959,6.1500000000002295,23523,19660,0
8757,-6.7999999999999545,-8.349999999999977,25633,19660,0
8758,-5.74999999999994,8.95000000000027,34379,19660,0
8759,-5.899999999999942,4.900000000000212,33098,19660,0
8760,-5.9499999999999424,3.500000000000192,32670,19660,0
8761,-5.649999999999938,1.750000000000167,35035,19660,0
8762,-7.049999999999958,6.20000000000023,23924,19660,0
8763,-6.349999999999948,5.150000000000215,29503,19660,0
8764,-5.699999999999939,3.300000000000189,34666,19660,0
8765,-6.949999999999957,7.750000000000252,24755,19660,0
8766,-6.699999999999953,-0.8999999999998707,26582,19660,0
8767,-5.9499999999999424,-0.9499999999998714,32581,19660,0
8768,-6.349999999999948,2.3500000000001755,29447,19660,0
8769,-5.499999999999936,-9.29999999999999,36014,19660,0
8770,-7.349999999999962,1.750000000000167,21435,19660,0
8771,-6.099999999999945,5.950000000000227,31519,19660,0
8772,-5.149999999999931,-5.849999999999941,38883,19660,0
8773,-6.49999999999995,-7.799999999999969,28044,19660,0
8774,-6.199999999999946,6.100000000000229,30722,19660,0
8775,-6.349999999999948,7.300000000000246,29546,19660,0
8776,-7.249999999999961,-1.8499999999998842,22163,19660,0
8777,-6.999999999999957,0.9500000000001556,24219,19660,0
8778,-5.849999999999941,-9.649999999999995,33207,19660,0
8779,-6.299999999999947,1.8500000000001684,29837,19660,0
8780,-7.449999999999964,3.7000000000001947,20674,19660,0
8781,-5.549999999999937,-4.649999999999924,35707,19660,0
8782,-7.049999999999958,8.500000000000263,23970,19660,0
8783,-6.899999999999956,9.00000000000027,25180,19660,0
8784,-5.349999999999934,-9.399999999999991,37212,19660,0
8785,-5.999999999999943,-5.699999999999939,32086,19660,0
8786,-6.399999999999949,-8.399999999999977,28832,19660,0
8787,-6.699999999999953,-5.449999999999935,26491,19660,0
8788,-5.5999999999999375,6.20000000000023,35524,19660,0
8789,-6.349999999999948,-1.2999999999998764,29374,19660,0
8790,-6.199999999999946,9.65000000000028,30793,19660,0
8791,-5.449999999999935,4.2500000000002025,36685,19660,0
8792,-6.349999999999948,-0.499999999999865,29390,19660,0
8793,-5.899999999999942,4.1000000000002,33082,19660,0
8794,-7.1499999999999595,-4.299999999999919,22914,19660,0
8795,-5.5999999999999375,2.400000000000176,35448,19660,0
8796,-5.9499999999999424,8.100000000000257,32762,19660,0
8797,-7.1499999999999595,-8.799999999999983,22824,19660,0
8798,-5.649999999999938,-4.0499999999999154,34919,19660,0
8799,-6.849999999999955,2.450000000000177,25449,19660,0
8800,-7.299999999999962,-9.499999999999993,21610,19660,0
8801,-5.74999999999994,3.9000000000001975,34278,19660,0
8802,-6.49999999999995,5.400000000000219,28308,19660,0
8803,-6.099999999999945,1.8000000000001677,31436,19660,0
8804,-7.299999999999962,8.450000000000262,21969,19660,0
8805,-7.249999999999961,4.550000000000207,22291,19660,0
8806,-7.099999999999959,3.800000000000196,23476,19660,0
8807,-5.549999999999937,3.6000000000001933,35872,19660,0
8808,-5.699999999999939,6.050000000000228,34721,19660,0
8809,-5.849999999999941,2.100000000000172,33442,19660,0
8810,-6.199999999999946,-9.95,30401,19660,0
8811,-7.299999999999962,9.100000000000271,21982,19660,0
8812,-5.699999999999939,5.950000000000227,34719,19660,0
8813,-6.199999999999946,-4.5499999999999226,30509,19660,0
8814,-5.699999999999939,9.600000000000279,34792,19660,0
8815,-7.19999999999996,-0.14999999999986002,22597,19660,0
8816,-5.74999999999994,6.950000000000241,34339,19660,0
8817,-6.899999999999956,5.900000000000226,25118,19660,0
8818,-5.399999999999935,-7.8499999999999694,36843,19660,0
8819,-5.649999999999938,-7.349999999999962,34853,19660,0
8820,-6.999999999999957,7.550000000000249,24351,19660,0
8821,-6.999999999999957,-0.3999999999998636,24192,19660,0
8822,-7.099999999999959,4.000000000000199,23480,19660,0
8823,-5.449999999999935,-1.4999999999998792,36570,19660,0
8824,-7.19999999999996,4.6000000000002075,22692,19660,0
8825,-7.4999999999999645,8.800000000000267,20376,19660,0
8826,-6.399999999999949,9.900000000000283,29198,19660,0
8827,-5.449999999999935,-1.8499999999998842,36563,19660,0
8828,-6.649999999999952,3.150000000000187,27063,19660,0
8829,-5.849999999999941,-3.599999999999909,33328,19660,0
8830,-6.399999999999949,1.2000000000001592,29024,19660,0
8831,-5.199999999999932,-0.14999999999986002,38597,19660,0
8832,-5.79999999999994,-6.149999999999945,33677,19660,0
8833,-6.849999999999955,-9.149999999999988,25217,19660,0
8834,-6.599999999999952,9.00000000000027,27580,19660,0
8835,-6.649999999999952,-4.0499999999999154,26919,19660,0
8836,-6.199999999999946,-1.7499999999998828,30565,19660,0
8837,-5.9499999999999424,-5.74999999999994,32485,19660,0
8838,-5.349999999999934,0.30000000000014637,37406,19660,0
8839,-6.649999999999952,-7.349999999999962,26853,19660,0
8840,-6.949999999999957,-7.19999999999996,24456,19660,0
8841,-6.049999999999944,4.450000000000205,31889,19660,0
8842,-6.749999999999954,-8.999999999999986,26020,19660,0
8843,-6.099999999999945,-2.4999999999998934,31350,19660,0
8844,-6.7999999999999545,4.550000000000207,25891,19660,0
8845,-6.099999999999945,7.300000000000246,31546,19660,0
8846,-6.349999999999948,5.250000000000217,29505,19660,0
8847,-7.449999999999964,4.80000000000021,20696,19660,0
8848,-6.7999999999999545,-2.899999999999899,25742,19660,0
8849,-7.4999999999999645,9.75000000000028,20395,19660,0
8850,-5.09999999999993,-3.6499999999999098,39327,19660,0
8851,-5.449999999999935,0.6000000000001506,36612,19660,0
8852,-5.999999999999943,-0.7999999999998693,32184,19660,0
8853,-6.7999999999999545,6.400000000000233,25928,19660,0
8854,-6.899999999999956,6.350000000000232,25127,19660,0
8855,-6.749999999999954,8.900000000000269,26378,19660,0
8856,-7.349999999999962,1.2000000000001592,21424,19660,0
8857,-7.249999999999961,8.650000000000265,22373,19660,0
8858,-5.699999999999939,-4.649999999999924,34507,19660,0
8859,-5.399999999999935,7.400000000000247,37148,19660,0
8860,-5.349999999999934,-9.149999999999988,37217,19660,0
8861,-7.299999999999962,-4.699999999999925,21706,19660,0
8862,-5.299999999999933,9.150000000000272,37983,19660,0
8863,-6.049999999999944,-6.849999999999955,31663,19660,0
8864,-7.4999999999999645,1.0000000000001563,20220,19660,0
8865,-5.399999999999935,-8.099999999999973,36838,19660,0
8866,-7.349999999999962,0.4000000000001478,21408,19660,0
8867,-5.04999999999993,5.50000000000022,39910,19660,0
8868,-6.349999999999948,-0.29999999999986215,29394,19660,0
8869,-7.449999999999964,1.1000000000001577,20622,19660,0
8870,-6.749999999999954,-2.6499999999998956,26147,19660,0
8871,-7.299999999999962,3.9000000000001975,21878,19660,0
8872,-6.4499999999999496,-3.799999999999912,28524,19660,0
8873,-7.249999999999961,8.400000000000261,22368,19660,0
8874,-7.1499999999999595,0.9000000000001549,23018,19660,0
8875,-5.299999999999933,6.650000000000237,37933,19660,0
8876,-5.5999999999999375,4.900000000000212,35498,19660,0
8877,-5.699999999999939,9.450000000000276,34789,19660,0
8878,-6.7999999999999545,-9.749999999999996,25605,19660,0
8879,-6.149999999999945,1.750000000000167,31035,19660,0
8880,-6.749999999999954,-2.549999999999894,26149,19660,0
8881,-5.699999999999939,-6.599999999999952,34468,19660,0
8882,-5.449999999999935,-2.599999999999895,36548,19660,0
8883,-5.5999999999999375,6.650000000000237,35533,19660,0
8884,-5.199999999999932,5.650000000000222,38713,19660,0
8885,-5.299999999999933,-7.999999999999972,37640,19660,0
8886,-6.149999999999945,5.050000000000214,31101,19660,0
8887,-6.7999999999999545,9.900000000000283,25998,19660,0
8888,-5.199999999999932,-8.59999999999998,38428,19660,0
8889,-6.849999999999955,-4.949999999999928,25301,19660,0
8890,-6.099999999999945,-1.899999999999885,31362,19660,0
8891,-7.399999999999963,-3.599999999999909,20928,19660,0
8892,-6.149999999999945,-9.599999999999994,30808,19660,0
8893,-7.1499999999999595,-6.649999999999952,22867,19660,0
8894,-6.7999999999999545,1.4210854715202004e-13,25800,19660,0
8895,-5.699999999999939,3.0000000000001847,34660,19660,0
8896,-7.049999999999958,1.4500000000001627,23829,19660,0
8897,-5.149999999999931,-7.1499999999999595,38857,19660,0
8898,-5.04999999999993,-5.549999999999937,39689,19660,0
8899,-5.09999999999993,0.6000000000001506,39412,19660,0
8900,-5.849999999999941,5.900000000000226,33518,19660,0
8901,-5.199999999999932,-0.19999999999986073,38596,19660,0
8902,-6.549999999999951,-8.349999999999977,27633,19660,0
8903,-6.349999999999948,5.400000000000219,29508,19660,0
8904,-5.649999999999938,5.050000000000214,35101,19660,0
8905,-6.249999999999947,3.450000000000191,30269,19660,0
8906,-6.549999999999951,-2.1499999999998884,27757,19660,0
8907,-5.2499999999999325,3.300000000000189,38266,19660,0
8908,-6.149999999999945,-5.9499999999999424,30881,19660,0
8909,-5.09999999999993,6.100000000000229,39522,19660,0
8910,-5.09999999999993,1.3500000000001613,39427,19660,0
8911,-6.4499999999999496,-3.749999999999911,28525,19660,0
8912,-5.449999999999935,-7.89999999999997,36442,19660,0
8913,-5.74999999999994,9.05000000000027,34381,19660,0
8914,-6.349999999999948,-8.499999999999979,29230,19660,0
8915,-5.649999999999938,-3.249999999999904,34935,19660,0
8916,-6.699999999999953,-7.099999999999959,26458,19660,0
8917,-7.099999999999959,0.9000000000001549,23418,19660,0
8918,-5.74999999999994,1.6000000000001648,34232,19660,0
8919,-6.4499999999999496,-7.4999999999999645,28450,19660,0
8920,-6.099999999999945,-3.099999999999902,31338,19660,0
8921,-7.049999999999958,-6.549999999999951,23669,19660,0
8922,-7.449999999999964,4.200000000000202,20684,19660,0
8923,-5.399999999999935,-0.6999999999998678,36986,19660,0
8924,-7.449999999999964,-5.649999999999938,20487,19660,0
8925,-6.849999999999955,-9.699999999999996,25206,19660,0
8926,-5.74999999999994,0.5500000000001499,34211,19660,0
8927,-5.549999999999937,-7.399999999999963,35652,19660,0
8928,-5.449999999999935,1.5500000000001641,36631,19660,0
8929,-6.999999999999957,-1.2999999999998764,24174,19660,0
8930,-5.149999999999931,4.500000000000206,39090,19660,0
8931,-5.199999999999932,-5.79999999999994,38484,19660,0
8932,-5.199999999999932,7.250000000000245,38745,19660,0
8933,-5.349999999999934,-2.9499999999999,37341,19660,0
8934,-5.04999999999993,6.950000000000241,39939,19660,0
8935,-5.499999999999936,-3.299999999999905,36134,19660,0
8936,-6.49999999999995,-5.499999999999936,28090,19660,0
8937,-6.599999999999952,-0.0499999999998586,27399,19660,0
8938,-6.399999999999949,1.2000000000001592,29024,19660,0
8939,-7.249999999999961,3.2500000000001883,22265,19660,0
8940,-5.449999999999935,6.650000000000237,36733,19660,0
8941,-6.949999999999957,-2.9999999999999005,24540,19660,0
8942,-6.399999999999949,-5.9499999999999424,28881,19660,0
8943,-6.049999999999944,-5.499999999999936,31690,19660,0
8944,-5.149999999999931,-1.4499999999998785,38971,19660,0
8945,-5.649999999999938,-4.699999999999925,34906,19660,0
8946,-6.749999999999954,-7.749999999999968,26045,19660,0
8947,-7.299999999999962,5.400000000000219,21908,19660,0
8948,-6.749999999999954,3.100000000000186,26262,19660,0
8949,-5.199999999999932,1.2500000000001599,38625,19660,0
8950,-7.399999999999963,-0.9999999999998721,20980,19660,0
8951,-5.699999999999939,7.400000000000247,34748,19660,0
8952,-7.299999999999962,4.350000000000204,21887,19660,0
8953,-5.149999999999931,-6.4499999999999496,38871,19660,0
8954,-5.5999999999999375,0.9000000000001549,35418,19660,0
8955,-6.999999999999957,3.800000000000196,24276,19660,0
8956,-5.399999999999935,8.650000000000265,37173,19660,0
8957,-5.849999999999941,9.300000000000274,33586,19660,0
8958,-5.999999999999943,-4.799999999999926,32104,19660,0
8959,-6.099999999999945,-9.049999999999986,31219,19660,0
8960,-7.19999999999996,-6.549999999999951,22469,19660,0
8961,-6.999999999999957,8.200000000000259,24364,19660,0
8962,-6.199999999999946,7.550000000000249,30751,19660,0
8963,-6.4499999999999496,-3.399999999999906,28532,19660,0
8964,-7.19999999999996,-2.4999999999998934,22550,19660,0
8965,-6.199999999999946,-2.9999999999999005,30540,19660,0
8966,-5.09999999999993,-2.399999999999892,39352,19660,0
8967,-5.5999999999999375,-7.89999999999997,35242,19660,0
8968,-5.74999999999994,9.600000000000279,34392,19660,0
8969,-7.19999999999996,8.700000000000266,22774,19660,0
8970,-7.4999999999999645,-3.599999999999909,20128,19660,0
8971,-6.249999999999947,-9.449999999999992,30011,19660,0
8972,-5.999999999999943,3.9500000000001982,32279,19660,0
8973,-6.999999999999957,6.100000000000229,24322,19660,0
8974,-7.4999999999999645,5.600000000000222,20312,19660,0
8975,-5.149999999999931,-3.6499999999999098,38927,19660,0
8976,-5.399999999999935,7.650000000000251,37153,19660,0
8977,-6.7999999999999545,5.900000000000226,25918,19660,0
8978,-6.149999999999945,-6.149999999999945,30877,19660,0
8979,-6.549999999999951,6.950000000000241,27939,19660,0
8980,-5.699999999999939,-2.9999999999999005,34540,19660,0
8981,-6.699999999999953,2.0500000000001712,26641,19660,0
8982,-7.19999999999996,-3.099999999999902,22538,19660,0
8983,-7.1499999999999595,4.350000000000204,23087,19660,0
8984,-6.4499999999999496,5.600000000000222,28712,19660,0
8985,-6.249999999999947,0.30000000000014637,30206,19660,0
8986,-7.4999999999999645,-2.199999999999889,20156,19660,0
8987,-6.099999999999945,9.450000000000276,31589,19660,0
8988,-6.4499999999999496,-5.449999999999935,28491,19660,0
8989,-5.399999999999935,5.550000000000221,37111,19660,0
8990,-7.249999999999961,5.950000000000227,22319,19660,0
8991,-5.09999999999993,0.4000000000001478,39408,19660,0
8992,-6.7999999999999545,-1.9999999999998863,25760,19660,0
8993,-6.199999999999946,-2.6499999999998956,30547,19660,0
8994,-7.449999999999964,3.3500000000001897,20667,19660,0
8995,-5.699999999999939,-1.3999999999998778,34572,19660,0
8996,-5.299999999999933,4.150000000000201,37883,19660,0
8997,-5.149999999999931,-5.699999999999939,38886,19660,0
8998,-6.999999999999957,-8.449999999999978,24031,19660,0
8999,-6.699999999999953,-7.549999999999965,26449,19660,0
9000,-7.1499999999999595,4.850000000000211,23097,19660,0
9001,-6.7999999999999545,-3.6499999999999098,25727,19660,0
9002,-5.699999999999939,-1.4999999999998792,34570,19660,0
9003,-6.849999999999955,-9.29999999999999,25214,19660,0
9004,-5.04999999999993,-7.549999999999965,39649,19660,0
9005,-7.1499999999999595,8.850000000000268,23177,19660,0
9006,-5.79999999999994,4.9500000000002125,33899,19660,0
9007,-5.449999999999935,-6.199999999999946,36476,19660,0
9008,-6.749999999999954,9.300000000000274,26386,19660,0
9009,-6.949999999999957,-7.89999999999997,24442,19660,0
9010,-7.399999999999963,4.200000000000202,21084,19660,0
9011,-6.999999999999957,-7.099999999999959,24058,19660,0
9012,-5.74999999999994,6.550000000000235,34331,19660,0
9013,-6.099999999999945,5.50000000000022,31510,19660,0
9014,-6.599999999999952,-2.599999999999895,27348,19660,0
9015,-7.099999999999959,3.650000000000194,23473,19660,0
9016,-5.449999999999935,-0.34999999999986287,36593,19660,0
9017,-7.4999999999999645,3.2000000000001876,20264,19660,0
9018,-6.4499999999999496,5.150000000000215,28703,19660,0
9019,-5.2499999999999325,2.1500000000001727,38243,19660,0
9020,-7.249999999999961,-1.4499999999998785,22171,19660,0
9021,-5.699999999999939,8.600000000000264,34772,19660,0
9022,-6.949999999999957,-5.549999999999937,24489,19660,0
9023,-5.549999999999937,-0.6999999999998678,35786,19660,0
9024,-6.649999999999952,7.250000000000245,27145,19660,0
9025,-6.249999999999947,8.200000000000259,30364,19660,0
9026,-5.399999999999935,3.7500000000001954,37075,19660,0
9027,-6.099999999999945,6.650000000000237,31533,19660,0
9028,-6.999999999999957,2.5000000000001776,24250,19660,0
9029,-5.04999999999993,2.450000000000177,39849,19660,0
9030,-6.149999999999945,-3.1999999999999034,30936,19660,0
9031,-7.049999999999958,-9.449999999999992,23611,19660,0
9032,-7.399999999999963,-0.9999999999998721,20980,19660,0
9033,-5.999999999999943,4.000000000000199,32280,19660,0
9034,-7.1499999999999595,3.450000000000191,23069,19660,0
9035,-5.499999999999936,1.1000000000001577,36222,19660,0
9036,-6.749999999999954,-6.049999999999944,26079,19660,0
9037,-5.349999999999934,3.650000000000194,37473,19660,0
9038,-7.249999999999961,1.6000000000001648,22232,19660,0
9039,-6.549999999999951,2.600000000000179,27852,19660,0
9040,-5.5999999999999375,-4.449999999999921,35311,19660,0
9041,-6.949999999999957,-5.699999999999939,24486,19660,0
9042,-6.49999999999995,-1.54999999999988,28169,19660,0
9043,-7.4999999999999645,1.8000000000001677,20236,19660,0
9044,-7.299999999999962,-8.64999999999998,21627,19660,0
9045,-6.999999999999957,0.9000000000001549,24218,19660,0
9046,-7.099999999999959,-2.0999999999998877,23358,19660,0
9047,-5.04999999999993,-9.399999999999991,39612,19660,0
9048,-6.199999999999946,4.450000000000205,30689,19660,0
9049,-5.5999999999999375,-4.8999999999999275,35302,19660,0
9050,-6.299999999999947,-8.59999999999998,29628,19660,0
9051,-6.199999999999946,6.700000000000237,30734,19660,0
9052,-5.149999999999931,-8.949999999999985,38821,19660,0
9053,-5.449999999999935,5.200000000000216,36704,19660,0
9054,-6.999999999999957,0.8500000000001542,24217,19660,0
9055,-5.449999999999935,8.700000000000266,36774,19660,0
9056,-5.649999999999938,1.3500000000001613,35027,19660,0
9057,-5.849999999999941,-6.699999999999953,33266,19660,0
9058,-6.149999999999945,7.60000000000025,31152,19660,0
9059,-5.899999999999942,-8.449999999999978,32831,19660,0
9060,-6.149999999999945,4.500000000000206,31090,19660,0
9061,-6.349999999999948,-6.699999999999953,29266,19660,0
9062,-7.349999999999962,4.75000000000021,21495,19660,0
9063,-6.349999999999948,-4.449999999999921,29311,19660,0
9064,-5.549999999999937,9.800000000000281,35996,19660,0
9065,-6.899999999999956,3.9000000000001975,25078,19660,0
9066,-5.5999999999999375,-6.7999999999999545,35264,19660,0
9067,-6.649999999999952,9.900000000000283,27198,19660,0
9068,-6.199999999999946,-8.54999999999998,30429,19660,0
9069,-5.699999999999939,5.650000000000222,34713,19660,0
9070,-6.299999999999947,-6.399999999999949,29672,19660,0
9071,-5.499999999999936,0.3500000000001471,36207,19660,0
9072,-6.849999999999955,8.500000000000263,25570,19660,0
9073,-5.5999999999999375,-1.5999999999998806,35368,19660,0
9074,-5.9499999999999424,-5.499999999999936,32490,19660,0
9075,-6.399999999999949,2.9000000000001833,29058,19660,0
9076,-6.649999999999952,6.350000000000232,27127,19660,0
9077,-6.999999999999957,-7.949999999999971,24041,19660,0
9078,-6.4499999999999496,8.900000000000269,28778,19660,0
9079,-5.149999999999931,-5.74999999999994,38885,19660,0
9080,-7.4999999999999645,3.500000000000192,20270,19660,0
9081,-6.599999999999952,3.6000000000001933,27472,19660,0
9082,-5.199999999999932,-9.199999999999989,38416,19660,0
9083,-7.399999999999963,-1.3999999999998778,20972,19660,0
9084,-5.74999999999994,9.05000000000027,34381,19660,0
9085,-6.199999999999946,3.500000000000192,30670,19660,0
9086,-5.04999999999993,5.600000000000222,39912,19660,0
9087,-6.399999999999949,0.9500000000001556,29019,19660,0
9088,-6.149999999999945,1.6000000000001648,31032,19660,0
9089,-5.04999999999993,-3.799999999999912,39724,19660,0
9090,-7.249999999999961,-7.949999999999971,22041,19660,0
9091,-7.299999999999962,9.350000000000275,21987,19660,0
9092,-5.999999999999943,0.5000000000001492,32210,19660,0
9093,-5.449999999999935,-6.199999999999946,36476,19660,0
9094,-6.399999999999949,7.100000000000243,29142,19660,0
9095,-5.349999999999934,6.20000000000023,37524,19660,0
9096,-6.49999999999995,7.150000000000244,28343,19660,0
9097,-5.149999999999931,-8.399999999999977,38832,19660,0
9098,-5.449999999999935,-5.299999999999933,36494,19660,0
9099,-6.149999999999945,1.050000000000157,31021,19660,0
9100,-5.5999999999999375,7.650000000000251,35553,19660,0
9101,-5.849999999999941,-7.19999999999996,33256,19660,0
9102,-5.449999999999935,6.750000000000238,36735,19660,0
9103,-5.2499999999999325,6.000000000000227,38320,19660,0
9104,-6.199999999999946,-1.0499999999998728,30579,19660,0
9105,-6.749999999999954,-0.6499999999998671,26187,19660,0
9106,-7.099999999999959,5.250000000000217,23505,19660,0
9107,-7.1499999999999595,5.700000000000223,23114,19660,0
9108,-6.049999999999944,3.800000000000196,31876,19660,0
9109,-5.9499999999999424,-5.499999999999936,32490,19660,0
9110,-5.04999999999993,4.9500000000002125,39899,19660,0
9111,-5.649999999999938,7.350000000000247,35147,19660,0
9112,-7.099999999999959,2.0500000000001712,23441,19660,0
9113,-5.299999999999933,5.750000000000224,37915,19660,0
9114,-5.9499999999999424,-0.499999999999865,32590,19660,0
9115,-7.449999999999964,-0.84999999999987,20583,19660,0
9116,-7.249999999999961,-3.6499999999999098,22127,19660,0
9117,-6.099999999999945,-1.7999999999998835,31364,19660,0
9118,-7.19999999999996,9.950000000000284,22799,19660,0
9119,-6.399999999999949,-1.899999999999885,28962,19660,0
9120,-6.849999999999955,9.70000000000028,25594,19660,0
9121,-5.79999999999994,6.20000000000023,33924,19660,0
9122,-6.099999999999945,9.200000000000273,31584,19660,0
9123,-5.09999999999993,-5.299999999999933,39294,19660,0
9124,-5.9499999999999424,-7.8499999999999694,32443,19660,0
9125,-5.899999999999942,-4.34999999999992,32913,19660,0
9126,-6.249999999999947,-0.3999999999998636,30192,19660,0
9127,-5.5999999999999375,1.3500000000001613,35427,19660,0
9128,-6.899999999999956,-7.449999999999964,24851,19660,0
9129,-6.399999999999949,-7.249999999999961,28855,19660,0
9130,-6.649999999999952,1.3000000000001606,27026,19660,0
9131,-5.399999999999935,1.1000000000001577,37022,19660,0
9132,-7.4999999999999645,2.7000000000001805,20254,19660,0
9133,-5.399999999999935,7.350000000000247,37147,19660,0
9134,-5.79999999999994,2.7000000000001805,33854,19660,0
9135,-5.699999999999939,-5.649999999999938,34487,19660,0
9136,-6.249999999999947,4.700000000000209,30294,19660,0
9137,-5.549999999999937,-8.59999999999998,35628,19660,0
9138,-6.199999999999946,4.550000000000207,30691,19660,0
9139,-5.199999999999932,0.4500000000001485,38609,19660,0
9140,-5.299999999999933,-3.0499999999999012,37739,19660,0
9141,-5.999999999999943,-9.499999999999993,32010,19660,0
9142,-7.19999999999996,-5.849999999999941,22483,19660,0
9143,-6.349999999999948,3.9000000000001975,29478,19660,0
9144,-6.549999999999951,1.0000000000001563,27820,19660,0
9145,-6.849999999999955,0.4000000000001478,25408,19660,0
9146,-5.649999999999938,6.400000000000233,35128,19660,0
9147,-6.199999999999946,-5.899999999999942,30482,19660,0
9148,-5.9499999999999424,-6.49999999999995,32470,19660,0
9149,-6.49999999999995,2.0500000000001712,28241,19660,0
9150,-5.149999999999931,-1.54999999999988,38969,19660,0
9151,-7.099999999999959,-9.549999999999994,23209,19660,0
9152,-5.2499999999999325,8.400000000000261,38368,19660,0
9153,-7.099999999999959,-3.399999999999906,23332,19660,0
9154,-6.649999999999952,5.300000000000217,27106,19660,0
9155,-7.1499999999999595,-8.049999999999972,22839,19660,0
9156,-7.049999999999958,-4.699999999999925,23706,19660,0
9157,-7.299999999999962,3.2500000000001883,21865,19660,0
9158,-5.649999999999938,-2.0999999999998877,34958,19660,0
9159,-5.399999999999935,-4.449999999999921,36911,19660,0
9160,-5.699999999999939,7.750000000000252,34755,19660,0
9161,-5.199999999999932,-9.699999999999996,38406,19660,0
9162,-5.399999999999935,-8.64999999999998,36827,19660,0
9163,-5.649999999999938,-3.6999999999999105,34926,19660,0
9164,-6.049999999999944,9.950000000000284,31999,19660,0
9165,-6.649999999999952,1.1000000000001577,27022,19660,0
9166,-6.399999999999949,0.5000000000001492,29010,19660,0
9167,-7.399999999999963,6.1500000000002295,21123,19660,0
9168,-6.7999999999999545,8.000000000000256,25960,19660,0
9169,-7.249999999999961,-6.699999999999953,22066,19660,0
9170,-6.849999999999955,8.200000000000259,25564,19660,0
9171,-6.749999999999954,9.450000000000276,26389,19660,0
9172,-7.449999999999964,-8.249999999999975,20435,19660,0
9173,-5.79999999999994,6.90000000000024,33938,19660,0
9174,-5.649999999999938,2.800000000000182,35056,19660,0
9175,-6.049999999999944,6.400000000000233,31928,19660,0
9176,-5.9499999999999424,-1.3999999999998778,32572,19660,0
9177,-7.4999999999999645,3.9500000000001982,20279,19660,0
9178,-6.949999999999957,-3.749999999999911,24525,19660,0
9179,-5.449999999999935,-4.499999999999922,36510,19660,0
9180,-6.7999999999999545,-8.54999999999998,25629,19660,0
9181,-7.349999999999962,2.950000000000184,21459,19660,0
9182,-6.049999999999944,-0.6499999999998671,31787,19660,0
9183,-5.699999999999939,-3.1999999999999034,34536,19660,0
9184,-6.299999999999947,8.050000000000257,29961,19660,0
9185,-7.19999999999996,-5.74999999999994,22485,19660,0
9186,-6.7999999999999545,-8.049999999999972,25639,19660,0
9187,-5.2499999999999325,7.050000000000242,38341,19660,0
9188,-6.149999999999945,-6.649999999999952,30867,19660,0
9189,-5.449999999999935,-0.34999999999986287,36593,19660,0
9190,-6.599999999999952,-8.849999999999984,27223,19660,0
9191,-6.549999999999951,7.350000000000247,27947,19660,0
9192,-7.299999999999962,6.300000000000232,21926,19660,0
9193,-6.599999999999952,2.7000000000001805,27454,19660,0
9194,-6.599999999999952,-4.749999999999925,27305,19660,0
9195,-6.849999999999955,-0.19999999999986073,25396,19660,0
9196,-6.899999999999956,-1.1499999999998742,24977,19660,0
9197,-6.49999999999995,5.050000000000214,28301,19660,0
9198,-5.149999999999931,3.450000000000191,39069,19660,0
9199,-5.499999999999936,-7.89999999999997,36042,19660,0
9200,-7.1499999999999595,1.3000000000001606,23026,19660,0
9201,-5.549999999999937,8.450000000000262,35969,19660,0
9202,-6.49999999999995,-2.8499999999998984,28143,19660,0
9203,-6.849999999999955,-7.649999999999967,25247,19660,0
9204,-5.699999999999939,-4.599999999999923,34508,19660,0
9205,-6.699999999999953,-3.8999999999999133,26522,19660,0
9206,-6.099999999999945,5.750000000000224,31515,19660,0
9207,-7.349999999999962,5.600000000000222,21512,19660,0
9208,-5.149999999999931,-5.299999999999933,38894,19660,0
9209,-5.849999999999941,9.75000000000028,33595,19660,0
9210,-5.09999999999993,2.1500000000001727,39443,19660,0
9211,-6.349999999999948,8.000000000000256,29560,19660,0
9212,-5.699999999999939,-6.599999999999952,34468,19660,0
9213,-5.549999999999937,2.0500000000001712,35841,19660,0
9214,-6.149999999999945,2.250000000000174,31045,19660,0
9215,-6.149999999999945,1.0000000000001563,31020,19660,0
9216,-6.149999999999945,2.0500000000001712,31041,19660,0
9217,-7.349999999999962,8.35000000000026,21567,19660,0
9218,-5.999999999999943,3.500000000000192,32270,19660,0
9219,-7.299999999999962,7.000000000000242,21940,19660,0
9220,-5.399999999999935,-5.699999999999939,36886,19660,0
9221,-5.149999999999931,-4.299999999999919,38914,19660,0
9222,-6.549999999999951,-5.849999999999941,27683,19660,0
9223,-6.899999999999956,-4.249999999999918,24915,19660,0
9224,-6.549999999999951,1.0000000000001563,27820,19660,0
9225,-7.1499999999999595,0.05000000000014282,23001,19660,0
9226,-5.9499999999999424,-6.899999999999956,32462,19660,0
9227,-5.499999999999936,4.400000000000205,36288,19660,0
9228,-5.5999999999999375,4.80000000000021,35496,19660,0
9229,-5.549999999999937,-4.34999999999992,35713,19660,0
9230,-6.849999999999955,5.300000000000217,25506,19660,0
9231,-6.949999999999957,8.900000000000269,24778,19660,0
9232,-6.249999999999947,-7.1499999999999595,30057,19660,0
9233,-6.149999999999945,-5.399999999999935,30892,19660,0
9234,-7.399999999999963,-2.599999999999895,20948,19660,0
9235,-7.19999999999996,6.20000000000023,22724,19660,0
9236,-7.4999999999999645,-7.949999999999971,20041,19660,0
9237,-5.74999999999994,-1.899999999999885,34162,19660,0
9238,-7.349999999999962,-2.399999999999892,21352,19660,0
9239,-6.749999999999954,-8.749999999999982,26025,19660,0
9240,-5.849999999999941,-2.549999999999894,33349,19660,0
9241,-5.2499999999999325,-7.249999999999961,38055,19660,0
9242,-6.199999999999946,4.80000000000021,30696,19660,0
9243,-7.19999999999996,8.35000000000026,22767,19660,0
9244,-5.649999999999938,8.450000000000262,35169,19660,0
9245,-6.149999999999945,2.2000000000001734,31044,19660,0
9246,-7.049999999999958,8.700000000000266,23974,19660,0
9247,-5.449999999999935,-5.699999999999939,36486,19660,0
9248,-5.5999999999999375,7.650000000000251,35553,19660,0
9249,-5.849999999999941,0.20000000000014495,33404,19660,0
9250,-6.149999999999945,5.150000000000215,31103,19660,0
9251,-5.199999999999932,-3.449999999999907,38531,19660,0
9252,-5.79999999999994,-5.5999999999999375,33688,19660,0
9253,-5.649999999999938,-4.649999999999924,34907,19660,0
9254,-6.749999999999954,2.600000000000179,26252,19660,0
9255,-6.699999999999953,-0.14999999999986002,26597,19660,0
9256,-5.999999999999943,-8.449999999999978,32031,19660,0
9257,-5.149999999999931,-8.54999999999998,38829,19660,0
9258,-6.899999999999956,3.7000000000001947,25074,19660,0
9259,-6.149999999999945,6.550000000000235,31131,19660,0
9260,-6.399999999999949,-3.299999999999905,28934,19660,0
9261,-6.699999999999953,0.8000000000001535,26616,19660,0
9262,-5.449999999999935,-5.149999999999931,36497,19660,0
9263,-7.299999999999962,8.30000000000026,21966,19660,0
9264,-5.849999999999941,-6.899999999999956,33262,19660,0
9265,-6.749999999999954,-7.399999999999963,26052,19660,0
9266,-5.149999999999931,-0.6999999999998678,38986,19660,0
9267,-6.7999999999999545,-6.549999999999951,25669,19660,0
9268,-6.699999999999953,3.800000000000196,26676,19660,0
9269,-6.599999999999952,-6.049999999999944,27279,19660,0
9270,-6.699999999999953,-1.199999999999875,26576,19660,0
9271,-6.699999999999953,-5.349999999999934,26493,19660,0
9272,-5.5999999999999375,7.950000000000255,35559,19660,0
9273,-6.899999999999956,8.800000000000267,25176,19660,0
9274,-7.099999999999959,-2.2999999999998906,23354,19660,0
9275,-5.999999999999943,2.7000000000001805,32254,19660,0
9276,-5.299999999999933,-6.199999999999946,37676,19660,0
9277,-5.299999999999933,-0.7499999999998685,37785,19660,0
9278,-7.349999999999962,-8.199999999999974,21236,19660,0
9279,-7.4999999999999645,-8.699999999999982,20026,19660,0
9280,-7.099999999999959,-6.749999999999954,23265,19660,0
9281,-7.449999999999964,0.8000000000001535,20616,19660,0
9282,-5.79999999999994,2.3500000000001755,33847,19660,0
9283,-5.899999999999942,5.300000000000217,33106,19660,0
9284,-5.499999999999936,-7.1499999999999595,36057,19660,0
9285,-6.949999999999957,1.4210854715202004e-13,24600,19660,0
9286,-5.79999999999994,4.80000000000021,33896,19660,0
9287,-6.349999999999948,2.6500000000001798,29453,19660,0
9288,-7.449999999999964,5.050000000000214,20701,19660,0
9289,-5.09999999999993,5.250000000000217,39505,19660,0
9290,-5.349999999999934,-4.199999999999918,37316,19660,0
9291,-6.7999999999999545,-9.099999999999987,25618,19660,0
9292,-7.4999999999999645,-1.6499999999998813,20167,19660,0
9293,-6.249999999999947,0.4500000000001485,30209,19660,0
9294,-6.4499999999999496,-9.34999999999999,28413,19660,0
9295,-6.149999999999945,-7.1499999999999595,30857,19660,0
9296,-5.649999999999938,8.650000000000265,35173,19660,0
9297,-5.999999999999943,-1.6499999999998813,32167,19660,0
9298,-5.79999999999994,-5.79999999999994,33684,19660,0
9299,-5.299999999999933,-3.0499999999999012,37739,19660,0
9300,-6.899999999999956,7.650000000000251,25153,19660,0
9301,-6.399999999999949,7.200000000000244,29144,19660,0
9302,-5.699999999999939,-5.899999999999942,34482,19660,0
9303,-7.349999999999962,-3.6999999999999105,21326,19660,0
9304,-6.599999999999952,4.200000000000202,27484,19660,0
9305,-5.299999999999933,9.200000000000273,37984,19660,0
9306,-5.349999999999934,8.35000000000026,37567,19660,0
9307,-7.4999999999999645,-0.9999999999998721,20180,19660,0
9308,-7.299999999999962,3.450000000000191,21869,19660,0
9309,-5.79999999999994,3.150000000000187,33863,19660,0
9310,-7.4999999999999645,-0.14999999999986002,20197,19660,0
9311,-6.4499999999999496,-9.849999999999998,28403,19660,0
9312,-5.999999999999943,-4.799999999999926,32104,19660,0
9313,-6.399999999999949,1.400000000000162,29028,19660,0
9314,-5.74999999999994,-9.199999999999989,34016,19660,0
9315,-5.899999999999942,5.8000000000002245,33116,19660,0
9316,-5.5999999999999375,-0.5999999999998664,35388,19660,0
9317,-7.4999999999999645,5.50000000000022,20310,19660,0
9318,-6.399999999999949,2.400000000000176,29048,19660,0
9319,-5.999999999999943,9.350000000000275,32387,19660,0
9320,-5.5999999999999375,2.600000000000179,35452,19660,0
9321,-5.199999999999932,-5.199999999999932,38496,19660,0
9322,-7.099999999999959,8.35000000000026,23567,19660,0
9323,-5.999999999999943,7.950000000000255,32359,19660,0
9324,-7.1499999999999595,-3.599999999999909,22928,19660,0
9325,-5.549999999999937,-2.049999999999887,35759,19660,0
9326,-6.999999999999957,-4.799999999999926,24104,19660,0
9327,-6.699999999999953,-5.04999999999993,26499,19660,0
9328,-6.399999999999949,2.950000000000184,29059,19660,0
9329,-6.049999999999944,-6.999999999999957,31660,19660,0
9330,-7.4999999999999645,4.500000000000206,20290,19660,0
9331,-5.849999999999941,2.9000000000001833,33458,19660,0
9332,-5.79999999999994,7.050000000000242,33941,19660,0
9333,-5.9499999999999424,-9.799999999999997,32404,19660,0
9334,-7.19999999999996,-6.399999999999949,22472,19660,0
9335,-7.249999999999961,-6.199999999999946,22076,19660,0
9336,-6.099999999999945,-1.899999999999885,31362,19660,0
9337,-5.499999999999936,3.2500000000001883,36265,19660,0
9338,-6.549999999999951,-4.099999999999916,27718,19660,0
9339,-5.299999999999933,0.9500000000001556,37819,19660,0
9340,-5.349999999999934,2.800000000000182,37456,19660,0
9341,-5.449999999999935,-6.849999999999955,36463,19660,0
9342,-6.599999999999952,6.20000000000023,27524,19660,0
9343,-5.449999999999935,7.900000000000254,36758,19660,0
9344,-5.04999999999993,9.900000000000283,39998,19660,0
9345,-6.999999999999957,-8.199999999999974,24036,19660,0
9346,-5.299999999999933,-0.34999999999986287,37793,19660,0
9347,-6.549999999999951,-2.4999999999998934,27750,19660,0
9348,-7.4999999999999645,-9.449999999999992,20011,19660,0
9349,-6.099999999999945,5.750000000000224,31515,19660,0
9350,-6.49999999999995,-7.049999999999958,28059,19660,0
9351,-7.099999999999959,-7.649999999999967,23247,19660,0
9352,-7.099999999999959,5.50000000000022,23510,19660,0
9353,-7.099999999999959,6.650000000000237,23533,19660,0
9354,-7.4999999999999645,7.450000000000248,20349,19660,0
9355,-7.049999999999958,5.250000000000217,23905,19660,0
9356,-7.349999999999962,3.500000000000192,21470,19660,0
9357,-6.999999999999957,-7.099999999999959,24058,19660,0
9358,-6.749999999999954,0.5000000000001492,26210,19660,0
9359,-6.099999999999945,6.300000000000232,31526,19660,0
9360,-5.349999999999934,-0.6999999999998678,37386,19660,0
9361,-5.149999999999931,-4.749999999999925,38905,19660,0
9362,-6.149999999999945,-0.84999999999987,30983,19660,0
9363,-5.79999999999994,-6.699999999999953,33666,19660,0
9364,-6.299999999999947,-5.549999999999937,29689,19660,0
9365,-6.949999999999957,-8.64999999999998,24427,19660,0
9366,-5.9499999999999424,1.050000000000157,32621,19660,0
9367,-5.449999999999935,2.600000000000179,36652,19660,0
9368,-6.199999999999946,-7.649999999999967,30447,19660,0
9369,-5.5999999999999375,-9.34999999999999,35213,19660,0
9370,-7.399999999999963,6.600000000000236,21132,19660,0
9371,-6.049999999999944,4.0500000000002,31881,19660,0
9372,-5.149999999999931,-5.549999999999937,38889,19660,0
9373,-5.899999999999942,5.150000000000215,33103,19660,0
9374,-5.9499999999999424,6.8500000000002395,32737,19660,0
9375,-5.499999999999936,-2.599999999999895,36148,19660,0
9376,-6.699999999999953,9.400000000000276,26788,19660,0
9377,-5.399999999999935,1.4500000000001627,37029,19660,0
9378,-5.5999999999999375,1.4500000000001627,35429,19660,0
9379,-5.149999999999931,-0.09999999999985931,38998,19660,0
9380,-5.999999999999943,7.050000000000242,32341,19660,0
9381,-6.699999999999953,-3.9999999999999147,26520,19660,0
9382,-6.4499999999999496,-1.9999999999998863,28560,19660,0
9383,-6.49999999999995,-8.54999999999998,28029,19660,0
9384,-7.099999999999959,-0.9499999999998714,23381,19660,0
9385,-5.79999999999994,-5.449999999999935,33691,19660,0
9386,-6.599999999999952,-3.6999999999999105,27326,19660,0
9387,-6.7999999999999545,2.3500000000001755,25847,19660,0
9388,-5.399999999999935,-9.449999999999992,36811,19660,0
9389,-5.04999999999993,2.7000000000001805,39854,19660,0
9390,-5.9499999999999424,-9.649999999999995,32407,19660,0
9391,-5.2499999999999325,9.500000000000277,38390,19660,0
9392,-6.999999999999957,3.100000000000186,24262,19660,0
9393,-6.749999999999954,-9.699999999999996,26006,19660,0
9394,-5.399999999999935,-1.9499999999998856,36961,19660,0
9395,-5.699999999999939,9.350000000000275,34787,19660,0
9396,-6.899999999999956,5.45000000000022,25109,19660,0
9397,-5.199999999999932,-6.49999999999995,38470,19660,0
9398,-6.699999999999953,9.450000000000276,26789,19660,0
9399,-5.999999999999943,8.400000000000261,32368,19660,0
9400,-5.199999999999932,-1.5999999999998806,38568,19660,0
9401,-7.1499999999999595,-3.1499999999999027,22937,19660,0
9402,-5.899999999999942,4.550000000000207,33091,19660,0
9403,-5.549999999999937,-5.04999999999993,35699,19660,0
9404,-6.949999999999957,9.300000000000274,24786,19660,0
9405,-7.049999999999958,-8.699999999999982,23626,19660,0
9406,-7.049999999999958,0.30000000000014637,23806,19660,0
9407,-6.4499999999999496,-0.4499999999998643,28591,19660,0
9408,-7.1499999999999595,-5.449999999999935,22891,19660,0
9409,-6.899999999999956,5.950000000000227,25119,19660,0
9410,-5.9499999999999424,-7.1499999999999595,32457,19660,0
9411,-5.899999999999942,4.500000000000206,33090,19660,0
9412,-7.049999999999958,-4.199999999999918,23716,19660,0
9413,-7.399999999999963,7.900000000000254,21158,19660,0
9414,-5.349999999999934,5.050000000000214,37501,19660,0
9415,-5.349999999999934,-3.6499999999999098,37327,19660,0
9416,-7.399999999999963,-5.199999999999932,20896,19660,0
9417,-7.4999999999999645,-0.14999999999986002,20197,19660,0
9418,-5.9499999999999424,5.000000000000213,32700,19660,0
9419,-7.349999999999962,0.7000000000001521,21414,19660,0
9420,-6.849999999999955,2.600000000000179,25452,19660,0
9421,-5.5999999999999375,4.350000000000204,35487,19660,0
9422,-6.999999999999957,-1.199999999999875,24176,19660,0
9423,-5.74999999999994,-0.499999999999865,34190,19660,0
9424,-6.949999999999957,0.7500000000001528,24615,19660,0
9425,-5.899999999999942,-0.7999999999998693,32984,19660,0
9426,-5.699999999999939,2.250000000000174,34645,19660,0
9427,-6.599999999999952,4.550000000000207,27491,19660,0
9428,-5.399999999999935,-2.2999999999998906,36954,19660,0
9429,-5.9499999999999424,3.800000000000196,32676,19660,0
9430,-7.299999999999962,-4.299999999999919,21714,19660,0
9431,-6.099999999999945,-0.7999999999998693,31384,19660,0
9432,-6.149999999999945,6.600000000000236,31132,19660,0
9433,-7.099999999999959,-1.8499999999998842,23363,19660,0
9434,-5.149999999999931,-9.799999999999997,38804,19660,0
9435,-5.149999999999931,-4.099999999999916,38918,19660,0
9436,-5.849999999999941,2.9000000000001833,33458,19660,0
9437,-6.199999999999946,-4.34999999999992,30513,19660,0
9438,-6.249999999999947,8.450000000000262,30369,19660,0
9439,-5.149999999999931,-9.24999999999999,38815,19660,0
9440,-6.599999999999952,3.9500000000001982,27479,19660,0
9441,-6.949999999999957,-3.6999999999999105,24526,19660,0
9442,-6.599999999999952,-8.999999999999986,27220,19660,0
9443,-6.299999999999947,1.4500000000001627,29829,19660,0
9444,-6.4499999999999496,-4.5499999999999226,28509,19660,0
9445,-6.999999999999957,-8.149999999999974,24037,19660,0
9446,-5.199999999999932,2.5000000000001776,38650,19660,0
9447,-5.899999999999942,-7.749999999999968,32845,19660,0
9448,-6.299999999999947,3.300000000000189,29866,19660,0
9449,-5.899999999999942,5.400000000000219,33108,19660,0
9450,-6.699999999999953,-2.1499999999998884,26557,19660,0
9451,-6.999999999999957,-2.7999999999998977,24144,19660,0
9452,-7.349999999999962,-0.4499999999998643,21391,19660,0
9453,-7.299999999999962,-3.3499999999999055,21733,19660,0
9454,-5.2499999999999325,8.850000000000268,38377,19660,0
9455,-6.749999999999954,-3.599999999999909,26128,19660,0
9456,-5.649999999999938,-6.999999999999957,34860,19660,0
9457,-5.149999999999931,2.0500000000001712,39041,19660,0
9458,-6.899999999999956,-7.049999999999958,24859,19660,0
9459,-5.349999999999934,-3.5499999999999083,37329,19660,0
9460,-6.399999999999949,5.45000000000022,29109,19660,0
9461,-7.399999999999963,-2.899999999999899,20942,19660,0
9462,-5.649999999999938,3.450000000000191,35069,19660,0
9463,-5.899999999999942,4.200000000000202,33084,19660,0
9464,-6.549999999999951,8.400000000000261,27968,19660,0
9465,-6.4499999999999496,-8.249999999999975,28435,19660,0
9466,-5.549999999999937,-4.5499999999999226,35709,19660,0
9467,-6.699999999999953,9.900000000000283,26798,19660,0
9468,-5.549999999999937,-2.24999999999989,35755,19660,0
9469,-5.2499999999999325,0.8000000000001535,38216,19660,0
9470,-6.149999999999945,-1.54999999999988,30969,19660,0
9471,-7.4999999999999645,-4.099999999999916,20118,19660,0
9472,-5.499999999999936,-0.34999999999986287,36193,19660,0
9473,-6.949999999999957,-1.7499999999998828,24565,19660,0
9474,-6.699999999999953,-6.999999999999957,26460,19660,0
9475,-5.149999999999931,-4.849999999999927,38903,19660,0
9476,-5.849999999999941,2.400000000000176,33448,19660,0
9477,-5.9499999999999424,-8.449999999999978,32431,19660,0
9478,-7.049999999999958,4.500000000000206,23890,19660,0
9479,-5.2499999999999325,-9.099999999999987,38018,19660,0
9480,-6.299999999999947,3.800000000000196,29876,19660,0
9481,-6.999999999999957,-0.6499999999998671,24187,19660,0
9482,-5.5999999999999375,-0.24999999999986144,35395,19660,0
9483,-5.09999999999993,7.7000000000002515,39554,19660,0
9484,-6.649999999999952,-2.599999999999895,26948,19660,0
9485,-7.249999999999961,0.9000000000001549,22218,19660,0
9486,-6.999999999999957,-7.299999999999962,24054,19660,0
9487,-5.449999999999935,-1.199999999999875,36576,19660,0
9488,-5.2499999999999325,0.20000000000014495,38204,19660,0
9489,-6.749999999999954,3.500000000000192,26270,19660,0
9490,-6.249999999999947,5.600000000000222,30312,19660,0
9491,-5.09999999999993,-9.29999999999999,39214,19660,0
9492,-6.199999999999946,0.7000000000001521,30614,19660,0
9493,-5.549999999999937,3.0000000000001847,35860,19660,0
9494,-6.999999999999957,8.400000000000261,24368,19660,0
9495,-6.4499999999999496,1.750000000000167,28635,19660,0
9496,-5.74999999999994,2.1500000000001727,34243,19660,0
9497,-5.399999999999935,-1.2499999999998757,36975,19660,0
9498,-5.199999999999932,0.20000000000014495,38604,19660,0
9499,-5.74999999999994,-2.6999999999998963,34146,19660,0
9500,-6.549999999999951,-4.249999999999918,27715,19660,0
9501,-7.399999999999963,-6.299999999999947,20874,19660,0
9502,-5.299999999999933,1.9500000000001698,37839,19660,0
9503,-6.949999999999957,8.35000000000026,24767,19660,0
9504,-5.149999999999931,-5.349999999999934,38893,19660,0
9505,-7.299999999999962,7.250000000000245,21945,19660,0
9506,-6.849999999999955,5.650000000000222,25513,19660,0
9507,-6.199999999999946,0.25000000000014566,30605,19660,0
9508,-7.4999999999999645,6.650000000000237,20333,19660,0
9509,-5.199999999999932,9.200000000000273,38784,19660,0
9510,-7.4999999999999645,-7.19999999999996,20056,19660,0
9511,-6.899999999999956,-0.6499999999998671,24987,19660,0
9512,-7.349999999999962,-2.549999999999894,21349,19660,0
9513,-6.4499999999999496,2.9000000000001833,28658,19660,0
9514,-5.9499999999999424,-2.1499999999998884,32557,19660,0
9515,-6.49999999999995,-9.599999999999994,28008,19660,0
9516,-6.899999999999956,5.150000000000215,25103,19660,0
9517,-6.649999999999952,-1.0999999999998735,26978,19660,0
9518,-5.79999999999994,2.800000000000182,33856,19660,0
9519,-6.299999999999947,-7.19999999999996,29656,19660,0
9520,-7.099999999999959,-5.74999999999994,23285,19660,0
9521,-6.349999999999948,1.5500000000001641,29431,19660,0
9522,-5.9499999999999424,-2.749999999999897,32545,19660,0
9523,-6.949999999999957,-8.399999999999977,24432,19660,0
9524,-6.49999999999995,7.300000000000246,28346,19660,0
9525,-6.299999999999947,-3.249999999999904,29735,19660,0
9526,-5.09999999999993,3.300000000000189,39466,19660,0
9527,-7.1499999999999595,-8.049999999999972,22839,19660,0
9528,-7.099999999999959,1.8500000000001684,23437,19660,0
9529,-5.199999999999932,7.800000000000253,38756,19660,0
9530,-5.2499999999999325,8.150000000000258,38363,19660,0
9531,-5.649999999999938,9.500000000000277,35190,19660,0
9532,-5.349999999999934,-4.649999999999924,37307,19660,0
9533,-5.149999999999931,-0.6999999999998678,38986,19660,0
9534,-5.74999999999994,0.9500000000001556,34219,19660,0
9535,-5.849999999999941,8.95000000000027,33579,19660,0
9536,-5.74999999999994,-5.649999999999938,34087,19660,0
9537,-5.04999999999993,-8.499999999999979,39630,19660,0
9538,-6.199999999999946,-0.19999999999986073,30596,19660,0
9539,-5.04999999999993,8.000000000000256,39960,19660,0
9540,-5.79999999999994,3.6000000000001933,33872,19660,0
9541,-5.2499999999999325,-0.3999999999998636,38192,19660,0
9542,-6.649999999999952,4.75000000000021,27095,19660,0
9543,-5.399999999999935,7.650000000000251,37153,19660,0
9544,-6.049999999999944,4.000000000000199,31880,19660,0
9545,-6.4499999999999496,-5.549999999999937,28489,19660,0
9546,-6.549999999999951,-2.549999999999894,27749,19660,0
9547,-6.199999999999946,-7.649999999999967,30447,19660,0
9548,-6.299999999999947,8.850000000000268,29977,19660,0
9549,-6.199999999999946,3.850000000000197,30677,19660,0
9550,-7.399999999999963,3.3500000000001897,21067,19660,0
9551,-5.499999999999936,-3.1499999999999027,36137,19660,0
9552,-5.9499999999999424,5.850000000000225,32717,19660,0
9553,-6.399999999999949,-6.549999999999951,28869,19660,0
9554,-6.749999999999954,1.1500000000001585,26223,19660,0
9555,-7.049999999999958,6.650000000000237,23933,19660,0
9556,-6.149999999999945,-5.2499999999999325,30895,19660,0
9557,-5.199999999999932,-7.599999999999966,38448,19660,0
9558,-7.049999999999958,8.95000000000027,23979,19660,0
9559,-5.79999999999994,-4.799999999999926,33704,19660,0
9560,-5.79999999999994,6.350000000000232,33927,19660,0
9561,-5.04999999999993,-2.049999999999887,39759,19660,0
9562,-5.349999999999934,-1.7499999999998828,37365,19660,0
9563,-5.849999999999941,-2.1499999999998884,33357,19660,0
9564,-7.399999999999963,7.950000000000255,21159,19660,0
9565,-6.999999999999957,6.750000000000238,24335,19660,0
9566,-5.649999999999938,5.600000000000222,35112,19660,0
9567,-5.04999999999993,2.5000000000001776,39850,19660,0
9568,-7.099999999999959,-5.349999999999934,23293,19660,0
9569,-6.949999999999957,9.350000000000275,24787,19660,0
9570,-6.099999999999945,8.100000000000257,31562,19660,0
9571,-5.499999999999936,-3.6999999999999105,36126,19660,0
9572,-7.1499999999999595,5.550000000000221,23111,19660,0
9573,-5.74999999999994,-3.399999999999906,34132,19660,0
9574,-5.649999999999938,-3.949999999999914,34921,19660,0
9575,-6.4499999999999496,-4.649999999999924,28507,19660,0
9576,-7.4999999999999645,5.050000000000214,20301,19660,0
9577,-5.849999999999941,9.900000000000283,33598,19660,0
9578,-6.549999999999951,2.250000000000174,27845,19660,0
9579,-5.499999999999936,-6.49999999999995,36070,19660,0
9580,-5.9499999999999424,-4.999999999999929,32500,19660,0
9581,-5.899999999999942,-8.199999999999974,32836,19660,0
9582,-5.79999999999994,0.15000000000014424,33803,19660,0
9583,-5.699999999999939,-2.049999999999887,34559,19660,0
9584,-5.5999999999999375,5.950000000000227,35519,19660,0
9585,-6.999999999999957,3.0000000000001847,24260,19660,0
9586,-6.299999999999947,1.1500000000001585,29823,19660,0
9587,-7.449999999999964,-0.14999999999986002,20597,19660,0
9588,-6.349999999999948,2.400000000000176,29448,19660,0
9589,-6.549999999999951,6.1500000000002295,27923,19660,0
9590,-5.79999999999994,7.050000000000242,33941,19660,0
9591,-6.349999999999948,8.800000000000267,29576,19660,0
9592,-6.4499999999999496,3.850000000000197,28677,19660,0
9593,-7.1499999999999595,6.250000000000231,23125,19660,0
9594,-7.349999999999962,7.300000000000246,21546,19660,0
9595,-6.899999999999956,6.300000000000232,25126,19660,0
9596,-7.399999999999963,-6.099999999999945,20878,19660,0
9597,-5.79999999999994,0.3500000000001471,33807,19660,0
9598,-7.099999999999959,-7.949999999999971,23241,19660,0
9599,-7.399999999999963,8.000000000000256,21160,19660,0
9600,-5.899999999999942,1.0000000000001563,33020,19660,0
9601,-5.649999999999938,-9.699999999999996,34806,19660,0
9602,-6.199999999999946,1.2500000000001599,30625,19660,0
9603,-6.299999999999947,-7.099999999999959,29658,19660,0
9604,-7.399999999999963,4.400000000000205,21088,19660,0
9605,-7.19999999999996,9.450000000000276,22789,19660,0
9606,-6.599999999999952,0.30000000000014637,27406,19660,0
9607,-7.4999999999999645,-3.399999999999906,20132,19660,0
9608,-5.899999999999942,-3.8999999999999133,32922,19660,0
9609,-6.599999999999952,3.0500000000001855,27461,19660,0
9610,-5.04999999999993,-0.7999999999998693,39784,19660,0
9611,-6.649999999999952,-7.1499999999999595,26857,19660,0
9612,-7.349999999999962,2.300000000000175,21446,19660,0
9613,-6.49999999999995,-9.099999999999987,28018,19660,0
9614,-7.399999999999963,-9.849999999999998,20803,19660,0
9615,-5.449999999999935,-6.749999999999954,36465,19660,0
9616,-6.349999999999948,-6.4499999999999496,29271,19660,0
9617,-6.399999999999949,-9.499999999999993,28810,19660,0
9618,-7.249999999999961,0.25000000000014566,22205,19660,0
9619,-5.299999999999933,-5.2499999999999325,37695,19660,0
9620,-6.349999999999948,3.2000000000001876,29464,19660,0
9621,-7.299999999999962,5.700000000000223,21914,19660,0
9622,-6.249999999999947,8.900000000000269,30378,19660,0
9623,-7.4999999999999645,-2.199999999999889,20156,19660,0
9624,-7.299999999999962,-0.09999999999985931,21798,19660,0
9625,-6.299999999999947,0.5500000000001499,29811,19660,0
9626,-5.349999999999934,-4.199999999999918,37316,19660,0
9627,-5.04999999999993,-6.349999999999948,39673,19660,0
9628,-6.749999999999954,-5.2499999999999325,26095,19660,0
9629,-5.999999999999943,3.650000000000194,32273,19660,0
9630,-6.349999999999948,8.25000000000026,29565,19660,0
9631,-7.099999999999959,2.6500000000001798,23453,19660,0
9632,-5.849999999999941,-5.74999999999994,33285,19660,0
9633,-5.9499999999999424,-1.0499999999998728,32579,19660,0
9634,-6.949999999999957,-0.6999999999998678,24586,19660,0
9635,-5.399999999999935,8.000000000000256,37160,19660,0
9636,-7.4999999999999645,9.70000000000028,20394,19660,0
9637,-5.74999999999994,8.700000000000266,34374,19660,0
9638,-7.349999999999962,-8.099999999999973,21238,19660,0
9639,-7.1499999999999595,6.000000000000227,23120,19660,0
9640,-5.449999999999935,-3.6999999999999105,36526,19660,0
9641,-5.499999999999936,5.8000000000002245,36316,19660,0
9642,-7.099999999999959,3.5500000000001926,23471,19660,0
9643,-6.999999999999957,-6.399999999999949,24072,19660,0
9644,-6.599999999999952,5.300000000000217,27506,19660,0
9645,-7.249999999999961,6.650000000000237,22333,19660,0
9646,-5.849999999999941,8.150000000000258,33563,19660,0
9647,-7.099999999999959,-6.4499999999999496,23271,19660,0
9648,-5.549999999999937,9.250000000000274,35985,19660,0
9649,-7.449999999999964,2.2000000000001734,20644,19660,0
9650,-6.249999999999947,-5.849999999999941,30083,19660,0
9651,-7.1499999999999595,-6.49999999999995,22870,19660,0
9652,-5.399999999999935,-0.7499999999998685,36985,19660,0
9653,-5.549999999999937,0.5500000000001499,35811,19660,0
9654,-5.149999999999931,3.100000000000186,39062,19660,0
9655,-7.349999999999962,-0.7999999999998693,21384,19660,0
9656,-7.249999999999961,-1.349999999999877,22173,19660,0
9657,-5.149999999999931,-3.3499999999999055,38933,19660,0
9658,-5.499999999999936,-3.449999999999907,36131,19660,0
9659,-5.09999999999993,-5.09999999999993,39298,19660,0
9660,-5.899999999999942,2.5500000000001783,33051,19660,0
9661,-5.04999999999993,-5.449999999999935,39691,19660,0
9662,-6.949999999999957,1.6000000000001648,24632,19660,0
9663,-5.849999999999941,-1.3999999999998778,33372,19660,0
9664,-5.04999999999993,-5.149999999999931,39697,19660,0
9665,-6.549999999999951,7.300000000000246,27946,19660,0
9666,-6.49999999999995,9.500000000000277,28390,19660,0
9667,-7.4999999999999645,4.6000000000002075,20292,19660,0
9668,-5.09999999999993,7.450000000000248,39549,19660,0
9669,-6.899999999999956,-8.749999999999982,24825,19660,0
9670,-5.199999999999932,2.800000000000182,38656,19660,0
9671,-5.999999999999943,6.700000000000237,32334,19660,0
9672,-5.549999999999937,-2.3499999999998913,35753,19660,0
9673,-5.549999999999937,5.150000000000215,35903,19660,0
9674,-5.999999999999943,-0.0499999999998586,32199,19660,0
9675,-6.699999999999953,-8.849999999999984,26423,19660,0
9676,-6.399999999999949,-2.6999999999998963,28946,19660,0
9677,-7.049999999999958,-8.499999999999979,23630,19660,0
9678,-6.249999999999947,-0.9499999999998714,30181,19660,0
9679,-6.7999999999999545,1.4210854715202004e-13,25800,19660,0
9680,-6.49999999999995,-2.0999999999998877,28158,19660,0
9681,-5.899999999999942,4.2500000000002025,33085,19660,0
9682,-6.749999999999954,-2.24999999999989,26155,19660,0
9683,-5.5999999999999375,-3.8999999999999133,35322,19660,0
9684,-5.499999999999936,-8.799999999999983,36024,19660,0
9685,-5.449999999999935,-3.9999999999999147,36520,19660,0
9686,-5.5999999999999375,7.150000000000244,35543,19660,0
9687,-7.399999999999963,-9.499999999999993,20810,19660,0
9688,-7.099999999999959,-0.34999999999986287,23393,19660,0
9689,-5.199999999999932,-5.999999999999943,38480,19660,0
9690,-6.249999999999947,2.8500000000001826,30257,19660,0
9691,-7.349999999999962,-2.399999999999892,21352,19660,0
9692,-7.349999999999962,7.100000000000243,21542,19660,0
9693,-5.899999999999942,-2.549999999999894,32949,19660,0
9694,-5.349999999999934,7.900000000000254,37558,19660,0
9695,-6.749999999999954,-0.6499999999998671,26187,19660,0
9696,-5.549999999999937,-6.249999999999947,35675,19660,0
9697,-5.74999999999994,-5.899999999999942,34082,19660,0
9698,-6.999999999999957,-2.3499999999998913,24153,19660,0
9699,-5.2499999999999325,-8.099999999999973,38038,19660,0
9700,-5.849999999999941,7.350000000000247,33547,19660,0
9701,-7.249999999999961,-1.8499999999998842,22163,19660,0
9702,-7.449999999999964,-3.299999999999905,20534,19660,0
9703,-6.849999999999955,6.750000000000238,25535,19660,0
9704,-6.7999999999999545,-7.1499999999999595,25657,19660,0
9705,-7.299999999999962,-6.7999999999999545,21664,19660,0
9706,-5.699999999999939,3.9000000000001975,34678,19660,0
9707,-7.449999999999964,-5.449999999999935,20491,19660,0
9708,-6.999999999999957,-7.749999999999968,24045,19660,0
9709,-6.4499999999999496,5.300000000000217,28706,19660,0
9710,-6.749999999999954,1.2000000000001592,26224,19660,0
9711,-6.949999999999957,-1.349999999999877,24573,19660,0
9712,-6.999999999999957,-7.399999999999963,24052,19660,0
9713,-5.09999999999993,0.05000000000014282,39401,19660,0
9714,-7.249999999999961,-6.249999999999947,22075,19660,0
9715,-6.999999999999957,-6.199999999999946,24076,19660,0
9716,-6.599999999999952,8.500000000000263,27570,19660,0
9717,-5.199999999999932,5.100000000000215,38702,19660,0
9718,-5.849999999999941,6.650000000000237,33533,19660,0
9719,-5.9499999999999424,7.000000000000242,32740,19660,0
9720,-5.849999999999941,4.75000000000021,33495,19660,0
9721,-6.699999999999953,-5.499999999999936,26490,19660,0
9722,-5.699999999999939,2.100000000000172,34642,19660,0
9723,-7.1499999999999595,-1.2499999999998757,22975,19660,0
9724,-7.4999999999999645,5.400000000000219,20308,19660,0
9725,-6.4499999999999496,-6.149999999999945,28477,19660,0
9726,-5.899999999999942,-4.5499999999999226,32909,19660,0
9727,-5.5999999999999375,5.250000000000217,35505,19660,0
9728,-5.04999999999993,2.5500000000001783,39851,19660,0
9729,-5.09999999999993,6.550000000000235,39531,19660,0
9730,-5.699999999999939,-9.95,34401,19660,0
9731,-6.549999999999951,-1.899999999999885,27762,19660,0
9732,-6.549999999999951,-8.749999999999982,27625,19660,0
9733,-6.299999999999947,-3.749999999999911,29725,19660,0
9734,-5.449999999999935,-6.699999999999953,36466,19660,0
9735,-5.399999999999935,-2.6499999999998956,36947,19660,0
9736,-6.549999999999951,-3.599999999999909,27728,19660,0
9737,-7.249999999999961,0.6500000000001513,22213,19660,0
9738,-5.09999999999993,-9.849999999999998,39203,19660,0
9739,-5.699999999999939,1.4210854715202004e-13,34600,19660,0
9740,-6.7999999999999545,7.60000000000025,25952,19660,0
9741,-6.999999999999957,4.500000000000206,24290,19660,0
9742,-6.049999999999944,4.850000000000211,31897,19660,0
9743,-7.19999999999996,-7.949999999999971,22441,19660,0
9744,-5.899999999999942,-0.5499999999998657,32989,19660,0
9745,-5.999999999999943,3.2000000000001876,32264,19660,0
9746,-6.899999999999956,9.75000000000028,25195,19660,0
9747,-5.399999999999935,8.750000000000266,37175,19660,0
9748,-7.399999999999963,-8.54999999999998,20829,19660,0
9749,-5.2499999999999325,-5.699999999999939,38086,19660,0
9750,-5.549999999999937,6.550000000000235,35931,19660,0
9751,-5.349999999999934,-1.7999999999998835,37364,19660,0
9752,-6.299999999999947,-9.649999999999995,29607,19660,0
9753,-5.79999999999994,-6.649999999999952,33667,19660,0
9754,-6.149999999999945,8.700000000000266,31174,19660,0
9755,-5.449999999999935,-0.14999999999986002,36597,19660,0
9756,-6.999999999999957,-3.3499999999999055,24133,19660,0
9757,-6.599999999999952,2.450000000000177,27449,19660,0
9758,-6.699999999999953,-3.249999999999904,26535,19660,0
9759,-6.949999999999957,-2.7999999999998977,24544,19660,0
9760,-6.699999999999953,-5.149999999999931,26497,19660,0
9761,-7.049999999999958,0.8000000000001535,23816,19660,0
9762,-5.149999999999931,7.300000000000246,39146,19660,0
9763,-6.649999999999952,-8.799999999999983,26824,19660,0
9764,-6.299999999999947,-2.899999999999899,29742,19660,0
9765,-6.399999999999949,9.200000000000273,29184,19660,0
9766,-5.499999999999936,-3.0499999999999012,36139,19660,0
9767,-5.999999999999943,-6.949999999999957,32061,19660,0
9768,-5.09999999999993,-1.199999999999875,39376,19660,0
9769,-6.999999999999957,7.550000000000249,24351,19660,0
9770,-7.399999999999963,-6.849999999999955,20863,19660,0
9771,-7.449999999999964,3.7000000000001947,20674,19660,0
9772,-5.849999999999941,1.9500000000001698,33439,19660,0
9773,-6.349999999999948,2.950000000000184,29459,19660,0
9774,-6.249999999999947,-0.3999999999998636,30192,19660,0
9775,-7.19999999999996,-1.899999999999885,22562,19660,0
9776,-5.999999999999943,2.250000000000174,32245,19660,0
9777,-5.04999999999993,-5.2499999999999325,39695,19660,0
9778,-7.299999999999962,0.9500000000001556,21819,19660,0
9779,-5.449999999999935,-9.099999999999987,36418,19660,0
9780,-6.949999999999957,0.05000000000014282,24601,19660,0
9781,-6.899999999999956,-8.799999999999983,24824,19660,0
9782,-5.74999999999994,2.8500000000001826,34257,19660,0
9783,-6.149999999999945,8.450000000000262,31169,19660,0
9784,-5.79999999999994,-3.399999999999906,33732,19660,0
9785,-7.349999999999962,2.2000000000001734,21444,19660,0
9786,-5.649999999999938,-3.599999999999909,34928,19660,0
9787,-6.749999999999954,-4.299999999999919,26114,19660,0
9788,-6.199999999999946,8.000000000000256,30760,19660,0
9789,-7.249999999999961,-8.149999999999974,22037,19660,0
9790,-7.349999999999962,-4.949999999999928,21301,19660,0
9791,-6.249999999999947,4.400000000000205,30288,19660,0
9792,-5.499999999999936,9.00000000000027,36380,19660,0
9793,-5.149999999999931,-0.6499999999998671,38987,19660,0
9794,-6.749999999999954,-5.299999999999933,26094,19660,0
9795,-6.599999999999952,3.6000000000001933,27472,19660,0
9796,-5.999999999999943,-9.199999999999989,32016,19660,0
9797,-5.199999999999932,6.300000000000232,38726,19660,0
9798,-7.099999999999959,-0.09999999999985931,23398,19660,0
9799,-6.049999999999944,2.5500000000001783,31851,19660,0
9800,-5.499999999999936,1.1500000000001585,36223,19660,0
9801,-6.949999999999957,5.200000000000216,24704,19660,0
9802,-5.399999999999935,-6.649999999999952,36867,19660,0
9803,-5.399999999999935,-7.399999999999963,36852,19660,0
9804,-6.049999999999944,6.300000000000232,31926,19660,0
9805,-5.79999999999994,2.450000000000177,33849,19660,0
9806,-6.049999999999944,-5.649999999999938,31687,19660,0
9807,-7.19999999999996,-6.149999999999945,22477,19660,0
9808,-6.849999999999955,7.200000000000244,25544,19660,0
9809,-5.549999999999937,7.550000000000249,35951,19660,0
9810,-6.899999999999956,6.100000000000229,25122,19660,0
9811,-5.199999999999932,-9.799999999999997,38404,19660,0
9812,-7.299999999999962,-2.9999999999999005,21740,19660,0
9813,-5.199999999999932,-2.24999999999989,38555,19660,0
9814,-6.49999999999995,-3.449999999999907,28131,19660,0
9815,-5.5999999999999375,6.700000000000237,35534,19660,0
9816,-5.449999999999935,5.50000000000022,36710,19660,0
9817,-6.599999999999952,-5.299999999999933,27294,19660,0
9818,-6.549999999999951,-4.5499999999999226,27709,19660,0
9819,-7.249999999999961,-3.5499999999999083,22129,19660,0
9820,-5.349999999999934,6.90000000000024,37538,19660,0
9821,-5.449999999999935,-4.8999999999999275,36502,19660,0
9822,-5.399999999999935,-9.95,36801,19660,0
9823,-5.299999999999933,-9.599999999999994,37608,19660,0
9824,-7.299999999999962,7.7000000000002515,21954,19660,0
9825,-7.249999999999961,-2.4999999999998934,22150,19660,0
9826,-5.999999999999943,-1.4999999999998792,32170,19660,0
9827,-5.199999999999932,9.500000000000277,38790,19660,0
9828,-6.649999999999952,7.150000000000244,27143,19660,0
9829,-7.449999999999964,-4.39999999999992,20512,19660,0
9830,-6.199999999999946,-8.749999999999982,30425,19660,0
9831,-5.149999999999931,-0.84999999999987,38983,19660,0
9832,-6.699999999999953,-9.199999999999989,26416,19660,0
9833,-6.349999999999948,-7.19999999999996,29256,19660,0
9834,-5.649999999999938,1.1500000000001585,35023,19660,0
9835,-7.299999999999962,1.1000000000001577,21822,19660,0
9836,-5.74999999999994,-2.3499999999998913,34153,19660,0
9837,-7.249999999999961,-5.849999999999941,22083,19660,0
9838,-6.249999999999947,8.700000000000266,30374,19660,0
9839,-6.7999999999999545,-8.299999999999976,25634,19660,0
9840,-5.199999999999932,-9.849999999999998,38403,19660,0
9841,-7.299999999999962,-5.9499999999999424,21681,19660,0
9842,-5.449999999999935,-9.599999999999994,36408,19660,0
9843,-5.649999999999938,7.850000000000254,35157,19660,0
9844,-7.099999999999959,-6.999999999999957,23260,19660,0
9845,-7.349999999999962,-1.1499999999998742,21377,19660,0
9846,-6.299999999999947,3.5500000000001926,29871,19660,0
9847,-6.149999999999945,3.5500000000001926,31071,19660,0
9848,-6.149999999999945,-6.049999999999944,30879,19660,0
9849,-5.74999999999994,-7.749999999999968,34045,19660,0
9850,-5.499999999999936,3.300000000000189,36266,19660,0
9851,-6.949999999999957,-4.699999999999925,24506,19660,0
9852,-7.099999999999959,-2.6499999999998956,23347,19660,0
9853,-6.999999999999957,-7.999999999999972,24040,19660,0
9854,-6.599999999999952,3.5500000000001926,27471,19660,0
9855,-5.2499999999999325,7.7000000000002515,38354,19660,0
9856,-6.149999999999945,-1.7499999999998828,30965,19660,0
9857,-5.149999999999931,5.100000000000215,39102,19660,0
9858,-7.299999999999962,-4.999999999999929,21700,19660,0
9859,-7.049999999999958,-8.349999999999977,23633,19660,0
9860,-6.349999999999948,5.050000000000214,29501,19660,0
9861,-5.79999999999994,1.8000000000001677,33836,19660,0
9862,-6.149999999999945,2.1500000000001727,31043,19660,0
9863,-5.999999999999943,5.45000000000022,32309,19660,0
9864,-5.399999999999935,0.7000000000001521,37014,19660,0
9865,-6.899999999999956,-4.5499999999999226,24909,19660,0
9866,-5.299999999999933,3.7000000000001947,37874,19660,0
9867,-5.999999999999943,1.1000000000001577,32222,19660,0
9868,-5.5999999999999375,-4.449999999999921,35311,19660,0
9869,-5.349999999999934,-6.599999999999952,37268,19660,0
9870,-7.349999999999962,-0.7999999999998693,21384,19660,0
9871,-7.099999999999959,5.200000000000216,23504,19660,0
9872,-7.399999999999963,3.500000000000192,21070,19660,0
9873,-6.749999999999954,8.600000000000264,26372,19660,0
9874,-5.74999999999994,5.750000000000224,34315,19660,0
9875,-5.04999999999993,8.700000000000266,39974,19660,0
9876,-5.549999999999937,-3.5499999999999083,35729,19660,0
9877,-7.049999999999958,-2.0999999999998877,23758,19660,0
9878,-5.74999999999994,-9.499999999999993,34010,19660,0
9879,-6.4499999999999496,-8.449999999999978,28431,19660,0
9880,-7.19999999999996,-0.84999999999987,22583,19660,0
9881,-6.49999999999995,8.700000000000266,28374,19660,0
9882,-6.049999999999944,4.450000000000205,31889,19660,0
9883,-5.699999999999939,2.8500000000001826,34657,19660,0
9884,-7.399999999999963,-8.849999999999984,20823,19660,0
9885,-5.2499999999999325,-2.7999999999998977,38144,19660,0
9886,-6.749999999999954,9.200000000000273,26384,19660,0
9887,-7.099999999999959,-5.849999999999941,23283,19660,0
9888,-6.549999999999951,-2.4999999999998934,27750,19660,0
9889,-6.349999999999948,1.8000000000001677,29436,19660,0
9890,-7.1499999999999595,9.850000000000282,23197,19660,0
9891,-6.649999999999952,-8.249999999999975,26835,19660,0
9892,-6.849999999999955,-4.8999999999999275,25302,19660,0
9893,-5.549999999999937,5.600000000000222,35912,19660,0
9894,-5.5999999999999375,3.3500000000001897,35467,19660,0
9895,-5.2499999999999325,0.7500000000001528,38215,19660,0
9896,-6.649999999999952,-1.899999999999885,26962,19660,0
9897,-5.5999999999999375,3.4000000000001904,35468,19660,0
9898,-5.5999999999999375,-1.7499999999998828,35365,19660,0
9899,-7.299999999999962,4.900000000000212,21898,19660,0
9900,-6.899999999999956,-6.549999999999951,24869,19660,0
9901,-6.999999999999957,9.00000000000027,24380,19660,0
9902,-6.999999999999957,2.100000000000172,24242,19660,0
9903,-5.2499999999999325,-6.849999999999955,38063,19660,0
9904,-7.299999999999962,2.3500000000001755,21847,19660,0
9905,-5.09999999999993,1.4210854715202004e-13,39400,19660,0
9906,-7.19999999999996,3.0000000000001847,22660,19660,0
9907,-7.449999999999964,3.5500000000001926,20671,19660,0
9908,-7.049999999999958,-0.9499999999998714,23781,19660,0
9909,-6.849999999999955,8.650000000000265,25573,19660,0
9910,-6.099999999999945,-7.19999999999996,31256,19660,0
9911,-7.049999999999958,6.600000000000236,23932,19660,0
9912,-6.749999999999954,2.6500000000001798,26253,19660,0
9913,-7.049999999999958,-6.099999999999945,23678,19660,0
9914,-6.949999999999957,-5.2499999999999325,24495,19660,0
9915,-5.09999999999993,6.800000000000239,39536,19660,0
9916,-5.299999999999933,-8.699999999999982,37626,19660,0
9917,-6.699999999999953,9.550000000000278,26791,19660,0
9918,-6.899999999999956,5.550000000000221,25111,19660,0
9919,-6.7999999999999545,9.900000000000283,25998,19660,0
9920,-6.049999999999944,4.200000000000202,31884,19660,0
9921,-5.04999999999993,0.9000000000001549,39818,19660,0
9922,-5.399999999999935,-1.8499999999998842,36963,19660,0
9923,-7.299999999999962,4.450000000000205,21889,19660,0
9924,-6.299999999999947,6.050000000000228,29921,19660,0
9925,-7.4999999999999645,-5.849999999999941,20083,19660,0
9926,-5.5999999999999375,8.35000000000026,35567,19660,0
9927,-6.7999999999999545,8.700000000000266,25974,19660,0
9928,-6.299999999999947,5.100000000000215,29902,19660,0
9929,-6.199999999999946,8.900000000000269,30778,19660,0
9930,-6.399999999999949,6.050000000000228,29121,19660,0
9931,-6.299999999999947,-8.749999999999982,29625,19660,0
9932,-7.399999999999963,3.0000000000001847,21060,19660,0
9933,-5.999999999999943,1.900000000000169,32238,19660,0
9934,-5.149999999999931,7.000000000000242,39140,19660,0
9935,-5.349999999999934,-2.7999999999998977,37344,19660,0
9936,-6.399999999999949,6.050000000000228,29121,19660,0
9937,-6.249999999999947,-7.099999999999959,30058,19660,0
9938,-6.099999999999945,5.8000000000002245,31516,19660,0
9939,-6.4499999999999496,0.15000000000014424,28603,19660,0
9940,-6.4499999999999496,-6.899999999999956,28462,19660,0
9941,-6.649999999999952,-9.499999999999993,26810,19660,0
9942,-5.999999999999943,-7.4999999999999645,32050,19660,0
9943,-5.5999999999999375,-3.249999999999904,35335,19660,0
9944,-6.699999999999953,-3.299999999999905,26534,19660,0
9945,-6.7999999999999545,-0.0499999999998586,25799,19660,0
9946,-5.09999999999993,-0.84999999999987,39383,19660,0
9947,-6.999999999999957,-2.0999999999998877,24158,19660,0
9948,-7.4999999999999645,6.600000000000236,20332,19660,0
9949,-5.549999999999937,-8.799999999999983,35624,19660,0
9950,-6.149999999999945,2.5500000000001783,31051,19660,0
9951,-5.09999999999993,5.45000000000022,39509,19660,0
9952,-5.899999999999942,3.450000000000191,33069,19660,0
9953,-7.449999999999964,-8.64999999999998,20427,19660,0
9954,-5.649999999999938,9.250000000000274,35185,19660,0
9955,-6.349999999999948,6.650000000000237,29533,19660,0
9956,-5.649999999999938,-0.6999999999998678,34986,19660,0
9957,-6.949999999999957,5.200000000000216,24704,19660,0
9958,-5.849999999999941,-5.649999999999938,33287,19660,0
9959,-6.899999999999956,1.6500000000001656,25033,19660,0
9960,-6.349999999999948,-8.849999999999984,29223,19660,0
9961,-6.4499999999999496,-0.6499999999998671,28587,19660,0
9962,-5.899999999999942,-4.199999999999918,32916,19660,0
9963,-5.2499999999999325,6.300000000000232,38326,19660,0
9964,-5.349999999999934,-2.0999999999998877,37358,19660,0
9965,-6.549999999999951,2.6500000000001798,27853,19660,0
9966,-5.9499999999999424,-8.64999999999998,32427,19660,0
9967,-7.249999999999961,0.25000000000014566,22205,19660,0
9968,-6.349999999999948,-9.95,29201,19660,0
9969,-7.4999999999999645,-8.099999999999973,20038,19660,0
9970,-5.699999999999939,-3.099999999999902,34538,19660,0
9971,-6.849999999999955,5.250000000000217,25505,19660,0
9972,-6.999999999999957,-2.4999999999998934,24150,19660,0
9973,-6.199999999999946,-8.749999999999982,30425,19660,0
9974,-5.5999999999999375,4.650000000000208,35493,19660,0
9975,-5.74999999999994,-9.599999999999994,34008,19660,0
9976,-5.9499999999999424,8.550000000000264,32771,19660,0
9977,-6.549999999999951,0.6000000000001506,27812,19660,0
9978,-6.849999999999955,-3.6499999999999098,25327,19660,0
9979,-5.999999999999943,6.1500000000002295,32323,19660,0
9980,-5.499999999999936,2.750000000000181,36255,19660,0
9981,-7.19999999999996,2.7000000000001805,22654,19660,0
9982,-6.899999999999956,-2.899999999999899,24942,19660,0
9983,-5.399999999999935,4.650000000000208,37093,19660,0
9984,-5.79999999999994,-2.6499999999998956,33747,19660,0
9985,-5.999999999999943,1.750000000000167,32235,19660,0
9986,-6.549999999999951,-6.399999999999949,27672,19660,0
9987,-7.299999999999962,-4.0499999999999154,21719,19660,0
9988,-6.599999999999952,4.400000000000205,27488,19660,0
9989,-6.7999999999999545,0.5000000000001492,25810,19660,0
9990,-5.9499999999999424,-6.299999999999947,32474,19660,0
9991,-6.099999999999945,-9.24999999999999,31215,19660,0
9992,-5.999999999999943,3.850000000000197,32277,19660,0
9993,-5.04999999999993,-2.1499999999998884,39757,19660,0
9994,-5.399999999999935,9.150000000000272,37183,19660,0
9995,-6.749999999999954,5.850000000000225,26317,19660,0
9996,-5.09999999999993,3.3500000000001897,39467,19660,0
9997,-5.899999999999942,-3.1499999999999027,32937,19660,0
9998,-5.199999999999932,0.9500000000001556,38619,19660,0
9999,-5.2499999999999325,-0.5499999999998657,38189,19660,0
10000,-5.04999999999993,4.700000000000209,39894,19660,0
10001,-5.199999999999932,-3.5499999999999083,38529,19660,0
10002,-5.349999999999934,-4.34999999999992,37313,19660,0
10003,-6.849999999999955,0.6000000000001506,25412,19660,0
10004,-7.449999999999964,-2.24999999999989,20555,19660,0
10005,-5.9499999999999424,-6.399999999999949,32472,19660,0
10006,-5.999999999999943,1.3000000000001606,32226,19660,0
10007,-6.099999999999945,4.900000000000212,31498,19660,0
10008,-7.1499999999999595,-8.64999999999998,22827,19660,0
10009,-5.849999999999941,-0.7999999999998693,33384,19660,0
10010,-5.5999999999999375,7.800000000000253,35556,19660,0
10011,-7.299999999999962,9.75000000000028,21995,19660,0
10012,-6.899999999999956,9.350000000000275,25187,19660,0
10013,-5.349999999999934,3.650000000000194,37473,19660,0
10014,-6.849999999999955,-2.2999999999998906,25354,19660,0
10015,-5.09999999999993,-4.949999999999928,39301,19660,0
10016,-7.349999999999962,7.400000000000247,21548,19660,0
10017,-7.099999999999959,-5.149999999999931,23297,19660,0
10018,-6.199999999999946,5.600000000000222,30712,19660,0
10019,-7.299999999999962,-5.09999999999993,21698,19660,0
10020,-5.649999999999938,-3.6499999999999098,34927,19660,0
10021,-6.949999999999957,4.350000000000204,24687,19660,0
10022,-6.599999999999952,-5.2499999999999325,27295,19660,0
10023,-5.549999999999937,-9.95,35601,19660,0
10024,-6.399999999999949,-6.399999999999949,28872,19660,0
10025,-6.099999999999945,8.400000000000261,31568,19660,0
10026,-5.04999999999993,-6.399999999999949,39672,19660,0
10027,-6.749999999999954,-7.8499999999999694,26043,19660,0
10028,-7.1499999999999595,3.3500000000001897,23067,19660,0
10029,-6.849999999999955,-2.0999999999998877,25358,19660,0
10030,-6.7999999999999545,2.7000000000001805,25854,19660,0
10031,-5.449999999999935,-1.54999999999988,36569,19660,0
10032,-7.4999999999999645,-8.59999999999998,20028,19660,0
10033,-5.999999999999943,-1.1499999999998742,32177,19660,0
10034,-5.74999999999994,-8.59999999999998,34028,19660,0
10035,-6.199999999999946,-8.54999999999998,30429,19660,0
10036,-5.199999999999932,-7.349999999999962,38453,19660,0
10037,-5.04999999999993,-2.6999999999998963,39746,19660,0
10038,-6.249999999999947,8.450000000000262,30369,19660,0
10039,-6.199999999999946,-6.49999999999995,30470,19660,0
10040,-6.949999999999957,4.500000000000206,24690,19660,0
10041,-6.899999999999956,2.9000000000001833,25058,19660,0
10042,-5.5999999999999375,0.6000000000001506,35412,19660,0
10043,-7.449999999999964,1.5500000000001641,20631,19660,0
10044,-5.699999999999939,-1.0999999999998735,34578,19660,0
10045,-6.099999999999945,5.45000000000022,31509,19660,0
10046,-6.099999999999945,1.4500000000001627,31429,19660,0
10047,-6.099999999999945,5.850000000000225,31517,19660,0
10048,-6.599999999999952,-6.149999999999945,27277,19660,0
10049,-5.549999999999937,8.600000000000264,35972,19660,0
10050,-6.299999999999947,-1.349999999999877,29773,19660,0
10051,-6.549999999999951,-2.4499999999998927,27751,19660,0
10052,-6.049999999999944,6.5000000000002345,31930,19660,0
10053,-6.599999999999952,-9.749999999999996,27205,19660,0
10054,-5.349999999999934,4.000000000000199,37480,19660,0
10055,-5.549999999999937,-9.099999999999987,35618,19660,0
10056,-5.149999999999931,2.2000000000001734,39044,19660,0
10057,-7.049999999999958,-4.699999999999925,23706,19660,0
10058,-7.4999999999999645,-1.5999999999998806,20168,19660,0
10059,-5.849999999999941,-1.9499999999998856,33361,19660,0
10060,-6.4499999999999496,-5.349999999999934,28493,19660,0
10061,-6.7999999999999545,9.900000000000283,25998,19660,0
10062,-7.099999999999959,3.7500000000001954,23475,19660,0
10063,-6.549999999999951,3.500000000000192,27870,19660,0
10064,-5.849999999999941,9.500000000000277,33590,19660,0
10065,-5.149999999999931,3.300000000000189,39066,19660,0
10066,-6.349999999999948,-6.099999999999945,29278,19660,0
10067,-6.999999999999957,4.9500000000002125,24299,19660,0
10068,-5.299999999999933,3.6000000000001933,37872,19660,0
10069,-7.099999999999959,-4.0499999999999154,23319,19660,0
10070,-5.549999999999937,5.150000000000215,35903,19660,0
10071,-7.4999999999999645,-2.4499999999998927,20151,19660,0
10072,-7.349999999999962,-9.649999999999995,21207,19660,0
10073,-5.349999999999934,8.750000000000266,37575,19660,0
10074,-5.499999999999936,-8.54999999999998,36029,19660,0
10075,-6.349999999999948,-7.699999999999967,29246,19660,0
10076,-6.349999999999948,9.150000000000272,29583,19660,0
10077,-5.09999999999993,5.000000000000213,39500,19660,0
10078,-5.449999999999935,-5.79999999999994,36484,19660,0
10079,-6.749999999999954,2.0000000000001705,26240,19660,0
10080,-6.249999999999947,4.2500000000002025,30285,19660,0
10081,-5.899999999999942,-2.7999999999998977,32944,19660,0
10082,-5.849999999999941,3.3500000000001897,33467,19660,0
10083,-6.349999999999948,8.750000000000266,29575,19660,0
10084,-6.49999999999995,-4.249999999999918,28115,19660,0
10085,-6.249999999999947,-5.79999999999994,30084,19660,0
10086,-7.4999999999999645,-1.9999999999998863,20160,19660,0
10087,-6.299999999999947,-7.8499999999999694,29643,19660,0
10088,-5.79999999999994,-2.549999999999894,33749,19660,0
10089,-6.549999999999951,1.7000000000001663,27834,19660,0
10090,-5.5999999999999375,8.450000000000262,35569,19660,0
10091,-7.1499999999999595,-9.499999999999993,22810,19660,0
10092,-7.19999999999996,5.950000000000227,22719,19660,0
10093,-5.649999999999938,-9.599999999999994,34808,19660,0
10094,-5.499999999999936,-8.349999999999977,36033,19660,0
10095,-5.9499999999999424,3.300000000000189,32666,19660,0
10096,-5.449999999999935,-1.3999999999998778,36572,19660,0
10097,-5.9499999999999424,-2.749999999999897,32545,19660,0
10098,-5.999999999999943,-9.549999999999994,32009,19660,0
10099,-7.4999999999999645,6.950000000000241,20339,19660,0
10100,-5.5999999999999375,0.5000000000001492,35410,19660,0
10101,-5.5999999999999375,-7.249999999999961,35255,19660,0
10102,-5.149999999999931,6.000000000000227,39120,19660,0
10103,-7.249999999999961,-5.2499999999999325,22095,19660,0
10104,-6.549999999999951,-9.099999999999987,27618,19660,0
10105,-6.999999999999957,-2.9499999999999,24141,19660,0
10106,-5.2499999999999325,4.400000000000205,38288,19660,0
10107,-7.19999999999996,3.800000000000196,22676,19660,0
10108,-5.5999999999999375,-6.7999999999999545,35264,19660,0
10109,-7.099999999999959,-0.14999999999986002,23397,19660,0
10110,-5.899999999999942,-1.1499999999998742,32977,19660,0
10111,-5.349999999999934,5.150000000000215,37503,19660,0
10112,-5.79999999999994,3.6000000000001933,33872,19660,0
10113,-5.5999999999999375,3.300000000000189,35466,19660,0
10114,-7.449999999999964,-1.349999999999877,20573,19660,0
10115,-5.299999999999933,5.100000000000215,37902,19660,0
10116,-6.299999999999947,8.550000000000264,29971,19660,0
10117,-6.199999999999946,-0.7999999999998693,30584,19660,0
10118,-6.399999999999949,4.700000000000209,29094,19660,0
10119,-5.549999999999937,0.25000000000014566,35805,19660,0
10120,-5.449999999999935,-5.449999999999935,36491,19660,0
10121,-6.249999999999947,-8.299999999999976,30034,19660,0
10122,-6.299999999999947,-3.799999999999912,29724,19660,0
10123,-5.399999999999935,2.400000000000176,37048,19660,0
10124,-5.149999999999931,-9.699999999999996,38806,19660,0
10125,-7.049999999999958,8.650000000000265,23973,19660,0
10126,-7.249999999999961,-1.9499999999998856,22161,19660,0
10127,-7.049999999999958,-0.5999999999998664,23788,19660,0
10128,-6.849999999999955,4.400000000000205,25488,19660,0
10129,-6.599999999999952,8.800000000000267,27576,19660,0
10130,-6.549999999999951,-5.999999999999943,27680,19660,0
10131,-5.849999999999941,1.050000000000157,33421,19660,0
10132,-5.09999999999993,-0.6999999999998678,39386,19660,0
10133,-6.299999999999947,0.15000000000014424,29803,19660,0
10134,-6.299999999999947,6.000000000000227,29920,19660,0
10135,-5.549999999999937,-6.49999999999995,35670,19660,0
10136,-5.899999999999942,-0.84999999999987,32983,19660,0
10137,-6.599999999999952,-6.699999999999953,27266,19660,0
10138,-7.349999999999962,-2.0999999999998877,21358,19660,0
10139,-5.9499999999999424,2.100000000000172,32642,19660,0
10140,-5.9499999999999424,6.300000000000232,32726,19660,0
10141,-6.349999999999948,-8.349999999999977,29233,19660,0
10142,-6.299999999999947,-9.449999999999992,29611,19660,0
10143,-5.79999999999994,3.0000000000001847,33860,19660,0
10144,-5.149999999999931,8.550000000000264,39171,19660,0
10145,-6.149999999999945,6.800000000000239,31136,19660,0
10146,-6.4499999999999496,3.150000000000187,28663,19660,0
10147,-7.399999999999963,-1.0499999999998728,20979,19660,0
10148,-7.049999999999958,-5.79999999999994,23684,19660,0
10149,-7.099999999999959,0.05000000000014282,23401,19660,0
10150,-6.049999999999944,-6.899999999999956,31662,19660,0
10151,-6.649999999999952,-1.3999999999998778,26972,19660,0
10152,-5.2499999999999325,4.350000000000204,38287,19660,0
10153,-5.449999999999935,9.200000000000273,36784,19660,0
10154,-7.1499999999999595,-6.299999999999947,22874,19660,0
10155,-6.299999999999947,-1.8499999999998842,29763,19660,0
10156,-6.149999999999945,-8.54999999999998,30829,19660,0
10157,-6.349999999999948,3.9000000000001975,29478,19660,0
10158,-6.399999999999949,-9.799999999999997,28804,19660,0
10159,-7.099999999999959,4.550000000000207,23491,19660,0
10160,-5.349999999999934,-1.899999999999885,37362,19660,0
10161,-6.399999999999949,-2.6999999999998963,28946,19660,0
10162,-7.449999999999964,1.6500000000001656,20633,19660,0
10163,-5.999999999999943,3.2500000000001883,32265,19660,0
10164,-6.649999999999952,1.2500000000001599,27025,19660,0
10165,-6.299999999999947,4.850000000000211,29897,19660,0
10166,-7.4999999999999645,-0.29999999999986215,20194,19660,0
10167,-5.79999999999994,-0.499999999999865,33790,19660,0
10168,-6.249999999999947,8.35000000000026,30367,19660,0
10169,-6.4499999999999496,-0.499999999999865,28590,19660,0
10170,-5.79999999999994,-8.349999999999977,33633,19660,0
10171,-5.149999999999931,-2.8499999999998984,38943,19660,0
10172,-5.499999999999936,0.30000000000014637,36206,19660,0
10173,-6.149999999999945,0.20000000000014495,31004,19660,0
10174,-5.349999999999934,2.250000000000174,37445,19660,0
10175,-6.349999999999948,-8.999999999999986,29220,19660,0
10176,-7.449999999999964,6.700000000000237,20734,19660,0
10177,-5.349999999999934,1.050000000000157,37421,19660,0
10178,-6.199999999999946,-8.399999999999977,30432,19660,0
10179,-6.149999999999945,-7.099999999999959,30858,19660,0
10180,-5.299999999999933,-6.549999999999951,37669,19660,0
10181,-7.049999999999958,-1.1499999999998742,23777,19660,0
10182,-5.449999999999935,5.000000000000213,36700,19660,0
10183,-6.999999999999957,6.400000000000233,24328,19660,0
10184,-6.749999999999954,-1.54999999999988,26169,19660,0
10185,-5.399999999999935,7.800000000000253,37156,19660,0
10186,-5.299999999999933,-4.799999999999926,37704,19660,0
10187,-5.849999999999941,-2.6999999999998963,33346,19660,0
10188,-7.449999999999964,9.75000000000028,20795,19660,0
10189,-6.699999999999953,-4.199999999999918,26516,19660,0
10190,-6.399999999999949,-7.249999999999961,28855,19660,0
10191,-5.79999999999994,-1.1499999999998742,33777,19660,0
10192,-6.649999999999952,9.450000000000276,27189,19660,0
10193,-5.09999999999993,-3.5499999999999083,39329,19660,0
10194,-7.049999999999958,-1.199999999999875,23776,19660,0
10195,-5.399999999999935,-2.899999999999899,36942,19660,0
10196,-5.449999999999935,1.6000000000001648,36632,19660,0
10197,-6.849999999999955,5.550000000000221,25511,19660,0
10198,-5.449999999999935,0.20000000000014495,36604,19660,0
10199,-5.79999999999994,-4.849999999999927,33703,19660,0
10200,-6.649999999999952,7.250000000000245,27145,19660,0
10201,-5.79999999999994,-2.6499999999998956,33747,19660,0
10202,-5.849999999999941,6.550000000000235,33531,19660,0
10203,-6.699999999999953,5.150000000000215,26703,19660,0
10204,-6.7999999999999545,7.200000000000244,25944,19660,0
10205,-5.349999999999934,6.000000000000227,37520,19660,0
10206,-5.499999999999936,-6.099999999999945,36078,19660,0
10207,-5.349999999999934,7.900000000000254,37558,19660,0
10208,-6.949999999999957,-1.3999999999998778,24572,19660,0
10209,-7.4999999999999645,6.8500000000002395,20337,19660,0
10210,-6.249999999999947,-8.499999999999979,30030,19660,0
10211,-5.699999999999939,9.900000000000283,34798,19660,0
10212,-6.949999999999957,-6.949999999999957,24461,19660,0
10213,-7.399999999999963,3.650000000000194,21073,19660,0
10214,-5.04999999999993,-4.499999999999922,39710,19660,0
10215,-6.249999999999947,-6.249999999999947,30075,19660,0
10216,-5.149999999999931,5.750000000000224,39115,19660,0
10217,-6.399999999999949,-6.699999999999953,28866,19660,0
10218,-5.5999999999999375,-6.149999999999945,35277,19660,0
10219,-5.399999999999935,3.650000000000194,37073,19660,0
10220,-6.049999999999944,8.800000000000267,31976,19660,0
10221,-5.499999999999936,-2.3499999999998913,36153,19660,0
10222,-6.999999999999957,-5.09999999999993,24098,19660,0
10223,-6.249999999999947,-0.29999999999986215,30194,19660,0
10224,-5.2499999999999325,-9.29999999999999,38014,19660,0
10225,-7.299999999999962,5.050000000000214,21901,19660,0
10226,-5.549999999999937,8.400000000000261,35968,19660,0
10227,-6.7999999999999545,4.500000000000206,25890,19660,0
10228,-6.599999999999952,1.750000000000167,27435,19660,0
10229,-6.7999999999999545,4.000000000000199,25880,19660,0
10230,-5.9499999999999424,-7.249999999999961,32455,19660,0
10231,-6.699999999999953,-2.549999999999894,26549,19660,0
10232,-5.09999999999993,-0.5499999999998657,39389,19660,0
10233,-7.099999999999959,-6.749999999999954,23265,19660,0
10234,-6.199999999999946,-5.449999999999935,30491,19660,0
10235,-7.249999999999961,-4.449999999999921,22111,19660,0
10236,-7.349999999999962,9.800000000000281,21596,19660,0
10237,-5.74999999999994,-7.4999999999999645,34050,19660,0
10238,-7.099999999999959,-1.2999999999998764,23374,19660,0
10239,-7.349999999999962,9.950000000000284,21599,19660,0
10240,-6.999999999999957,-3.399999999999906,24132,19660,0
10241,-6.199999999999946,9.70000000000028,30794,19660,0
10242,-5.399999999999935,-7.8499999999999694,36843,19660,0
10243,-5.09999999999993,-8.54999999999998,39229,19660,0
10244,-5.999999999999943,-6.149999999999945,32077,19660,0
10245,-7.1499999999999595,-0.24999999999986144,22995,19660,0
10246,-6.249999999999947,0.8500000000001542,30217,19660,0
10247,-5.79999999999994,-10.0,33600,19660,0
10248,-6.649999999999952,1.050000000000157,27021,19660,0
10249,-6.4499999999999496,-1.7499999999998828,28565,19660,0
10250,-7.099999999999959,0.9500000000001556,23419,19660,0
10251,-5.649999999999938,-6.649999999999952,34867,19660,0
10252,-6.699999999999953,-4.249999999999918,26515,19660,0
10253,-6.749999999999954,-6.7999999999999545,26064,19660,0
10254,-5.449999999999935,3.0000000000001847,36660,19660,0
10255,-5.299999999999933,-6.49999999999995,37670,19660,0
10256,-5.5999999999999375,-9.099999999999987,35218,19660,0
10257,-5.499999999999936,-9.799999999999997,36004,19660,0
10258,-6.4499999999999496,0.4500000000001485,28609,19660,0
10259,-5.399999999999935,-5.5999999999999375,36888,19660,0
10260,-5.899999999999942,4.650000000000208,33093,19660,0
10261,-6.049999999999944,2.800000000000182,31856,19660,0
10262,-5.74999999999994,0.4500000000001485,34209,19660,0
10263,-6.549999999999951,-3.0499999999999012,27739,19660,0
10264,-6.749999999999954,-0.0499999999998586,26199,19660,0
10265,-5.899999999999942,-0.14999999999986002,32997,19660,0
10266,-5.04999999999993,-6.7999999999999545,39664,19660,0
10267,-6.749999999999954,-5.849999999999941,26083,19660,0
10268,-6.399999999999949,-2.8499999999998984,28943,19660,0
10269,-5.549999999999937,-7.599999999999966,35648,19660,0
10270,-6.949999999999957,-8.849999999999984,24423,19660,0
10271,-7.4999999999999645,0.7500000000001528,20215,19660,0
10272,-7.449999999999964,-2.749999999999897,20545,19660,0
10273,-6.099999999999945,6.550000000000235,31531,19660,0
10274,-7.1499999999999595,-3.449999999999907,22931,19660,0
10275,-7.099999999999959,9.70000000000028,23594,19660,0
10276,-5.04999999999993,-0.9499999999998714,39781,19660,0
10277,-7.249999999999961,-3.799999999999912,22124,19660,0
10278,-5.399999999999935,8.550000000000264,37171,19660,0
10279,-5.199999999999932,-6.249999999999947,38475,19660,0
10280,-5.849999999999941,-8.849999999999984,33223,19660,0
10281,-5.79999999999994,-3.1499999999999027,33737,19660,0
10282,-5.649999999999938,7.750000000000252,35155,19660,0
10283,-7.399999999999963,4.1000000000002,21082,19660,0
10284,-6.849999999999955,-6.349999999999948,25273,19660,0
10285,-6.399999999999949,6.8500000000002395,29137,19660,0
10286,-6.749999999999954,-8.449999999999978,26031,19660,0
10287,-5.199999999999932,-2.1499999999998884,38557,19660,0
10288,-6.849999999999955,-9.899999999999999,25202,19660,0
10289,-5.79999999999994,7.400000000000247,33948,19660,0
10290,-6.299999999999947,-4.449999999999921,29711,19660,0
10291,-5.649999999999938,-9.24999999999999,34815,19660,0
10292,-6.649999999999952,2.2000000000001734,27044,19660,0
10293,-7.249999999999961,4.300000000000203,22286,19660,0
10294,-6.949999999999957,-1.3999999999998778,24572,19660,0
10295,-7.249999999999961,5.350000000000218,22307,19660,0
10296,-7.099999999999959,2.0500000000001712,23441,19660,0
10297,-7.19999999999996,1.2500000000001599,22625,19660,0
10298,-7.349999999999962,-7.699999999999967,21246,19660,0
10299,-6.149999999999945,2.1500000000001727,31043,19660,0
10300,-7.349999999999962,-7.349999999999962,21253,19660,0
10301,-5.849999999999941,3.2500000000001883,33465,19660,0
10302,-6.199999999999946,0.6500000000001513,30613,19660,0
10303,-5.399999999999935,6.700000000000237,37134,19660,0
10304,-6.249999999999947,1.8500000000001684,30237,19660,0
10305,-5.699999999999939,4.200000000000202,34684,19660,0
10306,-5.549999999999937,4.350000000000204,35887,19660,0
10307,-6.4499999999999496,1.9500000000001698,28639,19660,0
10308,-6.699999999999953,3.0500000000001855,26661,19660,0
10309,-5.449999999999935,-5.499999999999936,36490,19660,0
10310,-5.09999999999993,6.750000000000238,39535,19660,0
10311,-5.9499999999999424,7.300000000000246,32746,19660,0
10312,-6.649999999999952,-2.3499999999998913,26953,19660,0
10313,-6.649999999999952,7.60000000000025,27152,19660,0
10314,-6.4499999999999496,-2.4999999999998934,28550,19660,0
10315,-6.349999999999948,-1.9499999999998856,29361,19660,0
10316,-6.899999999999956,6.450000000000234,25129,19660,0
10317,-7.19999999999996,9.200000000000273,22784,19660,0
10318,-6.349999999999948,4.900000000000212,29498,19660,0
10319,-6.599999999999952,-2.549999999999894,27349,19660,0
10320,-7.399999999999963,-9.449999999999992,20811,19660,0
10321,-5.699999999999939,9.150000000000272,34783,19660,0
10322,-5.04999999999993,8.30000000000026,39966,19660,0
10323,-5.649999999999938,-1.3999999999998778,34972,19660,0
10324,-6.099999999999945,0.8000000000001535,31416,19660,0
10325,-6.849999999999955,7.400000000000247,25548,19660,0
10326,-6.299999999999947,1.9500000000001698,29839,19660,0
10327,-7.299999999999962,9.950000000000284,21999,19660,0
10328,-6.099999999999945,-5.149999999999931,31297,19660,0
10329,-7.399999999999963,7.650000000000251,21153,19660,0
10330,-5.299999999999933,-7.299999999999962,37654,19660,0
10331,-6.7999999999999545,6.400000000000233,25928,19660,0
10332,-5.199999999999932,9.70000000000028,38794,19660,0
10333,-5.79999999999994,-1.199999999999875,33776,19660,0
10334,-7.049999999999958,-2.2999999999998906,23754,19660,0
10335,-5.499999999999936,5.45000000000022,36309,19660,0
10336,-5.899999999999942,-3.1499999999999027,32937,19660,0
10337,-5.899999999999942,8.900000000000269,33178,19660,0
10338,-6.299999999999947,2.750000000000181,29855,19660,0
10339,-5.5999999999999375,4.6000000000002075,35492,19660,0
10340,-6.049999999999944,-0.499999999999865,31790,19660,0
10341,-6.149999999999945,4.650000000000208,31093,19660,0
10342,-6.149999999999945,-8.449999999999978,30831,19660,0
10343,-5.399999999999935,0.15000000000014424,37003,19660,0
10344,-5.199999999999932,2.3500000000001755,38647,19660,0
10345,-7.449999999999964,0.15000000000014424,20603,19660,0
10346,-5.549999999999937,1.900000000000169,35838,19660,0
10347,-5.2499999999999325,-7.599999999999966,38048,19660,0
10348,-7.249999999999961,2.5500000000001783,22251,19660,0
10349,-5.149999999999931,1.8500000000001684,39037,19660,0
10350,-5.999999999999943,-2.6999999999998963,32146,19660,0
10351,-5.299999999999933,7.7000000000002515,37954,19660,0
10352,-5.79999999999994,-9.799999999999997,33604,19660,0
10353,-5.449999999999935,-1.2499999999998757,36575,19660,0
10354,-6.949999999999957,-5.04999999999993,24499,19660,0
10355,-5.999999999999943,-3.399999999999906,32132,19660,0
10356,-7.399999999999963,8.200000000000259,21164,19660,0
10357,-7.19999999999996,6.5000000000002345,22730,19660,0
10358,-6.849999999999955,0.8500000000001542,25417,19660,0
10359,-6.249999999999947,5.050000000000214,30301,19660,0
10360,-5.449999999999935,6.5000000000002345,36730,19660,0
10361,-7.449999999999964,-8.499999999999979,20430,19660,0
10362,-6.4499999999999496,2.8500000000001826,28657,19660,0
10363,-5.199999999999932,5.600000000000222,38712,19660,0
10364,-7.099999999999959,-7.299999999999962,23254,19660,0
10365,-7.449999999999964,-3.1499999999999027,20537,19660,0
10366,-6.949999999999957,-6.849999999999955,24463,19660,0
10367,-6.749999999999954,6.90000000000024,26338,19660,0
10368,-5.399999999999935,1.5000000000001634,37030,19660,0
10369,-7.099999999999959,5.50000000000022,23510,19660,0
10370,-6.599999999999952,-9.899999999999999,27202,19660,0
10371,-5.399999999999935,-4.799999999999926,36904,19660,0
10372,-6.49999999999995,4.80000000000021,28296,19660,0
10373,-6.699999999999953,0.10000000000014353,26602,19660,0
10374,-5.09999999999993,-8.949999999999985,39221,19660,0
10375,-6.949999999999957,-1.349999999999877,24573,19660,0
10376,-7.349999999999962,4.0500000000002,21481,19660,0
10377,-5.449999999999935,-9.95,36401,19660,0
10378,-6.599999999999952,-2.399999999999892,27352,19660,0
10379,-5.199999999999932,-8.199999999999974,38436,19660,0
10380,-6.949999999999957,-3.4999999999999076,24530,19660,0
10381,-7.099999999999959,4.000000000000199,23480,19660,0
10382,-7.4999999999999645,8.000000000000256,20360,19660,0
10383,-6.099999999999945,-6.049999999999944,31279,19660,0
10384,-6.099999999999945,-1.0999999999998735,31378,19660,0
10385,-5.5999999999999375,3.9500000000001982,35479,19660,0
10386,-6.649999999999952,-8.049999999999972,26839,19660,0
10387,-5.849999999999941,6.550000000000235,33531,19660,0
10388,-7.349999999999962,9.550000000000278,21591,19660,0
10389,-5.04999999999993,9.250000000000274,39985,19660,0
10390,-5.9499999999999424,-4.999999999999929,32500,19660,0
10391,-6.899999999999956,-1.699999999999882,24966,19660,0
10392,-5.04999999999993,5.650000000000222,39913,19660,0
10393,-5.899999999999942,-3.8499999999999126,32923,19660,0
10394,-5.149999999999931,-2.4999999999998934,38950,19660,0
10395,-6.299999999999947,4.900000000000212,29898,19660,0
10396,-6.349999999999948,-7.1499999999999595,29257,19660,0
10397,-5.149999999999931,-9.499999999999993,38810,19660,0
10398,-7.1499999999999595,-0.14999999999986002,22997,19660,0
10399,-5.04999999999993,-8.499999999999979,39630,19660,0
10400,-6.649999999999952,-3.0499999999999012,26939,19660,0
10401,-5.04999999999993,-3.5499999999999083,39729,19660,0
10402,-5.299999999999933,6.1500000000002295,37923,19660,0
10403,-6.549999999999951,-0.7999999999998693,27784,19660,0
10404,-7.1499999999999595,4.350000000000204,23087,19660,0
10405,-5.649999999999938,-3.449999999999907,34931,19660,0
10406,-7.099999999999959,-1.1499999999998742,23377,19660,0
10407,-6.899999999999956,-0.9999999999998721,24980,19660,0
10408,-5.649999999999938,3.5500000000001926,35071,19660,0
10409,-6.999999999999957,-8.799999999999983,24024,19660,0
10410,-5.499999999999936,8.30000000000026,36366,19660,0
10411,-6.849999999999955,5.45000000000022,25509,19660,0
10412,-6.899999999999956,-8.099999999999973,24838,19660,0
10413,-7.19999999999996,-2.549999999999894,22549,19660,0
10414,-6.849999999999955,-7.949999999999971,25241,19660,0
10415,-5.04999999999993,3.500000000000192,39870,19660,0
10416,-7.399999999999963,-7.549999999999965,20849,19660,0
10417,-6.649999999999952,8.200000000000259,27164,19660,0
10418,-7.299999999999962,-1.9999999999998863,21760,19660,0
10419,-6.7999999999999545,-4.34999999999992,25713,19660,0
10420,-5.999999999999943,1.4210854715202004e-13,32200,19660,0
10421,-6.149999999999945,-6.249999999999947,30875,19660,0
10422,-6.099999999999945,9.00000000000027,31580,19660,0
10423,-5.74999999999994,-5.399999999999935,34092,19660,0
10424,-7.1499999999999595,-0.499999999999865,22990,19660,0
10425,-7.4999999999999645,0.8500000000001542,20217,19660,0
10426,-5.9499999999999424,4.550000000000207,32691,19660,0
10427,-5.199999999999932,-6.349999999999948,38473,19660,0
10428,-5.649999999999938,9.950000000000284,35199,19660,0
10429,-6.049999999999944,0.4500000000001485,31809,19660,0
10430,-7.19999999999996,-3.599999999999909,22528,19660,0
10431,-5.04999999999993,7.400000000000247,39948,19660,0
10432,-7.349999999999962,-6.999999999999957,21260,19660,0
10433,-5.449999999999935,8.550000000000264,36771,19660,0
10434,-7.249999999999961,5.200000000000216,22304,19660,0
10435,-6.649999999999952,-1.5999999999998806,26968,19660,0
10436,-5.649999999999938,-1.1499999999998742,34977,19660,0
10437,-5.74999999999994,-7.8499999999999694,34043,19660,0
10438,-6.4499999999999496,-2.3499999999998913,28553,19660,0
10439,-5.499999999999936,-4.149999999999917,36117,19660,0
10440,-5.299999999999933,-9.449999999999992,37611,19660,0
10441,-5.449999999999935,5.8000000000002245,36716,19660,0
10442,-6.849999999999955,-7.299999999999962,25254,19660,0
10443,-5.899999999999942,-9.049999999999986,32819,19660,0
10444,-5.999999999999943,-1.349999999999877,32173,19660,0
10445,-7.299999999999962,-8.999999999999986,21620,19660,0
10446,-6.949999999999957,4.500000000000206,24690,19660,0
10447,-6.49999999999995,4.450000000000205,28289,19660,0
10448,-6.7999999999999545,6.1500000000002295,25923,19660,0
10449,-6.49999999999995,5.8000000000002245,28316,19660,0
10450,-6.049999999999944,5.50000000000022,31910,19660,0
10451,-5.2499999999999325,5.8000000000002245,38316,19660,0
10452,-5.849999999999941,3.0000000000001847,33460,19660,0
10453,-6.149999999999945,5.600000000000222,31112,19660,0
10454,-7.399999999999963,8.30000000000026,21166,19660,0
10455,-6.249999999999947,2.250000000000174,30245,19660,0
10456,-6.199999999999946,-9.29999999999999,30414,19660,0
10457,-6.099999999999945,1.6500000000001656,31433,19660,0
10458,-6.149999999999945,1.5500000000001641,31031,19660,0
10459,-6.249999999999947,8.25000000000026,30365,19660,0
10460,-7.1499999999999595,-2.4999999999998934,22950,19660,0
10461,-6.649999999999952,-7.649999999999967,26847,19660,0
10462,-6.549999999999951,-7.699999999999967,27646,19660,0
10463,-7.449999999999964,-4.149999999999917,20517,19660,0
10464,-6.4499999999999496,-5.849999999999941,28483,19660,0
10465,-5.149999999999931,9.550000000000278,39191,19660,0
10466,-5.299999999999933,1.1000000000001577,37822,19660,0
10467,-6.549999999999951,-0.8999999999998707,27782,19660,0
10468,-6.649999999999952,-5.349999999999934,26893,19660,0
10469,-6.749999999999954,-9.399999999999991,26012,19660,0
10470,-6.699999999999953,-9.95,26401,19660,0
10471,-5.74999999999994,3.6000000000001933,34272,19660,0
10472,-7.1499999999999595,9.70000000000028,23194,19660,0
10473,-6.149999999999945,4.900000000000212,31098,19660,0
10474,-5.199999999999932,-6.49999999999995,38470,19660,0
10475,-5.399999999999935,-1.349999999999877,36973,19660,0
10476,-6.4499999999999496,-8.699999999999982,28426,19660,0
10477,-5.9499999999999424,9.400000000000276,32788,19660,0
10478,-6.299999999999947,0.5000000000001492,29810,19660,0
10479,-6.149999999999945,-2.9499999999999,30941,19660,0
10480,-6.549999999999951,7.000000000000242,27940,19660,0
10481,-5.349999999999934,-1.5999999999998806,37368,19660,0
10482,-5.899999999999942,-0.09999999999985931,32998,19660,0
10483,-6.099999999999945,3.9500000000001982,31479,19660,0
10484,-5.499999999999936,3.300000000000189,36266,19660,0
10485,-7.099999999999959,0.30000000000014637,23406,19660,0
10486,-5.299999999999933,-8.64999999999998,37627,19660,0
10487,-6.899999999999956,2.400000000000176,25048,19660,0
10488,-5.549999999999937,-3.399999999999906,35732,19660,0
10489,-5.999999999999943,8.500000000000263,32370,19660,0
10490,-5.849999999999941,6.950000000000241,33539,19660,0
10491,-6.749999999999954,0.30000000000014637,26206,19660,0
10492,-7.449999999999964,6.100000000000229,20722,19660,0
10493,-6.349999999999948,6.700000000000237,29534,19660,0
10494,-6.399999999999949,-9.24999999999999,28815,19660,0
10495,-5.999999999999943,4.300000000000203,32286,19660,0
10496,-7.19999999999996,6.5000000000002345,22730,19660,0
10497,-6.549999999999951,-8.099999999999973,27638,19660,0
10498,-6.049999999999944,-1.9999999999998863,31760,19660,0
10499,-6.099999999999945,-7.649999999999967,31247,19660,0
10500,-6.049999999999944,-7.399999999999963,31652,19660,0
10501,-5.74999999999994,7.050000000000242,34341,19660,0
10502,-5.299999999999933,5.200000000000216,37904,19660,0
10503,-6.7999999999999545,-5.04999999999993,25699,19660,0
10504,-5.399999999999935,8.750000000000266,37175,19660,0
10505,-5.5999999999999375,6.950000000000241,35539,19660,0
10506,-5.5999999999999375,-7.8499999999999694,35243,19660,0
10507,-5.9499999999999424,-8.249999999999975,32435,19660,0
10508,-6.299999999999947,-6.349999999999948,29673,19660,0
10509,-7.099999999999959,-2.0999999999998877,23358,19660,0
10510,-6.199999999999946,-1.9499999999998856,30561,19660,0
10511,-6.649999999999952,7.350000000000247,27147,19660,0
10512,-7.4999999999999645,-7.8499999999999694,20043,19660,0
10513,-6.7999999999999545,4.1000000000002,25882,19660,0
10514,-7.299999999999962,-6.4499999999999496,21671,19660,0
10515,-7.299999999999962,0.20000000000014495,21804,19660,0
10516,-5.449999999999935,-7.099999999999959,36458,19660,0
10517,-6.49999999999995,4.80000000000021,28296,19660,0
10518,-6.7999999999999545,-6.399999999999949,25672,19660,0
10519,-6.4499999999999496,8.150000000000258,28763,19660,0
10520,-5.499999999999936,-1.0999999999998735,36178,19660,0
10521,-5.499999999999936,-4.749999999999925,36105,19660,0
10522,-5.399999999999935,3.9500000000001982,37079,19660,0
10523,-6.099999999999945,-3.249999999999904,31335,19660,0
10524,-6.599999999999952,9.950000000000284,27599,19660,0
10525,-5.149999999999931,3.9500000000001982,39079,19660,0
10526,-5.299999999999933,-2.199999999999889,37756,19660,0
10527,-5.09999999999993,-6.149999999999945,39277,19660,0
10528,-5.399999999999935,3.9000000000001975,37078,19660,0
10529,-6.849999999999955,6.1500000000002295,25523,19660,0
10530,-5.299999999999933,-7.89999999999997,37642,19660,0
10531,-7.4999999999999645,-2.3499999999998913,20153,19660,0
10532,-6.849999999999955,-10.0,25200,19660,0
10533,-5.199999999999932,-3.449999999999907,38531,19660,0
10534,-7.1499999999999595,1.1500000000001585,23023,19660,0
10535,-5.849999999999941,6.000000000000227,33520,19660,0
10536,-5.399999999999935,-4.949999999999928,36901,19660,0
10537,-6.149999999999945,0.20000000000014495,31004,19660,0
10538,-6.349999999999948,-2.899999999999899,29342,19660,0
10539,-7.19999999999996,8.200000000000259,22764,19660,0
10540,-7.399999999999963,-3.1499999999999027,20937,19660,0
10541,-6.749999999999954,2.0500000000001712,26241,19660,0
10542,-5.09999999999993,7.550000000000249,39551,19660,0
10543,-5.149999999999931,-0.3999999999998636,38992,19660,0
10544,-5.149999999999931,-8.199999999999974,38836,19660,0
10545,-6.299999999999947,-5.549999999999937,29689,19660,0
10546,-6.7999999999999545,8.700000000000266,25974,19660,0
10547,-7.449999999999964,3.500000000000192,20670,19660,0
10548,-5.399999999999935,-5.9499999999999424,36881,19660,0
10549,-5.849999999999941,7.60000000000025,33552,19660,0
10550,-6.399999999999949,8.25000000000026,29165,19660,0
10551,-7.19999999999996,-0.29999999999986215,22594,19660,0
10552,-6.749999999999954,7.650000000000251,26353,19660,0
10553,-6.199999999999946,-5.849999999999941,30483,19660,0
10554,-6.849999999999955,2.9000000000001833,25458,19660,0
10555,-5.349999999999934,6.100000000000229,37522,19660,0
10556,-6.649999999999952,-1.6499999999998813,26967,19660,0
10557,-6.649999999999952,7.800000000000253,27156,19660,0
10558,-5.999999999999943,7.200000000000244,32344,19660,0
10559,-6.999999999999957,4.850000000000211,24297,19660,0
10560,-6.349999999999948,0.4000000000001478,29408,19660,0
10561,-5.449999999999935,-7.249999999999961,36455,19660,0
10562,-7.099999999999959,6.350000000000232,23527,19660,0
10563,-5.449999999999935,-9.549999999999994,36409,19660,0
10564,-7.349999999999962,1.5000000000001634,21430,19660,0
10565,-6.399999999999949,-5.09999999999993,28898,19660,0
10566,-7.299999999999962,-5.549999999999937,21689,19660,0
10567,-5.999999999999943,-9.399999999999991,32012,19660,0
10568,-6.149999999999945,-7.89999999999997,30842,19660,0
10569,-6.049999999999944,-3.249999999999904,31735,19660,0
10570,-5.549999999999937,0.4000000000001478,35808,19660,0
10571,-5.399999999999935,5.250000000000217,37105,19660,0
10572,-6.4499999999999496,3.9000000000001975,28678,19660,0
10573,-5.74999999999994,-9.499999999999993,34010,19660,0
10574,-6.399999999999949,-2.6999999999998963,28946,19660,0
10575,-5.299999999999933,9.100000000000271,37982,19660,0
10576,-5.499999999999936,-7.249999999999961,36055,19660,0
10577,-6.49999999999995,-8.099999999999973,28038,19660,0
10578,-5.199999999999932,4.450000000000205,38689,19660,0
10579,-6.599999999999952,9.250000000000274,27585,19660,0
10580,-7.449999999999964,3.650000000000194,20673,19660,0
10581,-5.9499999999999424,-0.19999999999986073,32596,19660,0
10582,-5.999999999999943,3.0000000000001847,32260,19660,0
10583,-7.19999999999996,-3.249999999999904,22535,19660,0
10584,-7.249999999999961,1.5000000000001634,22230,19660,0
10585,-7.399999999999963,1.3000000000001606,21026,19660,0
10586,-7.099999999999959,7.050000000000242,23541,19660,0
10587,-6.599999999999952,-9.29999999999999,27214,19660,0
10588,-5.449999999999935,6.600000000000236,36732,19660,0
10589,-5.999999999999943,-5.449999999999935,32091,19660,0
10590,-6.299999999999947,9.550000000000278,29991,19660,0
10591,-6.4499999999999496,-0.6499999999998671,28587,19660,0
10592,-5.149999999999931,7.100000000000243,39142,19660,0
10593,-5.9499999999999424,-9.749999999999996,32405,19660,0
10594,-5.5999999999999375,-0.19999999999986073,35396,19660,0
10595,-6.849999999999955,2.750000000000181,25455,19660,0
10596,-6.549999999999951,7.950000000000255,27959,19660,0
10597,-6.49999999999995,-6.4499999999999496,28071,19660,0
10598,-6.549999999999951,-2.2999999999998906,27754,19660,0
10599,-6.399999999999949,-3.4999999999999076,28930,19660,0
10600,-6.749999999999954,-5.09999999999993,26098,19660,0
10601,-6.249999999999947,0.3500000000001471,30207,19660,0
10602,-6.249999999999947,-3.599999999999909,30128,19660,0
10603,-5.449999999999935,6.000000000000227,36720,19660,0
10604,-6.949999999999957,1.050000000000157,24621,19660,0
10605,-5.899999999999942,-2.7999999999998977,32944,19660,0
10606,-5.549999999999937,-1.199999999999875,35776,19660,0
10607,-5.299999999999933,0.20000000000014495,37804,19660,0
10608,-7.249999999999961,-3.949999999999914,22121,19660,0
10609,-6.849999999999955,-4.649999999999924,25307,19660,0
10610,-6.399999999999949,-8.899999999999984,28822,19660,0
10611,-7.299999999999962,0.05000000000014282,21801,19660,0
10612,-5.999999999999943,-8.249999999999975,32035,19660,0
10613,-6.7999999999999545,-7.699999999999967,25646,19660,0
10614,-5.199999999999932,7.100000000000243,38742,19660,0
10615,-5.79999999999994,7.400000000000247,33948,19660,0
10616,-6.899999999999956,8.200000000000259,25164,19660,0
10617,-5.899999999999942,-3.599999999999909,32928,19660,0
10618,-5.549999999999937,-0.3999999999998636,35792,19660,0
10619,-7.049999999999958,-8.899999999999984,23622,19660,0
10620,-6.4499999999999496,-1.3999999999998778,28572,19660,0
10621,-7.299999999999962,8.400000000000261,21968,19660,0
10622,-5.04999999999993,4.0500000000002,39881,19660,0
10623,-7.4999999999999645,-9.749999999999996,20005,19660,0
10624,-6.749999999999954,0.10000000000014353,26202,19660,0
10625,-5.04999999999993,-1.2999999999998764,39774,19660,0
10626,-5.79999999999994,-8.449999999999978,33631,19660,0
10627,-6.549999999999951,-7.8499999999999694,27643,19660,0
10628,-6.49999999999995,0.6000000000001506,28212,19660,0
10629,-6.599999999999952,3.5500000000001926,27471,19660,0
10630,-5.899999999999942,4.000000000000199,33080,19660,0
10631,-7.1499999999999595,-8.399999999999977,22832,19660,0
10632,-6.7999999999999545,-8.949999999999985,25621,19660,0
10633,-7.099999999999959,-6.599999999999952,23268,19660,0
10634,-5.349999999999934,-3.6999999999999105,37326,19660,0
10635,-5.999999999999943,9.850000000000282,32397,19660,0
10636,-5.199999999999932,9.00000000000027,38780,19660,0
10637,-6.7999999999999545,-9.199999999999989,25616,19660,0
10638,-5.149999999999931,-2.6999999999998963,38946,19660,0
10639,-5.9499999999999424,-2.1499999999998884,32557,19660,0
10640,-6.399999999999949,3.300000000000189,29066,19660,0
10641,-5.349999999999934,-7.699999999999967,37246,19660,0
10642,-7.4999999999999645,4.1000000000002,20282,19660,0
10643,-5.699999999999939,-3.299999999999905,34534,19660,0
10644,-7.299999999999962,-3.1999999999999034,21736,19660,0
10645,-7.049999999999958,-9.399999999999991,23612,19660,0
10646,-6.999999999999957,1.2000000000001592,24224,19660,0
10647,-7.099999999999959,-8.249999999999975,23235,19660,0
10648,-5.199999999999932,-8.699999999999982,38426,19660,0
10649,-5.399999999999935,0.7000000000001521,37014,19660,0
10650,-6.899999999999956,9.05000000000027,25181,19660,0
10651,-6.549999999999951,9.75000000000028,27995,19660,0
10652,-5.04999999999993,-0.8999999999998707,39782,19660,0
10653,-5.299999999999933,5.45000000000022,37909,19660,0
10654,-5.299999999999933,-5.899999999999942,37682,19660,0
10655,-5.899999999999942,-6.749999999999954,32865,19660,0
10656,-6.849999999999955,-5.79999999999994,25284,19660,0
10657,-5.499999999999936,0.5000000000001492,36210,19660,0
10658,-6.149999999999945,5.650000000000222,31113,19660,0
10659,-6.399999999999949,8.35000000000026,29167,19660,0
10660,-6.299999999999947,1.9500000000001698,29839,19660,0
10661,-6.549999999999951,6.950000000000241,27939,19660,0
10662,-5.899999999999942,7.60000000000025,33152,19660,0
10663,-5.149999999999931,8.200000000000259,39164,19660,0
10664,-5.79999999999994,-0.19999999999986073,33796,19660,0
10665,-5.699999999999939,-0.34999999999986287,34593,19660,0
10666,-6.099999999999945,-9.649999999999995,31207,19660,0
10667,-7.449999999999964,-5.349999999999934,20493,19660,0
10668,-5.549999999999937,5.650000000000222,35913,19660,0
10669,-7.449999999999964,3.6000000000001933,20672,19660,0
10670,-7.399999999999963,-6.049999999999944,20879,19660,0
10671,-7.299999999999962,-9.499999999999993,21610,19660,0
10672,-5.349999999999934,1.5000000000001634,37430,19660,0
10673,-5.79999999999994,-5.449999999999935,33691,19660,0
10674,-5.549999999999937,-9.699999999999996,35606,19660,0
10675,-5.999999999999943,-7.399999999999963,32052,19660,0
10676,-6.599999999999952,-9.699999999999996,27206,19660,0
10677,-6.249999999999947,-9.549999999999994,30009,19660,0
10678,-6.7999999999999545,-6.699999999999953,25666,19660,0
10679,-7.049999999999958,-1.5999999999998806,23768,19660,0
10680,-5.899999999999942,-1.199999999999875,32976,19660,0
10681,-7.19999999999996,0.4500000000001485,22609,19660,0
10682,-5.5999999999999375,-5.79999999999994,35284,19660,0
10683,-5.04999999999993,-3.249999999999904,39735,19660,0
10684,-6.649999999999952,3.9500000000001982,27079,19660,0
10685,-5.699999999999939,5.100000000000215,34702,19660,0
10686,-6.999999999999957,-8.749999999999982,24025,19660,0
10687,-5.199999999999932,-5.699999999999939,38486,19660,0
10688,-5.649999999999938,5.50000000000022,35110,19660,0
10689,-5.5999999999999375,1.3000000000001606,35426,19660,0
10690,-7.349999999999962,4.000000000000199,21480,19660,0
10691,-7.349999999999962,1.8500000000001684,21437,19660,0
10692,-6.4499999999999496,2.5000000000001776,28650,19660,0
10693,-6.349999999999948,-4.499999999999922,29310,19660,0
10694,-6.099999999999945,-6.549999999999951,31269,19660,0
10695,-7.449999999999964,1.750000000000167,20635,19660,0
10696,-5.449999999999935,1.6500000000001656,36633,19660,0
10697,-6.699999999999953,9.100000000000271,26782,19660,0
10698,-7.049999999999958,-5.549999999999937,23689,19660,0
10699,-7.449999999999964,-2.2999999999998906,20554,19660,0
10700,-5.04999999999993,-6.7999999999999545,39664,19660,0
10701,-5.849999999999941,-6.299999999999947,33274,19660,0
10702,-7.049999999999958,0.8500000000001542,23817,19660,0
10703,-5.299999999999933,-2.899999999999899,37742,19660,0
10704,-5.699999999999939,-4.099999999999916,34518,19660,0
10705,-5.74999999999994,5.900000000000226,34318,19660,0
10706,-6.199999999999946,8.750000000000266,30775,19660,0
10707,-7.299999999999962,8.650000000000265,21973,19660,0
10708,-7.249999999999961,-7.449999999999964,22051,19660,0
10709,-6.649999999999952,-5.5999999999999375,26888,19660,0
10710,-6.999999999999957,-6.49999999999995,24070,19660,0
10711,-5.2499999999999325,4.6000000000002075,38292,19660,0
10712,-6.349999999999948,-9.699999999999996,29206,19660,0
10713,-6.099999999999945,4.900000000000212,31498,19660,0
10714,-5.09999999999993,6.20000000000023,39524,19660,0
10715,-6.4499999999999496,5.50000000000022,28710,19660,0
10716,-5.09999999999993,-1.0499999999998728,39379,19660,0
10717,-5.649999999999938,9.800000000000281,35196,19660,0
10718,-7.19999999999996,-4.8999999999999275,22502,19660,0
10719,-7.19999999999996,1.750000000000167,22635,19660,0
10720,-5.699999999999939,-7.299999999999962,34454,19660,0
10721,-5.549999999999937,-4.8999999999999275,35702,19660,0
10722,-6.749999999999954,6.650000000000237,26333,19660,0
10723,-5.899999999999942,2.7000000000001805,33054,19660,0
10724,-5.699999999999939,-3.1999999999999034,34536,19660,0
10725,-5.699999999999939,7.950000000000255,34759,19660,0
10726,-6.549999999999951,9.75000000000028,27995,19660,0
10727,-7.099999999999959,-7.19999999999996,23256,19660,0
10728,-6.899999999999956,-8.249999999999975,24835,19660,0
10729,-7.4999999999999645,-4.299999999999919,20114,19660,0
10730,-7.399999999999963,-2.049999999999887,20959,19660,0
10731,-6.299999999999947,-1.4499999999998785,29771,19660,0
10732,-5.649999999999938,3.9000000000001975,35078,19660,0
10733,-6.599999999999952,8.550000000000264,27571,19660,0
10734,-7.399999999999963,-5.849999999999941,20883,19660,0
10735,-7.249999999999961,7.200000000000244,22344,19660,0
10736,-7.299999999999962,-0.499999999999865,21790,19660,0
10737,-7.049999999999958,8.650000000000265,23973,19660,0
10738,-6.749999999999954,-5.149999999999931,26097,19660,0
10739,-6.7999999999999545,-6.649999999999952,25667,19660,0
10740,-7.19999999999996,-7.19999999999996,22456,19660,0
10741,-7.099999999999959,7.250000000000245,23545,19660,0
10742,-7.399999999999963,-4.799999999999926,20904,19660,0
10743,-6.549999999999951,-4.599999999999923,27708,19660,0
10744,-7.449999999999964,0.7000000000001521,20614,19660,0
10745,-6.099999999999945,-6.199999999999946,31276,19660,0
10746,-5.199999999999932,-7.299999999999962,38454,19660,0
10747,-6.7999999999999545,-7.549999999999965,25649,19660,0
10748,-7.1499999999999595,-1.7499999999998828,22965,19660,0
10749,-6.699999999999953,8.850000000000268,26777,19660,0
10750,-5.199999999999932,9.900000000000283,38798,19660,0
10751,-7.249999999999961,-1.9999999999998863,22160,19660,0
10752,-5.699999999999939,9.75000000000028,34795,19660,0
10753,-5.899999999999942,5.000000000000213,33100,19660,0
10754,-5.74999999999994,-6.699999999999953,34066,19660,0
10755,-6.649999999999952,6.700000000000237,27134,19660,0
10756,-6.099999999999945,-6.649999999999952,31267,19660,0
10757,-7.399999999999963,-8.149999999999974,20837,19660,0
10758,-7.449999999999964,-1.199999999999875,20576,19660,0
10759,-7.299999999999962,6.700000000000237,21934,19660,0
10760,-5.199999999999932,6.250000000000231,38725,19660,0
10761,-7.349999999999962,-3.299999999999905,21334,19660,0
10762,-5.09999999999993,0.8000000000001535,39416,19660,0
10763,-5.449999999999935,9.75000000000028,36795,19660,0
10764,-7.049999999999958,2.5000000000001776,23850,19660,0
10765,-6.149999999999945,0.20000000000014495,31004,19660,0
10766,-5.499999999999936,2.100000000000172,36242,19660,0
10767,-6.599999999999952,6.100000000000229,27522,19660,0
10768,-6.049999999999944,1.2500000000001599,31825,19660,0
10769,-5.399999999999935,4.400000000000205,37088,19660,0
10770,-6.749999999999954,5.600000000000222,26312,19660,0
10771,-6.299999999999947,0.3500000000001471,29807,19660,0
10772,-5.199999999999932,9.550000000000278,38791,19660,0
10773,-5.399999999999935,-7.399999999999963,36852,19660,0
10774,-6.699999999999953,-5.2499999999999325,26495,19660,0
10775,-6.099999999999945,-6.899999999999956,31262,19660,0
10776,-6.599999999999952,-6.749999999999954,27265,19660,0
10777,-6.049999999999944,6.950000000000241,31939,19660,0
10778,-5.199999999999932,8.050000000000257,38761,19660,0
10779,-7.249999999999961,6.300000000000232,22326,19660,0
10780,-5.199999999999932,8.800000000000267,38776,19660,0
10781,-6.699999999999953,4.150000000000201,26683,19660,0
10782,-5.449999999999935,-1.9499999999998856,36561,19660,0
10783,-7.349999999999962,-6.4499999999999496,21271,19660,0
10784,-5.199999999999932,-8.049999999999972,38439,19660,0
10785,-7.19999999999996,6.5000000000002345,22730,19660,0
10786,-7.349999999999962,1.050000000000157,21421,19660,0
10787,-5.499999999999936,3.4000000000001904,36268,19660,0
10788,-6.949999999999957,7.60000000000025,24752,19660,0
10789,-6.949999999999957,2.100000000000172,24642,19660,0
10790,-6.4499999999999496,9.550000000000278,28791,19660,0
10791,-6.549999999999951,-8.299999999999976,27634,19660,0
10792,-5.9499999999999424,4.1000000000002,32682,19660,0
10793,-6.949999999999957,0.6500000000001513,24613,19660,0
10794,-5.09999999999993,-0.34999999999986287,39393,19660,0
10795,-6.899999999999956,0.15000000000014424,25003,19660,0
10796,-5.649999999999938,2.7000000000001805,35054,19660,0
10797,-7.4999999999999645,3.4000000000001904,20268,19660,0
10798,-5.499999999999936,-2.0999999999998877,36158,19660,0
10799,-6.4499999999999496,6.450000000000234,28729,19660,0
10800,-7.099999999999959,-5.04999999999993,23299,19660,0
10801,-5.5999999999999375,6.8500000000002395,35537,19660,0
10802,-5.399999999999935,-7.8499999999999694,36843,19660,0
10803,-6.249999999999947,-8.799999999999983,30024,19660,0
10804,-7.19999999999996,-4.599999999999923,22508,19660,0
10805,-5.849999999999941,-6.299999999999947,33274,19660,0
10806,-7.1499999999999595,-7.449999999999964,22851,19660,0
10807,-5.999999999999943,7.950000000000255,32359,19660,0
10808,-7.299999999999962,5.45000000000022,21909,19660,0
10809,-5.5999999999999375,-8.849999999999984,35223,19660,0
10810,-6.7999999999999545,2.300000000000175,25846,19660,0
10811,-6.699999999999953,4.9500000000002125,26699,19660,0
10812,-6.49999999999995,-1.0499999999998728,28179,19660,0
10813,-7.19999999999996,-7.649999999999967,22447,19660,0
10814,-7.299999999999962,-2.399999999999892,21752,19660,0
10815,-5.149999999999931,-7.999999999999972,38840,19660,0
10816,-6.199999999999946,-9.499999999999993,30410,19660,0
10817,-6.699999999999953,8.25000000000026,26765,19660,0
10818,-6.4499999999999496,-1.899999999999885,28562,19660,0
10819,-6.49999999999995,4.900000000000212,28298,19660,0
10820,-6.599999999999952,-0.84999999999987,27383,19660,0
10821,-5.849999999999941,-8.049999999999972,33239,19660,0
10822,-6.849999999999955,-4.749999999999925,25305,19660,0
10823,-6.649999999999952,-2.6999999999998963,26946,19660,0
10824,-5.499999999999936,-2.6499999999998956,36147,19660,0
10825,-6.999999999999957,-8.949999999999985,24021,19660,0
10826,-6.699999999999953,9.550000000000278,26791,19660,0
10827,-7.19999999999996,-6.999999999999957,22460,19660,0
10828,-6.549999999999951,0.05000000000014282,27801,19660,0
10829,-6.4499999999999496,-8.399999999999977,28432,19660,0
10830,-7.399999999999963,-7.399999999999963,20852,19660,0
10831,-6.199999999999946,9.00000000000027,30780,19660,0
10832,-6.099999999999945,-9.899999999999999,31202,19660,0
10833,-7.4999999999999645,-4.39999999999992,20112,19660,0
10834,-5.549999999999937,7.300000000000246,35946,19660,0
10835,-7.4999999999999645,9.600000000000279,20392,19660,0
10836,-5.09999999999993,6.050000000000228,39521,19660,0
10837,-5.399999999999935,2.9000000000001833,37058,19660,0
10838,-5.199999999999932,-6.299999999999947,38474,19660,0
10839,-6.249999999999947,-9.099999999999987,30018,19660,0
10840,-7.449999999999964,6.600000000000236,20732,19660,0
10841,-5.149999999999931,0.7500000000001528,39015,19660,0
10842,-6.949999999999957,6.100000000000229,24722,19660,0
10843,-5.849999999999941,4.75000000000021,33495,19660,0
10844,-6.349999999999948,1.9500000000001698,29439,19660,0
10845,-5.299999999999933,-2.9999999999999005,37740,19660,0
10846,-5.04999999999993,-1.6499999999998813,39767,19660,0
10847,-6.199999999999946,-1.54999999999988,30569,19660,0
10848,-5.5999999999999375,-2.9999999999999005,35340,19660,0
10849,-5.999999999999943,-5.09999999999993,32098,19660,0
10850,-6.899999999999956,9.500000000000277,25190,19660,0
10851,-6.999999999999957,4.200000000000202,24284,19660,0
10852,-6.7999999999999545,-1.4999999999998792,25770,19660,0
10853,-6.249999999999947,-1.3999999999998778,30172,19660,0
10854,-5.999999999999943,5.750000000000224,32315,19660,0
10855,-5.149999999999931,-8.54999999999998,38829,19660,0
10856,-6.399999999999949,6.550000000000235,29131,19660,0
10857,-7.249999999999961,4.450000000000205,22289,19660,0
10858,-5.699999999999939,-2.8499999999998984,34543,19660,0
10859,-5.149999999999931,1.6500000000001656,39033,19660,0
10860,-5.79999999999994,9.300000000000274,33986,19660,0
10861,-5.149999999999931,-2.9999999999999005,38940,19660,0
10862,-7.349999999999962,1.7000000000001663,21434,19660,0
10863,-7.349999999999962,-5.549999999999937,21289,19660,0
10864,-7.249999999999961,5.650000000000222,22313,19660,0
10865,-5.79999999999994,1.4210854715202004e-13,33800,19660,0
10866,-5.2499999999999325,-0.4499999999998643,38191,19660,0
10867,-5.699999999999939,-8.399999999999977,34432,19660,0
10868,-6.699999999999953,-1.3999999999998778,26572,19660,0
10869,-6.649999999999952,-6.599999999999952,26868,19660,0
10870,-6.099999999999945,-4.699999999999925,31306,19660,0
10871,-7.049999999999958,-0.0499999999998586,23799,19660,0
10872,-5.149999999999931,-5.149999999999931,38897,19660,0
10873,-5.199999999999932,-3.949999999999914,38521,19660,0
10874,-6.649999999999952,2.950000000000184,27059,19660,0
10875,-6.549999999999951,7.650000000000251,27953,19660,0
10876,-7.099999999999959,4.200000000000202,23484,19660,0
10877,-6.7999999999999545,5.200000000000216,25904,19660,0
10878,-5.549999999999937,5.700000000000223,35914,19660,0
10879,-6.899999999999956,3.2500000000001883,25065,19660,0
10880,-5.5999999999999375,-6.849999999999955,35263,19660,0
10881,-5.74999999999994,7.900000000000254,34358,19660,0
10882,-5.79999999999994,-3.249999999999904,33735,19660,0
10883,-5.399999999999935,-4.749999999999925,36905,19660,0
10884,-6.699999999999953,-4.699999999999925,26506,19660,0
10885,-6.049999999999944,2.300000000000175,31846,19660,0
10886,-6.7999999999999545,0.9500000000001556,25819,19660,0
10887,-6.999999999999957,-5.5999999999999375,24088,19660,0
10888,-6.049999999999944,8.000000000000256,31960,19660,0
10889,-6.4499999999999496,9.850000000000282,28797,19660,0
10890,-7.449999999999964,-5.699999999999939,20486,19660,0
10891,-6.149999999999945,-6.7999999999999545,30864,19660,0
10892,-6.949999999999957,7.550000000000249,24751,19660,0
10893,-5.09999999999993,-5.2499999999999325,39295,19660,0
10894,-5.699999999999939,7.450000000000248,34749,19660,0
10895,-6.049999999999944,5.100000000000215,31902,19660,0
10896,-5.199999999999932,-9.34999999999999,38413,19660,0
10897,-6.299999999999947,5.700000000000223,29914,19660,0
10898,-5.299999999999933,8.30000000000026,37966,19660,0
10899,-6.899999999999956,6.1500000000002295,25123,19660,0
10900,-5.9499999999999424,5.200000000000216,32704,19660,0
10901,-6.4499999999999496,-9.599999999999994,28408,19660,0
10902,-5.549999999999937,-0.6999999999998678,35786,19660,0
10903,-5.499999999999936,7.7000000000002515,36354,19660,0
10904,-6.699999999999953,9.600000000000279,26792,19660,0
10905,-6.899999999999956,3.7500000000001954,25075,19660,0
10906,-5.849999999999941,-9.24999999999999,33215,19660,0
10907,-6.849999999999955,8.850000000000268,25577,19660,0
10908,-5.499999999999936,-4.949999999999928,36101,19660,0
10909,-5.399999999999935,-1.4499999999998785,36971,19660,0
10910,-6.649999999999952,-1.3999999999998778,26972,19660,0
10911,-7.349999999999962,-0.5499999999998657,21389,19660,0
10912,-5.199999999999932,-3.749999999999911,38525,19660,0
10913,-5.699999999999939,3.2000000000001876,34664,19660,0
10914,-6.049999999999944,9.250000000000274,31985,19660,0
10915,-5.74999999999994,8.900000000000269,34378,19660,0
10916,-7.349999999999962,4.500000000000206,21490,19660,0
10917,-7.049999999999958,7.300000000000246,23946,19660,0
10918,-6.749999999999954,-7.449999999999964,26051,19660,0
10919,-7.099999999999959,6.800000000000239,23536,19660,0
10920,-5.74999999999994,1.6000000000001648,34232,19660,0
10921,-6.699999999999953,-5.899999999999942,26482,19660,0
10922,-5.74999999999994,-9.749999999999996,34005,19660,0
10923,-5.9499999999999424,3.800000000000196,32676,19660,0
10924,-5.449999999999935,-8.749999999999982,36425,19660,0
10925,-5.2499999999999325,-1.5999999999998806,38168,19660,0
10926,-5.899999999999942,4.0500000000002,33081,19660,0
10927,-5.79999999999994,5.550000000000221,33911,19660,0
10928,-5.399999999999935,0.15000000000014424,37003,19660,0
10929,-7.099999999999959,-1.7499999999998828,23365,19660,0
10930,-5.699999999999939,-9.95,34401,19660,0
10931,-7.399999999999963,-2.24999999999989,20955,19660,0
10932,-5.399999999999935,-2.2999999999998906,36954,19660,0
10933,-6.899999999999956,4.700000000000209,25094,19660,0
10934,-5.999999999999943,3.800000000000196,32276,19660,0
10935,-6.299999999999947,-4.149999999999917,29717,19660,0
10936,-6.049999999999944,3.800000000000196,31876,19660,0
10937,-5.79999999999994,-1.0499999999998728,33779,19660,0
10938,-5.399999999999935,4.650000000000208,37093,19660,0
10939,-6.049999999999944,-6.599999999999952,31668,19660,0
10940,-6.7999999999999545,2.5000000000001776,25850,19660,0
10941,-5.449999999999935,5.050000000000214,36701,19660,0
10942,-5.649999999999938,-8.199999999999974,34836,19660,0
10943,-6.999999999999957,1.4500000000001627,24229,19660,0
10944,-6.049999999999944,-1.6499999999998813,31767,19660,0
10945,-7.299999999999962,8.700000000000266,21974,19660,0
10946,-7.449999999999964,-6.999999999999957,20460,19660,0
10947,-6.7999999999999545,7.900000000000254,25958,19660,0
10948,-5.2499999999999325,-3.1999999999999034,38136,19660,0
10949,-6.049999999999944,8.450000000000262,31969,19660,0
10950,-5.999999999999943,-0.34999999999986287,32193,19660,0
10951,-5.149999999999931,-2.0999999999998877,38958,19660,0
10952,-6.699999999999953,-4.5499999999999226,26509,19660,0
10953,-5.149999999999931,1.0000000000001563,39020,19660,0
10954,-5.349999999999934,-4.199999999999918,37316,19660,0
10955,-5.499999999999936,-7.649999999999967,36047,19660,0
10956,-5.549999999999937,6.750000000000238,35935,19660,0
10957,-5.449999999999935,3.800000000000196,36676,19660,0
10958,-6.299999999999947,-8.449999999999978,29631,19660,0
10959,-6.099999999999945,4.300000000000203,31486,19660,0
10960,-5.849999999999941,6.5000000000002345,33530,19660,0
10961,-6.149999999999945,2.400000000000176,31048,19660,0
10962,-6.699999999999953,3.3500000000001897,26667,19660,0
10963,-5.899999999999942,7.550000000000249,33151,19660,0
10964,-6.749999999999954,2.5500000000001783,26251,19660,0
10965,-6.649999999999952,5.700000000000223,27114,19660,0
10966,-5.149999999999931,3.0500000000001855,39061,19660,0
10967,-6.349999999999948,-4.949999999999928,29301,19660,0
10968,-7.1499999999999595,-4.199999999999918,22916,19660,0
10969,-6.4499999999999496,6.600000000000236,28732,19660,0
10970,-7.1499999999999595,2.0500000000001712,23041,19660,0
10971,-6.4499999999999496,-8.199999999999974,28436,19660,0
10972,-7.249999999999961,-5.399999999999935,22092,19660,0
10973,-6.649999999999952,-7.399999999999963,26852,19660,0
10974,-6.149999999999945,-8.099999999999973,30838,19660,0
10975,-5.9499999999999424,-8.949999999999985,32421,19660,0
10976,-5.149999999999931,-8.54999999999998,38829,19660,0
10977,-5.649999999999938,-9.95,34801,19660,0
10978,-6.899999999999956,-6.349999999999948,24873,19660,0
10979,-7.399999999999963,3.7000000000001947,21074,19660,0
10980,-5.74999999999994,-2.7999999999998977,34144,19660,0
10981,-5.04999999999993,1.4500000000001627,39829,19660,0
10982,-6.899999999999956,-6.949999999999957,24861,19660,0
10983,-5.449999999999935,-6.549999999999951,36469,19660,0
10984,-6.149999999999945,-8.849999999999984,30823,19660,0
10985,-6.949999999999957,6.350000000000232,24727,19660,0
10986,-5.2499999999999325,8.000000000000256,38360,19660,0
10987,-5.549999999999937,-7.099999999999959,35658,19660,0
10988,-6.349999999999948,3.9000000000001975,29478,19660,0
10989,-5.199999999999932,-9.099999999999987,38418,19660,0
10990,-7.399999999999963,5.150000000000215,21103,19660,0
10991,-6.299999999999947,-3.599999999999909,29728,19660,0
10992,-6.199999999999946,-6.049999999999944,30479,19660,0
10993,-6.599999999999952,-5.5999999999999375,27288,19660,0
10994,-6.4499999999999496,-6.49999999999995,28470,19660,0
10995,-6.4499999999999496,-3.6999999999999105,28526,19660,0
10996,-6.649999999999952,8.200000000000259,27164,19660,0
10997,-5.149999999999931,-4.0499999999999154,38919,19660,0
10998,-6.849999999999955,0.25000000000014566,25405,19660,0
10999,-5.349999999999934,8.30000000000026,37566,19660,0
11000,-5.09999999999993,5.100000000000215,39502,19660,0
11001,-5.9499999999999424,-0.5999999999998664,32588,19660,0
11002,-5.449999999999935,3.0500000000001855,36661,19660,0
11003,-7.349999999999962,-6.549999999999951,21269,19660,0
11004,-6.249999999999947,3.6000000000001933,30272,19660,0
11005,-5.74999999999994,3.450000000000191,34269,19660,0
11006,-6.4499999999999496,-7.349999999999962,28453,19660,0
11007,-5.849999999999941,4.80000000000021,33496,19660,0
11008,-7.1499999999999595,5.350000000000218,23107,19660,0
11009,-6.049999999999944,-2.2999999999998906,31754,19660,0
11010,-5.499999999999936,9.100000000000271,36382,19660,0
11011,-6.149999999999945,-7.8499999999999694,30843,19660,0
11012,-7.049999999999958,-0.9499999999998714,23781,19660,0
11013,-5.04999999999993,-9.749999999999996,39605,19660,0
11014,-5.999999999999943,9.70000000000028,32394,19660,0
11015,-6.649999999999952,-7.049999999999958,26859,19660,0
11016,-7.099999999999959,9.950000000000284,23599,19660,0
11017,-7.099999999999959,-6.899999999999956,23262,19660,0
11018,-5.04999999999993,-8.199999999999974,39636,19660,0
11019,-6.199999999999946,4.650000000000208,30693,19660,0
11020,-7.049999999999958,-7.749999999999968,23645,19660,0
11021,-6.899999999999956,9.500000000000277,25190,19660,0
11022,-6.4499999999999496,3.7000000000001947,28674,19660,0
11023,-5.5999999999999375,-8.199999999999974,35236,19660,0
11024,-6.049999999999944,7.250000000000245,31945,19660,0
11025,-6.549999999999951,-5.04999999999993,27699,19660,0
11026,-5.74999999999994,1.1500000000001585,34223,19660,0
11027,-6.7999999999999545,-9.399999999999991,25612,19660,0
11028,-6.899999999999956,4.500000000000206,25090,19660,0
11029,-5.699999999999939,-2.9999999999999005,34540,19660,0
11030,-6.749999999999954,-1.199999999999875,26176,19660,0
11031,-5.449999999999935,4.9500000000002125,36699,19660,0
11032,-6.4499999999999496,6.5000000000002345,28730,19660,0
11033,-7.1499999999999595,-5.449999999999935,22891,19660,0
11034,-6.099999999999945,-5.79999999999994,31284,19660,0
11035,-5.699999999999939,3.500000000000192,34670,19660,0
11036,-6.199999999999946,6.650000000000237,30733,19660,0
11037,-5.899999999999942,-7.749999999999968,32845,19660,0
11038,-5.399999999999935,-0.14999999999986002,36997,19660,0
11039,-6.599999999999952,-3.249999999999904,27335,19660,0
11040,-6.749999999999954,1.4210854715202004e-13,26200,19660,0
11041,-5.399999999999935,-7.89999999999997,36842,19660,0
11042,-7.19999999999996,9.250000000000274,22785,19660,0
11043,-7.449999999999964,8.000000000000256,20760,19660,0
11044,-7.1499999999999595,3.650000000000194,23073,19660,0
11045,-6.149999999999945,-2.599999999999895,30948,19660,0
11046,-7.19999999999996,-6.599999999999952,22468,19660,0
11047,-5.04999999999993,-1.2499999999998757,39775,19660,0
11048,-6.949999999999957,-7.4999999999999645,24450,19660,0
11049,-5.399999999999935,-8.249999999999975,36835,19660,0
11050,-5.04999999999993,-7.8499999999999694,39643,19660,0
11051,-6.699999999999953,-4.749999999999925,26505,19660,0
11052,-6.699999999999953,9.500000000000277,26790,19660,0
11053,-6.299999999999947,-0.0499999999998586,29799,19660,0
11054,-5.5999999999999375,5.600000000000222,35512,19660,0
11055,-7.1499999999999595,3.0500000000001855,23061,19660,0
11056,-5.5999999999999375,5.100000000000215,35502,19660,0
11057,-6.849999999999955,-1.7999999999998835,25364,19660,0
11058,-6.749999999999954,9.350000000000275,26387,19660,0
11059,-6.299999999999947,-4.449999999999921,29711,19660,0
11060,-5.849999999999941,-6.949999999999957,33261,19660,0
11061,-7.19999999999996,-1.2999999999998764,22574,19660,0
11062,-6.4499999999999496,-3.8999999999999133,28522,19660,0
11063,-6.49999999999995,-7.549999999999965,28049,19660,0
11064,-5.79999999999994,7.500000000000249,33950,19660,0
11065,-7.399999999999963,-2.0999999999998877,20958,19660,0
11066,-5.04999999999993,-6.999999999999957,39660,19660,0
11067,-5.149999999999931,8.25000000000026,39165,19660,0
11068,-5.549999999999937,8.700000000000266,35974,19660,0
11069,-5.74999999999994,1.3000000000001606,34226,19660,0
11070,-5.449999999999935,-8.949999999999985,36421,19660,0
11071,-6.399999999999949,0.4000000000001478,29008,19660,0
11072,-6.4499999999999496,-6.149999999999945,28477,19660,0
11073,-6.049999999999944,8.900000000000269,31978,19660,0
11074,-6.999999999999957,8.150000000000258,24363,19660,0
11075,-6.899999999999956,-3.449999999999907,24931,19660,0
11076,-7.249999999999961,-0.7999999999998693,22184,19660,0
11077,-6.299999999999947,-4.0499999999999154,29719,19660,0
11078,-6.4499999999999496,1.5500000000001641,28631,19660,0
11079,-7.399999999999963,-6.699999999999953,20866,19660,0
11080,-6.549999999999951,-4.299999999999919,27714,19660,0
11081,-5.849999999999941,-3.8999999999999133,33322,19660,0
11082,-7.1499999999999595,-1.0499999999998728,22979,19660,0
11083,-6.749999999999954,4.300000000000203,26286,19660,0
11084,-5.849999999999941,-3.749999999999911,33325,19660,0
11085,-5.499999999999936,-8.399999999999977,36032,19660,0
11086,-6.749999999999954,1.5500000000001641,26231,19660,0
11087,-6.899999999999956,-2.049999999999887,24959,19660,0
11088,-6.49999999999995,-1.3999999999998778,28172,19660,0
11089,-5.04999999999993,4.150000000000201,39883,19660,0
11090,-5.699999999999939,-1.0499999999998728,34579,19660,0
11091,-5.849999999999941,-4.149999999999917,33317,19660,0
11092,-5.74999999999994,-4.499999999999922,34110,19660,0
11093,-7.099999999999959,0.7500000000001528,23415,19660,0
11094,-6.949999999999957,-3.9999999999999147,24520,19660,0
11095,-7.19999999999996,-2.899999999999899,22542,19660,0
11096,-5.899999999999942,-9.099999999999987,32818,19660,0
11097,-6.299999999999947,-8.049999999999972,29639,19660,0
11098,-7.449999999999964,-7.19999999999996,20456,19660,0
11099,-7.349999999999962,0.25000000000014566,21405,19660,0
11100,-5.149999999999931,3.100000000000186,39062,19660,0
11101,-5.74999999999994,4.000000000000199,34280,19660,0
11102,-5.299999999999933,-5.9499999999999424,37681,19660,0
11103,-6.249999999999947,-3.6499999999999098,30127,19660,0
11104,-6.399999999999949,-0.34999999999986287,28993,19660,0
11105,-5.199999999999932,-3.1999999999999034,38536,19660,0
11106,-6.349999999999948,-2.24999999999989,29355,19660,0
11107,-6.399999999999949,-3.099999999999902,28938,19660,0
11108,-5.149999999999931,6.90000000000024,39138,19660,0
11109,-6.699999999999953,7.7000000000002515,26754,19660,0
11110,-6.349999999999948,-6.649999999999952,29267,19660,0
11111,-6.899999999999956,5.850000000000225,25117,19660,0
11112,-6.199999999999946,-1.899999999999885,30562,19660,0
11113,-6.349999999999948,-9.29999999999999,29214,19660,0
11114,-6.149999999999945,8.95000000000027,31179,19660,0
11115,-5.699999999999939,0.30000000000014637,34606,19660,0
11116,-6.149999999999945,8.25000000000026,31165,19660,0
11117,-7.449999999999964,9.950000000000284,20799,19660,0
11118,-7.19999999999996,9.850000000000282,22797,19660,0
11119,-5.499999999999936,-8.399999999999977,36032,19660,0
11120,-5.499999999999936,3.2000000000001876,36264,19660,0
11121,-5.2499999999999325,2.450000000000177,38249,19660,0
11122,-5.149999999999931,-8.799999999999983,38824,19660,0
11123,-6.249999999999947,-6.4499999999999496,30071,19660,0
11124,-5.499999999999936,-4.249999999999918,36115,19660,0
11125,-7.19999999999996,-3.099999999999902,22538,19660,0
11126,-6.049999999999944,6.000000000000227,31920,19660,0
11127,-5.899999999999942,5.350000000000218,33107,19660,0
11128,-6.099999999999945,9.150000000000272,31583,19660,0
11129,-7.4999999999999645,-8.949999999999985,20021,19660,0
11130,-6.149999999999945,-4.849999999999927,30903,19660,0
11131,-6.849999999999955,-0.19999999999986073,25396,19660,0
11132,-6.349999999999948,3.7500000000001954,29475,19660,0
11133,-6.899999999999956,9.900000000000283,25198,19660,0
11134,-6.049999999999944,6.650000000000237,31933,19660,0
11135,-7.19999999999996,-2.549999999999894,22549,19660,0
11136,-5.549999999999937,6.350000000000232,35927,19660,0
11137,-6.999999999999957,-0.84999999999987,24183,19660,0
11138,-7.299999999999962,1.4500000000001627,21829,19660,0
11139,-5.549999999999937,0.15000000000014424,35803,19660,0
11140,-5.399999999999935,-4.8999999999999275,36902,19660,0
11141,-5.74999999999994,-4.5499999999999226,34109,19660,0
11142,-7.099999999999959,4.000000000000199,23480,19660,0
11143,-5.499999999999936,9.75000000000028,36395,19660,0
11144,-7.399999999999963,-5.699999999999939,20886,19660,0
11145,-6.399999999999949,6.700000000000237,29134,19660,0
11146,-5.79999999999994,-5.199999999999932,33696,19660,0
11147,-5.499999999999936,-7.299999999999962,36054,19660,0
11148,-5.74999999999994,-7.19999999999996,34056,19660,0
11149,-7.449999999999964,-7.4999999999999645,20450,19660,0
11150,-5.79999999999994,-2.0999999999998877,33758,19660,0
11151,-6.399999999999949,-9.149999999999988,28817,19660,0
11152,-5.2499999999999325,0.6000000000001506,38212,19660,0
11153,-5.649999999999938,9.200000000000273,35184,19660,0
11154,-6.149999999999945,-6.749999999999954,30865,19660,0
11155,-6.7999999999999545,0.30000000000014637,25806,19660,0
11156,-5.2499999999999325,7.750000000000252,38355,19660,0
11157,-6.399999999999949,-1.199999999999875,28976,19660,0
11158,-5.699999999999939,-7.299999999999962,34454,19660,0
11159,-6.949999999999957,7.500000000000249,24750,19660,0
11160,-6.899999999999956,-1.4499999999998785,24971,19660,0
11161,-6.849999999999955,-0.84999999999987,25383,19660,0
11162,-5.349999999999934,-0.34999999999986287,37393,19660,0
11163,-7.349999999999962,5.200000000000216,21504,19660,0
11164,-6.49999999999995,-3.749999999999911,28125,19660,0
11165,-5.399999999999935,-6.749999999999954,36865,19660,0
11166,-6.999999999999957,1.1000000000001577,24222,19660,0
11167,-5.79999999999994,-6.349999999999948,33673,19660,0
11168,-6.899999999999956,7.350000000000247,25147,19660,0
11169,-5.09999999999993,6.050000000000228,39521,19660,0
11170,-6.849999999999955,9.70000000000028,25594,19660,0
11171,-5.399999999999935,8.700000000000266,37174,19660,0
11172,-5.09999999999993,-6.649999999999952,39267,19660,0
11173,-6.7999999999999545,-5.09999999999993,25698,19660,0
11174,-5.699999999999939,-4.999999999999929,34500,19660,0
11175,-5.5999999999999375,-7.8499999999999694,35243,19660,0
11176,-5.849999999999941,-2.2999999999998906,33354,19660,0
11177,-5.999999999999943,-4.449999999999921,32111,19660,0
11178,-5.399999999999935,0.8000000000001535,37016,19660,0
11179,-6.599999999999952,-1.2499999999998757,27375,19660,0
11180,-6.899999999999956,-7.049999999999958,24859,19660,0
11181,-6.099999999999945,1.5500000000001641,31431,19660,0
11182,-5.9499999999999424,2.950000000000184,32659,19660,0
11183,-5.9499999999999424,5.650000000000222,32713,19660,0
11184,-6.4499999999999496,5.50000000000022,28710,19660,0
11185,-5.149999999999931,-2.2999999999998906,38954,19660,0
11186,-6.099999999999945,-8.299999999999976,31234,19660,0
11187,-7.4999999999999645,9.75000000000028,20395,19660,0
11188,-5.9499999999999424,7.500000000000249,32750,19660,0
11189,-7.399999999999963,-6.699999999999953,20866,19660,0
11190,-6.999999999999957,-5.699999999999939,24086,19660,0
11191,-5.649999999999938,-2.7999999999998977,34944,19660,0
11192,-6.299999999999947,8.050000000000257,29961,19660,0
11193,-5.499999999999936,9.75000000000028,36395,19660,0
11194,-5.149999999999931,7.60000000000025,39152,19660,0
11195,-7.049999999999958,-8.949999999999985,23621,19660,0
11196,-5.399999999999935,-0.5499999999998657,36989,19660,0
11197,-6.599999999999952,6.600000000000236,27532,19660,0
11198,-6.299999999999947,4.500000000000206,29890,19660,0
11199,-5.2499999999999325,9.600000000000279,38392,19660,0
11200,-6.349999999999948,-9.399999999999991,29212,19660,0
11201,-7.049999999999958,0.10000000000014353,23802,19660,0
11202,-5.74999999999994,2.100000000000172,34242,19660,0
11203,-5.699999999999939,-0.34999999999986287,34593,19660,0
11204,-6.299999999999947,9.65000000000028,29993,19660,0
11205,-6.099999999999945,-1.0499999999998728,31379,19660,0
11206,-6.249999999999947,-8.399999999999977,30032,19660,0
11207,-5.79999999999994,1.3500000000001613,33827,19660,0
11208,-5.999999999999943,1.1500000000001585,32223,19660,0
11209,-6.699999999999953,5.050000000000214,26701,19660,0
11210,-6.7999999999999545,9.400000000000276,25988,19660,0
11211,-6.249999999999947,-6.849999999999955,30063,19660,0
11212,-6.399999999999949,-3.4999999999999076,28930,19660,0
11213,-7.099999999999959,1.1000000000001577,23422,19660,0
11214,-5.74999999999994,-4.599999999999923,34108,19660,0
11215,-6.299999999999947,5.850000000000225,29917,19660,0
11216,-7.349999999999962,8.800000000000267,21576,19660,0
11217,-6.149999999999945,1.1500000000001585,31023,19660,0
11218,-7.299999999999962,7.450000000000248,21949,19660,0
11219,-5.849999999999941,2.0000000000001705,33440,19660,0
11220,-7.449999999999964,-7.799999999999969,20444,19660,0
11221,-6.299999999999947,-3.8499999999999126,29723,19660,0
11222,-7.19999999999996,-8.149999999999974,22437,19660,0
11223,-5.399999999999935,2.5000000000001776,37050,19660,0
11224,-5.09999999999993,4.900000000000212,39498,19660,0
11225,-6.899999999999956,1.9500000000001698,25039,19660,0
11226,-6.349999999999948,4.500000000000206,29490,19660,0
11227,-6.649999999999952,9.350000000000275,27187,19660,0
11228,-6.899999999999956,1.2000000000001592,25024,19660,0
11229,-5.09999999999993,-9.399999999999991,39212,19660,0
11230,-7.4999999999999645,1.3000000000001606,20226,19660,0
11231,-7.299999999999962,-7.299999999999962,21654,19660,0
11232,-5.899999999999942,9.400000000000276,33188,19660,0
11233,-6.599999999999952,9.900000000000283,27598,19660,0
11234,-5.399999999999935,1.4500000000001627,37029,19660,0
11235,-6.299999999999947,6.950000000000241,29939,19660,0
11236,-6.099999999999945,3.9500000000001982,31479,19660,0
11237,-6.7999999999999545,-3.399999999999906,25732,19660,0
11238,-6.849999999999955,-1.349999999999877,25373,19660,0
11239,-6.299999999999947,-8.149999999999974,29637,19660,0
11240,-6.649999999999952,-8.59999999999998,26828,19660,0
11241,-6.849999999999955,8.650000000000265,25573,19660,0
11242,-5.5999999999999375,-8.199999999999974,35236,19660,0
11243,-6.49999999999995,7.250000000000245,28345,19660,0
11244,-6.849999999999955,0.6000000000001506,25412,19660,0
11245,-5.2499999999999325,-7.299999999999962,38054,19660,0
11246,-6.299999999999947,-3.4999999999999076,29730,19660,0
11247,-5.349999999999934,3.450000000000191,37469,19660,0
11248,-5.74999999999994,0.6000000000001506,34212,19660,0
11249,-6.549999999999951,2.950000000000184,27859,19660,0
11250,-5.499999999999936,7.500000000000249,36350,19660,0
11251,-5.549999999999937,-8.64999999999998,35627,19660,0
11252,-6.7999999999999545,-0.84999999999987,25783,19660,0
11253,-6.699999999999953,1.750000000000167,26635,19660,0
11254,-5.849999999999941,8.850000000000268,33577,19660,0
11255,-5.9499999999999424,1.2500000000001599,32625,19660,0
11256,-5.09999999999993,7.450000000000248,39549,19660,0
11257,-7.4999999999999645,2.5500000000001783,20251,19660,0
11258,-6.399999999999949,9.950000000000284,29199,19660,0
11259,-7.449999999999964,7.100000000000243,20742,19660,0
11260,-6.649999999999952,5.900000000000226,27118,19660,0
11261,-7.19999999999996,8.750000000000266,22775,19660,0
11262,-6.749999999999954,5.900000000000226,26318,19660,0
11263,-6.249999999999947,7.100000000000243,30342,19660,0
11264,-5.699999999999939,7.850000000000254,34757,19660,0
11265,-6.149999999999945,-0.499999999999865,30990,19660,0
11266,-5.899999999999942,9.300000000000274,33186,19660,0
11267,-6.199999999999946,5.400000000000219,30708,19660,0
11268,-5.999999999999943,-1.349999999999877,32173,19660,0
11269,-5.149999999999931,6.950000000000241,39139,19660,0
11270,-5.74999999999994,1.5500000000001641,34231,19660,0
11271,-7.349999999999962,-7.89999999999997,21242,19660,0
11272,-5.699999999999939,-3.8999999999999133,34522,19660,0
11273,-6.149999999999945,-8.499999999999979,30830,19660,0
11274,-6.199999999999946,1.2500000000001599,30625,19660,0
11275,-5.449999999999935,-0.34999999999986287,36593,19660,0
11276,-5.999999999999943,1.750000000000167,32235,19660,0
11277,-6.149999999999945,2.1500000000001727,31043,19660,0
11278,-6.199999999999946,-3.6499999999999098,30527,19660,0
11279,-5.849999999999941,2.0000000000001705,33440,19660,0
11280,-5.199999999999932,-5.299999999999933,38494,19660,0
11281,-7.449999999999964,4.2500000000002025,20685,19660,0
11282,-7.19999999999996,-2.049999999999887,22559,19660,0
11283,-5.199999999999932,6.300000000000232,38726,19660,0
11284,-6.349999999999948,1.8500000000001684,29437,19660,0
11285,-5.09999999999993,-3.449999999999907,39331,19660,0
11286,-5.449999999999935,8.500000000000263,36770,19660,0
11287,-5.5999999999999375,-2.3499999999998913,35353,19660,0
11288,-6.049999999999944,-9.699999999999996,31606,19660,0
11289,-6.49999999999995,2.8500000000001826,28257,19660,0
11290,-6.849999999999955,-8.299999999999976,25234,19660,0
11291,-7.1499999999999595,8.750000000000266,23175,19660,0
11292,-6.699999999999953,-0.5499999999998657,26589,19660,0
11293,-6.899999999999956,-7.599999999999966,24848,19660,0
11294,-5.199999999999932,-2.4999999999998934,38550,19660,0
11295,-5.849999999999941,-4.649999999999924,33307,19660,0
11296,-5.899999999999942,9.100000000000271,33182,19660,0
11297,-7.449999999999964,-7.19999999999996,20456,19660,0
11298,-6.099999999999945,-1.9999999999998863,31360,19660,0
11299,-5.899999999999942,8.150000000000258,33163,19660,0
11300,-7.249999999999961,1.4500000000001627,22229,19660,0
11301,-6.699999999999953,-1.7499999999998828,26565,19660,0
11302,-6.149999999999945,1.2000000000001592,31024,19660,0
11303,-5.449999999999935,3.500000000000192,36670,19660,0
11304,-5.499999999999936,6.700000000000237,36334,19660,0
11305,-6.599999999999952,-9.549999999999994,27209,19660,0
11306,-5.999999999999943,-8.249999999999975,32035,19660,0
11307,-5.149999999999931,2.5500000000001783,39051,19660,0
11308,-5.649999999999938,-7.19999999999996,34856,19660,0
11309,-5.649999999999938,3.9000000000001975,35078,19660,0
11310,-5.999999999999943,-3.799999999999912,32124,19660,0
11311,-7.249999999999961,2.0500000000001712,22241,19660,0
11312,-6.49999999999995,0.25000000000014566,28205,19660,0
11313,-7.299999999999962,9.450000000000276,21989,19660,0
11314,-6.749999999999954,-4.649999999999924,26107,19660,0
11315,-7.399999999999963,-2.399999999999892,20952,19660,0
11316,-7.399999999999963,9.75000000000028,21195,19660,0
11317,-6.549999999999951,-6.4499999999999496,27671,19660,0
11318,-6.849999999999955,-2.8499999999998984,25343,19660,0
11319,-5.79999999999994,1.4500000000001627,33829,19660,0
11320,-5.899999999999942,9.350000000000275,33187,19660,0
11321,-7.1499999999999595,-9.699999999999996,22806,19660,0
11322,-5.449999999999935,-6.399999999999949,36472,19660,0
11323,-7.049999999999958,-4.499999999999922,23710,19660,0
11324,-5.79999999999994,7.750000000000252,33955,19660,0
11325,-6.299999999999947,-8.149999999999974,29637,19660,0
11326,-5.449999999999935,-0.14999999999986002,36597,19660,0
11327,-6.149999999999945,-2.399999999999892,30952,19660,0
11328,-5.349999999999934,7.850000000000254,37557,19660,0
11329,-6.4499999999999496,3.0000000000001847,28660,19660,0
11330,-6.249999999999947,6.20000000000023,30324,19660,0
11331,-5.09999999999993,2.6500000000001798,39453,19660,0
11332,-6.999999999999957,-9.799999999999997,24004,19660,0
11333,-6.699999999999953,-0.19999999999986073,26596,19660,0
11334,-6.999999999999957,7.550000000000249,24351,19660,0
11335,-6.749999999999954,-1.699999999999882,26166,19660,0
11336,-7.1499999999999595,-2.1499999999998884,22957,19660,0
11337,-5.549999999999937,4.900000000000212,35898,19660,0
11338,-5.999999999999943,-9.049999999999986,32019,19660,0
11339,-5.349999999999934,-0.19999999999986073,37396,19660,0
11340,-6.4499999999999496,4.000000000000199,28680,19660,0
11341,-6.7999999999999545,1.8000000000001677,25836,19660,0
11342,-5.549999999999937,-5.149999999999931,35697,19660,0
11343,-5.449999999999935,-0.499999999999865,36590,19660,0
11344,-6.299999999999947,9.350000000000275,29987,19660,0
11345,-5.149999999999931,-5.5999999999999375,38888,19660,0
11346,-6.249999999999947,-5.5999999999999375,30088,19660,0
11347,-5.699999999999939,-0.0499999999998586,34599,19660,0
11348,-7.049999999999958,-7.349999999999962,23653,19660,0
11349,-5.549999999999937,9.00000000000027,35980,19660,0
11350,-5.149999999999931,9.950000000000284,39199,19660,0
11351,-5.849999999999941,0.4500000000001485,33409,19660,0
11352,-5.649999999999938,-7.799999999999969,34844,19660,0
11353,-5.499999999999936,-2.899999999999899,36142,19660,0
11354,-6.599999999999952,-3.6499999999999098,27327,19660,0
11355,-7.399999999999963,-6.4499999999999496,20871,19660,0
11356,-6.49999999999995,-8.499999999999979,28030,19660,0
11357,-7.049999999999958,0.6500000000001513,23813,19660,0
11358,-6.599999999999952,-3.099999999999902,27338,19660,0
11359,-5.699999999999939,4.2500000000002025,34685,19660,0
11360,-5.849999999999941,0.3500000000001471,33407,19660,0
11361,-5.79999999999994,-0.5999999999998664,33788,19660,0
11362,-6.949999999999957,-9.849999999999998,24403,19660,0
11363,-6.999999999999957,-0.5499999999998657,24189,19660,0
11364,-7.399999999999963,7.400000000000247,21148,19660,0
11365,-5.2499999999999325,-1.9499999999998856,38161,19660,0
11366,-5.9499999999999424,9.65000000000028,32793,19660,0
11367,-5.899999999999942,-8.049999999999972,32839,19660,0
11368,-5.79999999999994,-9.649999999999995,33607,19660,0
11369,-5.199999999999932,8.900000000000269,38778,19660,0
11370,-6.749999999999954,-9.649999999999995,26007,19660,0
11371,-5.74999999999994,7.750000000000252,34355,19660,0
11372,-5.699999999999939,4.75000000000021,34695,19660,0
11373,-6.349999999999948,-9.149999999999988,29217,19660,0
11374,-5.09999999999993,6.400000000000233,39528,19660,0
11375,-5.149999999999931,-1.349999999999877,38973,19660,0
11376,-5.849999999999941,-1.7999999999998835,33364,19660,0
11377,-5.649999999999938,-0.8999999999998707,34982,19660,0
11378,-5.79999999999994,-6.549999999999951,33669,19660,0
11379,-5.5999999999999375,-9.649999999999995,35207,19660,0
11380,-5.549999999999937,-4.449999999999921,35711,19660,0
11381,-6.549999999999951,9.65000000000028,27993,19660,0
11382,-6.349999999999948,-7.799999999999969,29244,19660,0
11383,-6.349999999999948,3.9000000000001975,29478,19660,0
11384,-6.399999999999949,-0.0499999999998586,28999,19660,0
11385,-6.399999999999949,-3.8499999999999126,28923,19660,0
11386,-7.4999999999999645,-6.349999999999948,20073,19660,0
11387,-5.999999999999943,-0.7999999999998693,32184,19660,0
11388,-6.4499999999999496,8.30000000000026,28766,19660,0
11389,-5.899999999999942,9.75000000000028,33195,19660,0
11390,-7.349999999999962,0.10000000000014353,21402,19660,0
11391,-6.049999999999944,7.400000000000247,31948,19660,0
11392,-5.9499999999999424,-9.899999999999999,32402,19660,0
11393,-7.299999999999962,-5.849999999999941,21683,19660,0
11394,-6.4499999999999496,8.900000000000269,28778,19660,0
11395,-7.1499999999999595,-8.899999999999984,22822,19660,0
11396,-6.949999999999957,-6.049999999999944,24479,19660,0
11397,-6.599999999999952,-0.5999999999998664,27388,19660,0
11398,-7.099999999999959,3.5500000000001926,23471,19660,0
11399,-5.349999999999934,-7.749999999999968,37245,19660,0
11400,-5.9499999999999424,-6.7999999999999545,32464,19660,0
11401,-5.499999999999936,-6.199999999999946,36076,19660,0
11402,-5.999999999999943,-8.099999999999973,32038,19660,0
11403,-6.149999999999945,5.700000000000223,31114,19660,0
11404,-6.649999999999952,-2.0999999999998877,26958,19660,0
11405,-7.299999999999962,7.000000000000242,21940,19660,0
11406,-5.899999999999942,-1.199999999999875,32976,19660,0
11407,-6.699999999999953,-1.2999999999998764,26574,19660,0
11408,-5.449999999999935,6.600000000000236,36732,19660,0
11409,-5.399999999999935,2.5500000000001783,37051,19660,0
11410,-5.2499999999999325,3.150000000000187,38263,19660,0
11411,-6.949999999999957,5.200000000000216,24704,19660,0
11412,-6.149999999999945,-7.999999999999972,30840,19660,0
11413,-5.549999999999937,-6.599999999999952,35668,19660,0
11414,-5.499999999999936,3.5500000000001926,36271,19660,0
11415,-6.899999999999956,-7.649999999999967,24847,19660,0
11416,-5.999999999999943,-7.549999999999965,32049,19660,0
11417,-5.74999999999994,-3.249999999999904,34135,19660,0
11418,-5.149999999999931,-2.24999999999989,38955,19660,0
11419,-6.999999999999957,-7.449999999999964,24051,19660,0
11420,-7.249999999999961,2.300000000000175,22246,19660,0
11421,-5.299999999999933,3.150000000000187,37863,19660,0
11422,-5.549999999999937,-6.149999999999945,35677,19660,0
11423,-5.299999999999933,9.300000000000274,37986,19660,0
11424,-5.649999999999938,9.200000000000273,35184,19660,0
11425,-6.299999999999947,-4.699999999999925,29706,19660,0
11426,-6.49999999999995,4.650000000000208,28293,19660,0
11427,-6.299999999999947,1.1000000000001577,29822,19660,0
11428,-5.899999999999942,1.050000000000157,33021,19660,0
11429,-6.699999999999953,-8.799999999999983,26424,19660,0
11430,-6.4499999999999496,1.0000000000001563,28620,19660,0
11431,-7.099999999999959,-1.349999999999877,23373,19660,0
11432,-7.449999999999964,-2.9999999999999005,20540,19660,0
11433,-5.9499999999999424,4.850000000000211,32697,19660,0
11434,-5.9499999999999424,8.95000000000027,32779,19660,0
11435,-5.74999999999994,4.850000000000211,34297,19660,0
11436,-7.449999999999964,0.6000000000001506,20612,19660,0
11437,-7.4999999999999645,-0.09999999999985931,20198,19660,0
11438,-7.349999999999962,-7.349999999999962,21253,19660,0
11439,-7.299999999999962,-8.049999999999972,21639,19660,0
11440,-5.299999999999933,2.8500000000001826,37857,19660,0
11441,-7.399999999999963,-5.74999999999994,20885,19660,0
11442,-6.549999999999951,8.200000000000259,27964,19660,0
11443,-5.449999999999935,-0.4499999999998643,36591,19660,0
11444,-6.949999999999957,-3.249999999999904,24535,19660,0
11445,-7.249999999999961,-5.74999999999994,22085,19660,0
11446,-6.049999999999944,3.650000000000194,31873,19660,0
11447,-5.04999999999993,-9.95,39601,19660,0
11448,-5.09999999999993,7.900000000000254,39558,19660,0
11449,-6.49999999999995,-2.6499999999998956,28147,19660,0
11450,-7.349999999999962,-1.4499999999998785,21371,19660,0
11451,-5.09999999999993,7.800000000000253,39556,19660,0
11452,-6.749999999999954,1.0000000000001563,26220,19660,0
11453,-5.499999999999936,3.6000000000001933,36272,19660,0
11454,-6.049999999999944,6.8500000000002395,31937,19660,0
11455,-6.699999999999953,8.30000000000026,26766,19660,0
11456,-7.19999999999996,-9.099999999999987,22418,19660,0
11457,-6.249999999999947,-0.6999999999998678,30186,19660,0
11458,-6.249999999999947,0.20000000000014495,30204,19660,0
11459,-6.649999999999952,-9.34999999999999,26813,19660,0
11460,-7.1499999999999595,-6.049999999999944,22879,19660,0
11461,-5.499999999999936,7.300000000000246,36346,19660,0
11462,-7.399999999999963,2.3500000000001755,21047,19660,0
11463,-5.299999999999933,-9.449999999999992,37611,19660,0
11464,-5.199999999999932,8.150000000000258,38763,19660,0
11465,-6.7999999999999545,1.5000000000001634,25830,19660,0
11466,-6.299999999999947,3.9500000000001982,29879,19660,0
11467,-7.449999999999964,-0.14999999999986002,20597,19660,0
11468,-7.299999999999962,6.90000000000024,21938,19660,0
11469,-7.049999999999958,8.400000000000261,23968,19660,0
11470,-6.399999999999949,9.65000000000028,29193,19660,0
11471,-7.19999999999996,-2.9499999999999,22541,19660,0
11472,-7.099999999999959,7.450000000000248,23549,19660,0
11473,-6.299999999999947,-0.24999999999986144,29795,19660,0
11474,-6.049999999999944,6.800000000000239,31936,19660,0
11475,-7.049999999999958,-8.699999999999982,23626,19660,0
11476,-5.349999999999934,-1.1499999999998742,37377,19660,0
11477,-7.1499999999999595,3.800000000000196,23076,19660,0
11478,-6.249999999999947,-8.049999999999972,30039,19660,0
11479,-5.2499999999999325,7.950000000000255,38359,19660,0
11480,-6.399999999999949,1.6500000000001656,29033,19660,0
11481,-5.449999999999935,8.700000000000266,36774,19660,0
11482,-5.349999999999934,-0.19999999999986073,37396,19660,0
11483,-6.149999999999945,5.250000000000217,31105,19660,0
11484,-7.19999999999996,7.550000000000249,22751,19660,0
11485,-7.19999999999996,0.7000000000001521,22614,19660,0
11486,-6.149999999999945,-8.899999999999984,30822,19660,0
11487,-5.899999999999942,-8.349999999999977,32833,19660,0
11488,-6.349999999999948,-1.0999999999998735,29378,19660,0
11489,-6.599999999999952,-4.649999999999924,27307,19660,0
11490,-5.649999999999938,-8.799999999999983,34824,19660,0
11491,-6.49999999999995,-1.2999999999998764,28174,19660,0
11492,-5.9499999999999424,5.45000000000022,32709,19660,0
11493,-5.999999999999943,2.600000000000179,32252,19660,0
11494,-6.749999999999954,1.900000000000169,26238,19660,0
11495,-6.049999999999944,9.200000000000273,31984,19660,0
11496,-5.199999999999932,7.60000000000025,38752,19660,0
11497,-6.349999999999948,6.600000000000236,29532,19660,0
11498,-6.149999999999945,-2.0999999999998877,30958,19660,0
11499,-6.299999999999947,-5.349999999999934,29693,19660,0
11500,-7.099999999999959,-7.949999999999971,23241,19660,0
11501,-6.649999999999952,-5.849999999999941,26883,19660,0
11502,-5.899999999999942,-7.4999999999999645,32850,19660,0
11503,-5.5999999999999375,6.100000000000229,35522,19660,0
11504,-6.49999999999995,-6.249999999999947,28075,19660,0
11505,-7.249999999999961,6.000000000000227,22320,19660,0
11506,-7.249999999999961,-9.099999999999987,22018,19660,0
11507,-7.399999999999963,-7.449999999999964,20851,19660,0
11508,-7.099999999999959,-5.04999999999993,23299,19660,0
11509,-5.899999999999942,-3.399999999999906,32932,19660,0
11510,-5.449999999999935,5.150000000000215,36703,19660,0
11511,-6.4499999999999496,5.50000000000022,28710,19660,0
11512,-6.549999999999951,9.150000000000272,27983,19660,0
11513,-6.549999999999951,-4.449999999999921,27711,19660,0
11514,-6.399999999999949,9.400000000000276,29188,19660,0
11515,-5.849999999999941,-4.599999999999923,33308,19660,0
11516,-5.899999999999942,9.300000000000274,33186,19660,0
11517,-6.399999999999949,-0.84999999999987,28983,19660,0
11518,-5.899999999999942,-4.699999999999925,32906,19660,0
11519,-5.699999999999939,-3.1499999999999027,34537,19660,0
11520,-6.099999999999945,-7.599999999999966,31248,19660,0
11521,-5.549999999999937,-2.9999999999999005,35740,19660,0
11522,-5.2499999999999325,4.6000000000002075,38292,19660,0
11523,-6.4499999999999496,1.3000000000001606,28626,19660,0
11524,-5.299999999999933,-1.199999999999875,37776,19660,0
11525,-7.4999999999999645,2.3500000000001755,20247,19660,0
11526,-6.549999999999951,-0.7999999999998693,27784,19660,0
11527,-7.1499999999999595,-9.849999999999998,22803,19660,0
11528,-6.199999999999946,-4.149999999999917,30517,19660,0
11529,-6.949999999999957,-2.2999999999998906,24554,19660,0
11530,-6.949999999999957,-7.449999999999964,24451,19660,0
11531,-5.79999999999994,2.100000000000172,33842,19660,0
11532,-6.649999999999952,8.150000000000258,27163,19660,0
11533,-6.099999999999945,-6.699999999999953,31266,19660,0
11534,-5.399999999999935,-4.949999999999928,36901,19660,0
11535,-6.849999999999955,9.75000000000028,25595,19660,0
11536,-7.349999999999962,-3.8499999999999126,21323,19660,0
11537,-5.849999999999941,3.2500000000001883,33465,19660,0
11538,-6.399999999999949,1.4210854715202004e-13,29000,19660,0
11539,-7.049999999999958,5.300000000000217,23906,19660,0
11540,-7.19999999999996,1.1000000000001577,22622,19660,0
11541,-6.999999999999957,-6.099999999999945,24078,19660,0
11542,-6.049999999999944,4.000000000000199,31880,19660,0
11543,-5.149999999999931,5.200000000000216,39104,19660,0
11544,-5.499999999999936,-9.95,36001,19660,0
11545,-6.649999999999952,-9.899999999999999,26802,19660,0
11546,-5.299999999999933,7.300000000000246,37946,19660,0
11547,-5.09999999999993,-1.349999999999877,39373,19660,0
11548,-7.049999999999958,-0.7999999999998693,23784,19660,0
11549,-6.849999999999955,-5.499999999999936,25290,19660,0
11550,-6.249999999999947,-4.449999999999921,30111,19660,0
11551,-5.149999999999931,5.900000000000226,39118,19660,0
11552,-7.349999999999962,-3.5499999999999083,21329,19660,0
11553,-6.849999999999955,6.000000000000227,25520,19660,0
11554,-5.849999999999941,-2.749999999999897,33345,19660,0
11555,-6.849999999999955,-8.349999999999977,25233,19660,0
11556,-6.399999999999949,-0.34999999999986287,28993,19660,0
11557,-5.349999999999934,-2.2999999999998906,37354,19660,0
11558,-7.449999999999964,1.5000000000001634,20630,19660,0
11559,-5.899999999999942,3.800000000000196,33076,19660,0
11560,-5.9499999999999424,4.450000000000205,32689,19660,0
11561,-5.849999999999941,-7.349999999999962,33253,19660,0
11562,-6.349999999999948,8.450000000000262,29569,19660,0
11563,-7.19999999999996,-1.2999999999998764,22574,19660,0
11564,-7.299999999999962,-4.149999999999917,21717,19660,0
11565,-7.4999999999999645,-8.499999999999979,20030,19660,0
11566,-5.2499999999999325,-0.4499999999998643,38191,19660,0
11567,-5.499999999999936,-7.799999999999969,36044,19660,0
11568,-7.19999999999996,-6.4499999999999496,22471,19660,0
11569,-5.9499999999999424,-4.849999999999927,32503,19660,0
11570,-5.199999999999932,-1.349999999999877,38573,19660,0
11571,-6.649999999999952,-3.599999999999909,26928,19660,0
11572,-5.999999999999943,-3.449999999999907,32131,19660,0
11573,-5.79999999999994,3.4000000000001904,33868,19660,0
11574,-6.999999999999957,-3.099999999999902,24138,19660,0
11575,-5.449999999999935,-6.699999999999953,36466,19660,0
11576,-6.649999999999952,8.850000000000268,27177,19660,0
11577,-7.19999999999996,6.000000000000227,22720,19660,0
11578,-6.149999999999945,-7.89999999999997,30842,19660,0
11579,-5.299999999999933,9.400000000000276,37988,19660,0
11580,-5.74999999999994,-5.5999999999999375,34088,19660,0
11581,-5.74999999999994,-5.5999999999999375,34088,19660,0
11582,-5.349999999999934,-0.3999999999998636,37392,19660,0
11583,-5.999999999999943,1.8000000000001677,32236,19660,0
11584,-5.999999999999943,-0.19999999999986073,32196,19660,0
11585,-7.449999999999964,-7.8499999999999694,20443,19660,0
11586,-5.649999999999938,5.900000000000226,35118,19660,0
11587,-5.899999999999942,-8.749999999999982,32825,19660,0
11588,-7.449999999999964,9.250000000000274,20785,19660,0
11589,-5.9499999999999424,-1.3999999999998778,32572,19660,0
11590,-5.999999999999943,6.550000000000235,32331,19660,0
11591,-6.4499999999999496,5.350000000000218,28707,19660,0
11592,-5.2499999999999325,8.550000000000264,38371,19660,0
11593,-5.699999999999939,-6.599999999999952,34468,19660,0
11594,-5.04999999999993,9.500000000000277,39990,19660,0
11595,-7.049999999999958,-2.6999999999998963,23746,19660,0
11596,-6.549999999999951,-7.249999999999961,27655,19660,0
11597,-7.299999999999962,1.5500000000001641,21831,19660,0
11598,-6.649999999999952,-9.699999999999996,26806,19660,0
11599,-6.299999999999947,7.800000000000253,29956,19660,0
11600,-6.849999999999955,0.7000000000001521,25414,19660,0
11601,-6.699999999999953,-7.1499999999999595,26457,19660,0
11602,-7.249999999999961,4.550000000000207,22291,19660,0
11603,-7.049999999999958,-2.549999999999894,23749,19660,0
11604,-5.149999999999931,0.9500000000001556,39019,19660,0
11605,-6.049999999999944,-9.499999999999993,31610,19660,0
11606,-5.79999999999994,-5.349999999999934,33693,19660,0
11607,-6.7999999999999545,-2.199999999999889,25756,19660,0
11608,-6.4499999999999496,-8.749999999999982,28425,19660,0
11609,-5.349999999999934,0.8500000000001542,37417,19660,0
11610,-6.249999999999947,-5.849999999999941,30083,19660,0
11611,-6.349999999999948,3.0500000000001855,29461,19660,0
11612,-6.549999999999951,-3.749999999999911,27725,19660,0
11613,-7.099999999999959,-0.4499999999998643,23391,19660,0
11614,-5.199999999999932,-1.7499999999998828,38565,19660,0
11615,-6.899999999999956,4.700000000000209,25094,19660,0
11616,-6.749999999999954,-3.599999999999909,26128,19660,0
11617,-7.049999999999958,-3.5499999999999083,23729,19660,0
11618,-6.999999999999957,6.800000000000239,24336,19660,0
11619,-5.449999999999935,-8.499999999999979,36430,19660,0
11620,-5.2499999999999325,-8.849999999999984,38023,19660,0
11621,-5.849999999999941,-9.499999999999993,33210,19660,0
11622,-7.249999999999961,3.800000000000196,22276,19660,0
11623,-5.5999999999999375,4.400000000000205,35488,19660,0
11624,-7.349999999999962,3.7000000000001947,21474,19660,0
11625,-5.499999999999936,0.20000000000014495,36204,19660,0
11626,-6.699999999999953,2.1500000000001727,26643,19660,0
11627,-6.049999999999944,0.6000000000001506,31812,19660,0
11628,-6.999999999999957,2.950000000000184,24259,19660,0
11629,-5.499999999999936,7.050000000000242,36341,19660,0
11630,-5.849999999999941,4.500000000000206,33490,19660,0
11631,-7.099999999999959,-2.7999999999998977,23344,19660,0
11632,-5.79999999999994,-2.7999999999998977,33744,19660,0
11633,-5.849999999999941,6.250000000000231,33525,19660,0
11634,-6.099999999999945,-6.549999999999951,31269,19660,0
11635,-5.2499999999999325,8.900000000000269,38378,19660,0
11636,-7.449999999999964,9.05000000000027,20781,19660,0
11637,-5.649999999999938,2.300000000000175,35046,19660,0
11638,-6.949999999999957,0.20000000000014495,24604,19660,0
11639,-7.4999999999999645,7.150000000000244,20343,19660,0
11640,-6.399999999999949,2.8500000000001826,29057,19660,0
11641,-6.599999999999952,8.25000000000026,27565,19660,0
11642,-7.4999999999999645,-5.399999999999935,20092,19660,0
11643,-5.649999999999938,-0.6999999999998678,34986,19660,0
11644,-6.299999999999947,5.550000000000221,29911,19660,0
11645,-5.999999999999943,-6.549999999999951,32069,19660,0
11646,-7.4999999999999645,5.200000000000216,20304,19660,0
11647,-5.199999999999932,-2.199999999999889,38556,19660,0
11648,-5.9499999999999424,1.4210854715202004e-13,32600,19660,0
11649,-6.299999999999947,2.300000000000175,29846,19660,0
11650,-6.699999999999953,6.450000000000234,26729,19660,0
11651,-6.149999999999945,0.4000000000001478,31008,19660,0
11652,-5.999999999999943,7.800000000000253,32356,19660,0
11653,-5.549999999999937,-6.999999999999957,35660,19660,0
11654,-6.7999999999999545,-6.7999999999999545,25664,19660,0
11655,-5.849999999999941,-4.649999999999924,33307,19660,0
11656,-6.349999999999948,0.4000000000001478,29408,19660,0
11657,-5.349999999999934,5.050000000000214,37501,19660,0
11658,-6.649999999999952,-4.199999999999918,26916,19660,0
11659,-7.099999999999959,1.400000000000162,23428,19660,0
11660,-6.749999999999954,7.550000000000249,26351,19660,0
11661,-5.849999999999941,6.550000000000235,33531,19660,0
11662,-5.849999999999941,-9.29999999999999,33214,19660,0
11663,-7.349999999999962,-5.849999999999941,21283,19660,0
11664,-5.79999999999994,-5.699999999999939,33686,19660,0
11665,-5.199999999999932,0.7500000000001528,38615,19660,0
11666,-6.749999999999954,-7.299999999999962,26054,19660,0
11667,-6.199999999999946,-6.249999999999947,30475,19660,0
11668,-6.149999999999945,-2.549999999999894,30949,19660,0
11669,-6.299999999999947,0.8000000000001535,29816,19660,0
11670,-6.349999999999948,7.7000000000002515,29554,19660,0
11671,-5.79999999999994,-6.749999999999954,33665,19660,0
11672,-5.549999999999937,-0.3999999999998636,35792,19660,0
11673,-5.79999999999994,-1.0999999999998735,33778,19660,0
11674,-7.19999999999996,0.4000000000001478,22608,19660,0
11675,-6.049999999999944,-8.149999999999974,31637,19660,0
11676,-6.099999999999945,-6.749999999999954,31265,19660,0
11677,-6.49999999999995,-3.4999999999999076,28130,19660,0
11678,-7.19999999999996,0.10000000000014353,22602,19660,0
11679,-5.699999999999939,-7.799999999999969,34444,19660,0
11680,-5.899999999999942,-2.549999999999894,32949,19660,0
11681,-6.649999999999952,2.6500000000001798,27053,19660,0
11682,-5.04999999999993,-9.24999999999999,39615,19660,0
11683,-6.849999999999955,1.050000000000157,25421,19660,0
11684,-5.699999999999939,-3.1999999999999034,34536,19660,0
11685,-6.49999999999995,7.900000000000254,28358,19660,0
11686,-5.9499999999999424,-2.599999999999895,32548,19660,0
11687,-6.399999999999949,8.650000000000265,29173,19660,0
11688,-6.399999999999949,-3.0499999999999012,28939,19660,0
11689,-5.199999999999932,-2.7999999999998977,38544,19660,0
11690,-6.699999999999953,-2.049999999999887,26559,19660,0
11691,-6.849999999999955,1.4500000000001627,25429,19660,0
11692,-6.599999999999952,-3.799999999999912,27324,19660,0
11693,-5.449999999999935,-5.849999999999941,36483,19660,0
11694,-6.199999999999946,-6.299999999999947,30474,19660,0
11695,-6.399999999999949,7.250000000000245,29145,19660,0
11696,-5.649999999999938,-9.099999999999987,34818,19660,0
11697,-5.349999999999934,6.20000000000023,37524,19660,0
11698,-7.19999999999996,7.050000000000242,22741,19660,0
11699,-5.899999999999942,-5.74999999999994,32885,19660,0
11700,-6.249999999999947,-4.649999999999924,30107,19660,0
11701,-5.5999999999999375,8.400000000000261,35568,19660,0
11702,-6.849999999999955,3.5500000000001926,25471,19660,0
11703,-7.399999999999963,-6.7999999999999545,20864,19660,0
11704,-6.299999999999947,8.000000000000256,29960,19660,0
11705,-5.299999999999933,9.450000000000276,37989,19660,0
11706,-5.04999999999993,-3.799999999999912,39724,19660,0
11707,-6.899999999999956,-7.549999999999965,24849,19660,0
11708,-5.5999999999999375,1.4500000000001627,35429,19660,0
11709,-6.549999999999951,-5.149999999999931,27697,19660,0
11710,-5.449999999999935,-6.7999999999999545,36464,19660,0
11711,-5.649999999999938,-5.2499999999999325,34895,19660,0
11712,-7.4999999999999645,3.3500000000001897,20267,19660,0
11713,-6.549999999999951,9.600000000000279,27992,19660,0
11714,-7.299999999999962,-1.2499999999998757,21775,19660,0
11715,-5.2499999999999325,-1.4999999999998792,38170,19660,0
11716,-6.149999999999945,-7.8499999999999694,30843,19660,0
11717,-6.4499999999999496,5.000000000000213,28700,19660,0
11718,-5.499999999999936,5.550000000000221,36311,19660,0
11719,-7.249999999999961,-3.749999999999911,22125,19660,0
11720,-7.19999999999996,-5.499999999999936,22490,19660,0
11721,-6.249999999999947,-7.749999999999968,30045,19660,0
11722,-6.549999999999951,-8.249999999999975,27635,19660,0
11723,-6.7999999999999545,5.600000000000222,25912,19660,0
11724,-7.19999999999996,9.850000000000282,22797,19660,0
11725,-7.4999999999999645,-2.049999999999887,20159,19660,0
11726,-7.099999999999959,4.9500000000002125,23499,19660,0
11727,-5.449999999999935,-6.749999999999954,36465,19660,0
11728,-5.399999999999935,-8.949999999999985,36821,19660,0
11729,-5.399999999999935,-3.6499999999999098,36927,19660,0
11730,-5.5999999999999375,-6.849999999999955,35263,19660,0
11731,-7.4999999999999645,3.9500000000001982,20279,19660,0
11732,-5.649999999999938,2.450000000000177,35049,19660,0
11733,-6.199999999999946,-0.84999999999987,30583,19660,0
11734,-6.299999999999947,4.300000000000203,29886,19660,0
11735,-6.099999999999945,-1.54999999999988,31369,19660,0
11736,-6.49999999999995,-6.949999999999957,28061,19660,0
11737,-5.79999999999994,5.300000000000217,33906,19660,0
11738,-5.649999999999938,-4.8999999999999275,34902,19660,0
11739,-6.199999999999946,4.500000000000206,30690,19660,0
11740,-5.499999999999936,3.150000000000187,36263,19660,0
11741,-5.09999999999993,9.850000000000282,39597,19660,0
11742,-5.849999999999941,6.550000000000235,33531,19660,0
11743,-5.899999999999942,3.3500000000001897,33067,19660,0
11744,-6.149999999999945,7.500000000000249,31150,19660,0
11745,-5.9499999999999424,-4.949999999999928,32501,19660,0
11746,-5.399999999999935,-1.2999999999998764,36974,19660,0
11747,-5.849999999999941,0.25000000000014566,33405,19660,0
11748,-6.599999999999952,-5.199999999999932,27296,19660,0
11749,-7.099999999999959,0.10000000000014353,23402,19660,0
11750,-6.999999999999957,9.150000000000272,24383,19660,0
11751,-5.399999999999935,4.450000000000205,37089,19660,0
11752,-7.4999999999999645,8.700000000000266,20374,19660,0
11753,-6.849999999999955,-3.0499999999999012,25339,19660,0
11754,-6.049999999999944,-8.149999999999974,31637,19660,0
11755,-6.549999999999951,-9.95,27601,19660,0
11756,-6.649999999999952,6.350000000000232,27127,19660,0
11757,-6.649999999999952,-7.599999999999966,26848,19660,0
11758,-5.349999999999934,2.5000000000001776,37450,19660,0
11759,-6.899999999999956,7.450000000000248,25149,19660,0
11760,-6.349999999999948,-0.5499999999998657,29389,19660,0
11761,-6.899999999999956,-8.449999999999978,24831,19660,0
11762,-7.249999999999961,-1.199999999999875,22176,19660,0
11763,-6.099999999999945,-7.999999999999972,31240,19660,0
11764,-5.549999999999937,-2.599999999999895,35748,19660,0
11765,-6.099999999999945,4.6000000000002075,31492,19660,0
11766,-5.399999999999935,-9.799999999999997,36804,19660,0
11767,-6.399999999999949,-9.799999999999997,28804,19660,0
11768,-6.49999999999995,-7.349999999999962,28053,19660,0
11769,-5.2499999999999325,2.100000000000172,38242,19660,0
11770,-7.1499999999999595,3.3500000000001897,23067,19660,0
11771,-7.099999999999959,-0.7999999999998693,23384,19660,0
11772,-5.09999999999993,-2.7999999999998977,39344,19660,0
11773,-5.549999999999937,7.050000000000242,35941,19660,0
11774,-6.199999999999946,-2.9499999999999,30541,19660,0
11775,-5.849999999999941,5.850000000000225,33517,19660,0
11776,-6.899999999999956,-4.849999999999927,24903,19660,0
11777,-6.899999999999956,2.6500000000001798,25053,19660,0
11778,-5.649999999999938,1.1500000000001585,35023,19660,0
11779,-5.399999999999935,1.8500000000001684,37037,19660,0
11780,-6.999999999999957,7.800000000000253,24356,19660,0
11781,-5.549999999999937,3.2500000000001883,35865,19660,0
11782,-7.099999999999959,-1.199999999999875,23376,19660,0
11783,-6.099999999999945,6.5000000000002345,31530,19660,0
11784,-5.349999999999934,2.450000000000177,37449,19660,0
11785,-7.049999999999958,-9.549999999999994,23609,19660,0
11786,-6.149999999999945,-5.699999999999939,30886,19660,0
11787,-6.549999999999951,-3.749999999999911,27725,19660,0
11788,-6.749999999999954,-6.999999999999957,26060,19660,0
11789,-6.699999999999953,9.75000000000028,26795,19660,0
11790,-6.599999999999952,5.050000000000214,27501,19660,0
11791,-7.1499999999999595,6.5000000000002345,23130,19660,0
11792,-5.09999999999993,5.650000000000222,39513,19660,0
11793,-6.249999999999947,1.900000000000169,30238,19660,0
11794,-5.999999999999943,8.500000000000263,32370,19660,0
11795,-5.5999999999999375,9.400000000000276,35588,19660,0
11796,-5.699999999999939,2.400000000000176,34648,19660,0
11797,-6.249999999999947,-3.299999999999905,30134,19660,0
11798,-6.849999999999955,-2.9499999999999,25341,19660,0
11799,-5.449999999999935,0.30000000000014637,36606,19660,0
11800,-6.7999999999999545,0.30000000000014637,25806,19660,0
11801,-6.699999999999953,-7.19999999999996,26456,19660,0
11802,-6.899999999999956,2.600000000000179,25052,19660,0
11803,-6.299999999999947,-2.899999999999899,29742,19660,0
11804,-6.699999999999953,0.6000000000001506,26612,19660,0
11805,-5.349999999999934,3.100000000000186,37462,19660,0
11806,-6.949999999999957,8.550000000000264,24771,19660,0
11807,-6.899999999999956,-7.049999999999958,24859,19660,0
11808,-5.2499999999999325,9.550000000000278,38391,19660,0
11809,-6.949999999999957,0.5500000000001499,24611,19660,0
11810,-5.549999999999937,-0.5499999999998657,35789,19660,0
11811,-5.199999999999932,8.700000000000266,38774,19660,0
11812,-5.699999999999939,0.9000000000001549,34618,19660,0
11813,-6.949999999999957,4.700000000000209,24694,19660,0
11814,-5.5999999999999375,0.30000000000014637,35406,19660,0
11815,-6.49999999999995,-6.099999999999945,28078,19660,0
11816,-5.999999999999943,-0.9999999999998721,32180,19660,0
11817,-5.699999999999939,-0.14999999999986002,34597,19660,0
11818,-5.449999999999935,-8.59999999999998,36428,19660,0
11819,-5.399999999999935,6.90000000000024,37138,19660,0
11820,-6.249999999999947,-9.399999999999991,30012,19660,0
11821,-5.449999999999935,-7.1499999999999595,36457,19660,0
11822,-6.649999999999952,3.9000000000001975,27078,19660,0
11823,-6.4499999999999496,-3.3499999999999055,28533,19660,0
11824,-6.099999999999945,9.800000000000281,31596,19660,0
11825,-5.149999999999931,1.3500000000001613,39027,19660,0
11826,-6.999999999999957,4.75000000000021,24295,19660,0
11827,-5.349999999999934,4.400000000000205,37488,19660,0
11828,-6.849999999999955,3.0500000000001855,25461,19660,0
11829,-7.249999999999961,-3.1999999999999034,22136,19660,0
11830,-6.049999999999944,-2.549999999999894,31749,19660,0
11831,-5.199999999999932,-2.6499999999998956,38547,19660,0
11832,-6.49999999999995,-1.1499999999998742,28177,19660,0
11833,-5.04999999999993,8.35000000000026,39967,19660,0
11834,-5.149999999999931,3.6000000000001933,39072,19660,0
11835,-7.249999999999961,8.000000000000256,22360,19660,0
11836,-5.399999999999935,3.4000000000001904,37068,19660,0
11837,-5.399999999999935,-3.799999999999912,36924,19660,0
11838,-5.9499999999999424,0.4500000000001485,32609,19660,0
11839,-7.399999999999963,7.300000000000246,21146,19660,0
11840,-7.349999999999962,-3.749999999999911,21325,19660,0
11841,-5.149999999999931,6.950000000000241,39139,19660,0
11842,-6.399999999999949,-9.34999999999999,28813,19660,0
11843,-5.5999999999999375,3.800000000000196,35476,19660,0
11844,-6.4499999999999496,9.00000000000027,28780,19660,0
11845,-5.74999999999994,-0.5499999999998657,34189,19660,0
11846,-5.199999999999932,5.850000000000225,38717,19660,0
11847,-5.09999999999993,8.500000000000263,39570,19660,0
11848,-7.099999999999959,1.8500000000001684,23437,19660,0
11849,-5.04999999999993,-1.1499999999998742,39777,19660,0
11850,-5.699999999999939,-6.149999999999945,34477,19660,0
11851,-5.2499999999999325,-7.249999999999961,38055,19660,0
11852,-6.49999999999995,7.950000000000255,28359,19660,0
11853,-6.7999999999999545,5.100000000000215,25902,19660,0
11854,-7.049999999999958,-0.34999999999986287,23793,19660,0
11855,-5.399999999999935,-5.399999999999935,36892,19660,0
11856,-6.649999999999952,-4.8999999999999275,26902,19660,0
11857,-7.1499999999999595,-7.449999999999964,22851,19660,0
11858,-7.399999999999963,4.6000000000002075,21092,19660,0
11859,-5.649999999999938,-9.95,34801,19660,0
11860,-5.499999999999936,6.950000000000241,36339,19660,0
11861,-6.399999999999949,3.300000000000189,29066,19660,0
11862,-6.899999999999956,2.950000000000184,25059,19660,0
11863,-7.249999999999961,-10.0,22000,19660,0
11864,-5.349999999999934,-6.749999999999954,37265,19660,0
11865,-5.9499999999999424,0.3500000000001471,32607,19660,0
11866,-5.149999999999931,-4.499999999999922,38910,19660,0
11867,-7.4999999999999645,1.3000000000001606,20226,19660,0
11868,-6.49999999999995,-1.54999999999988,28169,19660,0
11869,-6.099999999999945,-1.9499999999998856,31361,19660,0
11870,-5.09999999999993,-5.849999999999941,39283,19660,0
11871,-6.299999999999947,2.8500000000001826,29857,19660,0
11872,-5.9499999999999424,-8.099999999999973,32438,19660,0
11873,-6.549999999999951,3.6000000000001933,27872,19660,0
11874,-6.049999999999944,-7.19999999999996,31656,19660,0
11875,-5.79999999999994,6.700000000000237,33934,19660,0
11876,-5.899999999999942,3.2000000000001876,33064,19660,0
11877,-7.349999999999962,-3.799999999999912,21324,19660,0
11878,-7.4999999999999645,0.9000000000001549,20218,19660,0
11879,-5.74999999999994,-4.149999999999917,34117,19660,0
11880,-5.299999999999933,-3.3499999999999055,37733,19660,0
11881,-5.79999999999994,3.450000000000191,33869,19660,0
11882,-6.199999999999946,-5.999999999999943,30480,19660,0
11883,-6.599999999999952,6.450000000000234,27529,19660,0
11884,-5.699999999999939,-3.749999999999911,34525,19660,0
11885,-6.899999999999956,6.400000000000233,25128,19660,0
11886,-6.49999999999995,-7.799999999999969,28044,19660,0
11887,-6.299999999999947,-4.649999999999924,29707,19660,0
11888,-7.4999999999999645,-7.749999999999968,20045,19660,0
11889,-6.49999999999995,0.4000000000001478,28208,19660,0
11890,-6.999999999999957,-2.6499999999998956,24147,19660,0
11891,-6.599999999999952,-6.099999999999945,27278,19660,0
11892,-5.499999999999936,-0.14999999999986002,36197,19660,0
11893,-7.099999999999959,4.900000000000212,23498,19660,0
11894,-5.399999999999935,5.650000000000222,37113,19660,0
11895,-6.949999999999957,7.050000000000242,24741,19660,0
11896,-5.499999999999936,-2.749999999999897,36145,19660,0
11897,-6.749999999999954,-4.949999999999928,26101,19660,0
11898,-6.349999999999948,-4.34999999999992,29313,19660,0
11899,-5.199999999999932,-6.4499999999999496,38471,19660,0
11900,-6.099999999999945,1.3000000000001606,31426,19660,0
11901,-6.849999999999955,-3.299999999999905,25334,19660,0
11902,-7.449999999999964,1.4500000000001627,20629,19660,0
11903,-6.849999999999955,4.000000000000199,25480,19660,0
11904,-5.899999999999942,-9.549999999999994,32809,19660,0
11905,-6.399999999999949,-6.49999999999995,28870,19660,0
11906,-7.049999999999958,-5.299999999999933,23694,19660,0
11907,-5.74999999999994,8.650000000000265,34373,19660,0
11908,-6.549999999999951,-1.899999999999885,27762,19660,0
11909,-5.699999999999939,1.9500000000001698,34639,19660,0
11910,-6.299999999999947,1.900000000000169,29838,19660,0
11911,-5.04999999999993,-3.099999999999902,39738,19660,0
11912,-6.49999999999995,-7.89999999999997,28042,19660,0
11913,-7.299999999999962,8.700000000000266,21974,19660,0
11914,-5.399999999999935,1.8500000000001684,37037,19660,0
11915,-6.999999999999957,8.050000000000257,24361,19660,0
11916,-5.299999999999933,-0.6499999999998671,37787,19660,0
11917,-6.4499999999999496,4.850000000000211,28697,19660,0
11918,-6.549999999999951,3.6000000000001933,27872,19660,0
11919,-5.499999999999936,-8.099999999999973,36038,19660,0
11920,-6.099999999999945,4.400000000000205,31488,19660,0
11921,-5.299999999999933,9.900000000000283,37998,19660,0
11922,-7.19999999999996,-1.7999999999998835,22564,19660,0
11923,-6.049999999999944,5.750000000000224,31915,19660,0
11924,-6.149999999999945,4.700000000000209,31094,19660,0
11925,-5.2499999999999325,-6.249999999999947,38075,19660,0
11926,-5.5999999999999375,-2.599999999999895,35348,19660,0
11927,-6.299999999999947,5.100000000000215,29902,19660,0
11928,-6.049999999999944,5.050000000000214,31901,19660,0
11929,-5.09999999999993,-9.95,39201,19660,0
11930,-5.74999999999994,-8.099999999999973,34038,19660,0
11931,-6.149999999999945,-3.449999999999907,30931,19660,0
11932,-6.399999999999949,-9.899999999999999,28802,19660,0
11933,-6.549999999999951,3.800000000000196,27876,19660,0
11934,-6.849999999999955,-4.649999999999924,25307,19660,0
11935,-5.899999999999942,0.6000000000001506,33012,19660,0
11936,-5.499999999999936,6.20000000000023,36324,19660,0
11937,-6.699999999999953,-8.149999999999974,26437,19660,0
11938,-6.149999999999945,-6.549999999999951,30869,19660,0
11939,-5.499999999999936,5.950000000000227,36319,19660,0
11940,-7.249999999999961,0.8500000000001542,22217,19660,0
11941,-5.149999999999931,-1.1499999999998742,38977,19660,0
11942,-5.79999999999994,-0.6999999999998678,33786,19660,0
11943,-5.649999999999938,-4.099999999999916,34918,19660,0
11944,-7.399999999999963,0.5500000000001499,21011,19660,0
11945,-6.299999999999947,-4.699999999999925,29706,19660,0
11946,-5.899999999999942,3.150000000000187,33063,19660,0
11947,-7.349999999999962,6.400000000000233,21528,19660,0
11948,-5.899999999999942,-3.6999999999999105,32926,19660,0
11949,-5.04999999999993,-6.699999999999953,39666,19660,0
11950,-5.09999999999993,-7.19999999999996,39256,19660,0
11951,-5.5999999999999375,-4.499999999999922,35310,19660,0
11952,-6.049999999999944,-3.3499999999999055,31733,19660,0
11953,-5.199999999999932,5.850000000000225,38717,19660,0
11954,-5.449999999999935,0.4500000000001485,36609,19660,0
11955,-5.09999999999993,8.35000000000026,39567,19660,0
11956,-5.2499999999999325,-5.549999999999937,38089,19660,0
11957,-5.849999999999941,2.600000000000179,33452,19660,0
11958,-5.04999999999993,-6.399999999999949,39672,19660,0
11959,-6.4499999999999496,-6.949999999999957,28461,19660,0
11960,-6.349999999999948,-6.699999999999953,29266,19660,0
11961,-6.249999999999947,-5.449999999999935,30091,19660,0
11962,-7.4999999999999645,-4.299999999999919,20114,19660,0
11963,-7.4999999999999645,-2.8499999999998984,20143,19660,0
11964,-7.19999999999996,4.9500000000002125,22699,19660,0
11965,-5.04999999999993,9.300000000000274,39986,19660,0
11966,-5.999999999999943,-6.949999999999957,32061,19660,0
11967,-5.299999999999933,-6.049999999999944,37679,19660,0
11968,-5.999999999999943,-1.899999999999885,32162,19660,0
11969,-6.949999999999957,3.650000000000194,24673,19660,0
11970,-6.599999999999952,-9.149999999999988,27217,19660,0
11971,-7.4999999999999645,-3.249999999999904,20135,19660,0
11972,-5.549999999999937,-0.09999999999985931,35798,19660,0
11973,-6.299999999999947,0.25000000000014566,29805,19660,0
11974,-5.5999999999999375,-0.09999999999985931,35398,19660,0
11975,-5.74999999999994,8.450000000000262,34369,19660,0
11976,-7.19999999999996,-1.2499999999998757,22575,19660,0
11977,-5.74999999999994,3.2000000000001876,34264,19660,0
11978,-5.09999999999993,2.6500000000001798,39453,19660,0
11979,-7.249999999999961,1.900000000000169,22238,19660,0
11980,-5.549999999999937,-3.9999999999999147,35720,19660,0
11981,-7.19999999999996,-7.599999999999966,22448,19660,0
11982,-6.749999999999954,-9.699999999999996,26006,19660,0
11983,-6.999999999999957,2.3500000000001755,24247,19660,0
11984,-7.349999999999962,-10.0,21200,19660,0
11985,-6.949999999999957,5.000000000000213,24700,19660,0
11986,-6.199999999999946,-8.449999999999978,30431,19660,0
11987,-5.79999999999994,-2.749999999999897,33745,19660,0
11988,-5.699999999999939,7.300000000000246,34746,19660,0
11989,-5.149999999999931,8.35000000000026,39167,19660,0
11990,-6.999999999999957,-7.249999999999961,24055,19660,0
11991,-6.999999999999957,0.5500000000001499,24211,19660,0
11992,-6.7999999999999545,-2.0999999999998877,25758,19660,0
11993,-5.999999999999943,-9.599999999999994,32008,19660,0
11994,-5.9499999999999424,-3.949999999999914,32521,19660,0
11995,-5.79999999999994,-5.74999999999994,33685,19660,0
11996,-5.09999999999993,-7.299999999999962,39254,19660,0
11997,-5.849999999999941,5.850000000000225,33517,19660,0
11998,-5.549999999999937,-2.3499999999998913,35753,19660,0
11999,-5.9499999999999424,-3.3499999999999055,32533,19660,0
12000,-7.4999999999999645,3.800000000000196,20276,19660,0
12001,-5.699999999999939,-2.4999999999998934,34550,19660,0
12002,-7.049999999999958,-2.749999999999897,23745,19660,0
12003,-7.399999999999963,1.1000000000001577,21022,19660,0
12004,-6.299999999999947,-9.099999999999987,29618,19660,0
12005,-5.199999999999932,9.00000000000027,38780,19660,0
12006,-5.74999999999994,4.0500000000002,34281,19660,0
12007,-5.299999999999933,3.9500000000001982,37879,19660,0
12008,-6.549999999999951,-9.799999999999997,27604,19660,0
12009,-6.349999999999948,3.4000000000001904,29468,19660,0
12010,-6.299999999999947,-5.849999999999941,29683,19660,0
12011,-6.949999999999957,2.800000000000182,24656,19660,0
12012,-6.649999999999952,-4.34999999999992,26913,19660,0
12013,-6.7999999999999545,-4.099999999999916,25718,19660,0
12014,-7.049999999999958,2.5500000000001783,23851,19660,0
12015,-7.249999999999961,3.450000000000191,22269,19660,0
12016,-6.199999999999946,3.850000000000197,30677,19660,0
12017,-5.449999999999935,5.650000000000222,36713,19660,0
12018,-6.7999999999999545,-6.749999999999954,25665,19660,0
12019,-6.399999999999949,7.050000000000242,29141,19660,0
12020,-7.299999999999962,5.350000000000218,21907,19660,0
12021,-7.1499999999999595,-2.049999999999887,22959,19660,0
12022,-5.699999999999939,-4.599999999999923,34508,19660,0
12023,-5.549999999999937,-6.999999999999957,35660,19660,0
12024,-7.049999999999958,-4.34999999999992,23713,19660,0
12025,-6.7999999999999545,-9.149999999999988,25617,19660,0
12026,-5.2499999999999325,7.200000000000244,38344,19660,0
12027,-5.849999999999941,9.75000000000028,33595,19660,0
12028,-6.949999999999957,-4.449999999999921,24511,19660,0
12029,-5.299999999999933,7.250000000000245,37945,19660,0
12030,-6.249999999999947,-7.449999999999964,30051,19660,0
12031,-7.19999999999996,-4.449999999999921,22511,19660,0
12032,-6.949999999999957,-9.899999999999999,24402,19660,0
12033,-7.4999999999999645,5.000000000000213,20300,19660,0
12034,-5.04999999999993,-0.7499999999998685,39785,19660,0
12035,-5.149999999999931,0.9000000000001549,39018,19660,0
12036,-5.349999999999934,2.6500000000001798,37453,19660,0
12037,-5.349999999999934,1.0000000000001563,37420,19660,0
12038,-5.899999999999942,-8.899999999999984,32822,19660,0
12039,-6.249999999999947,0.7500000000001528,30215,19660,0
12040,-5.9499999999999424,8.25000000000026,32765,19660,0
12041,-6.099999999999945,0.5500000000001499,31411,19660,0
12042,-5.149999999999931,6.750000000000238,39135,19660,0
12043,-6.349999999999948,5.850000000000225,29517,19660,0
12044,-6.099999999999945,-1.54999999999988,31369,19660,0
12045,-6.49999999999995,7.7000000000002515,28354,19660,0
12046,-7.299999999999962,-2.2999999999998906,21754,19660,0
12047,-7.349999999999962,-0.499999999999865,21390,19660,0
12048,-5.199999999999932,-6.099999999999945,38478,19660,0
12049,-5.349999999999934,-3.249999999999904,37335,19660,0
12050,-5.449999999999935,-8.799999999999983,36424,19660,0
12051,-6.199999999999946,6.450000000000234,30729,19660,0
12052,-5.499999999999936,7.150000000000244,36343,19660,0
12053,-5.649999999999938,-3.749999999999911,34925,19660,0
12054,-5.549999999999937,6.000000000000227,35920,19660,0
12055,-5.299999999999933,3.500000000000192,37870,19660,0
12056,-6.199999999999946,2.750000000000181,30655,19660,0
12057,-6.4499999999999496,-9.899999999999999,28402,19660,0
12058,-6.949999999999957,7.550000000000249,24751,19660,0
12059,-5.699999999999939,-2.399999999999892,34552,19660,0
12060,-6.49999999999995,1.5000000000001634,28230,19660,0
12061,-5.849999999999941,-7.799999999999969,33244,19660,0
12062,-6.149999999999945,6.8500000000002395,31137,19660,0
12063,-6.899999999999956,-1.1499999999998742,24977,19660,0
12064,-7.049999999999958,-5.649999999999938,23687,19660,0
12065,-5.499999999999936,-8.299999999999976,36034,19660,0
12066,-6.849999999999955,-2.2999999999998906,25354,19660,0
12067,-5.499999999999936,7.450000000000248,36349,19660,0
12068,-7.1499999999999595,-1.2499999999998757,22975,19660,0
12069,-6.099999999999945,-0.7499999999998685,31385,19660,0
12070,-5.649999999999938,6.800000000000239,35136,19660,0
12071,-7.099999999999959,-9.749999999999996,23205,19660,0
12072,-5.549999999999937,1.6000000000001648,35832,19660,0
12073,-6.999999999999957,8.000000000000256,24360,19660,0
12074,-6.199999999999946,7.750000000000252,30755,19660,0
12075,-5.299999999999933,-8.399999999999977,37632,19660,0
12076,-5.849999999999941,9.450000000000276,33589,19660,0
12077,-5.199999999999932,-6.249999999999947,38475,19660,0
12078,-6.849999999999955,9.00000000000027,25580,19660,0
12079,-6.999999999999957,6.050000000000228,24321,19660,0
12080,-6.149999999999945,8.650000000000265,31173,19660,0
12081,-5.899999999999942,-1.199999999999875,32976,19660,0
12082,-6.49999999999995,8.30000000000026,28366,19660,0
12083,-6.749999999999954,0.3500000000001471,26207,19660,0
12084,-6.049999999999944,3.500000000000192,31870,19660,0
12085,-5.549999999999937,-2.0999999999998877,35758,19660,0
12086,-5.09999999999993,1.5000000000001634,39430,19660,0
12087,-5.699999999999939,-8.59999999999998,34428,19660,0
12088,-5.649999999999938,4.000000000000199,35080,19660,0
12089,-6.199999999999946,9.00000000000027,30780,19660,0
12090,-5.2499999999999325,6.8500000000002395,38337,19660,0
12091,-6.199999999999946,3.500000000000192,30670,19660,0
12092,-6.049999999999944,-3.1999999999999034,31736,19660,0
12093,-5.199999999999932,8.500000000000263,38770,19660,0
12094,-7.19999999999996,-2.24999999999989,22555,19660,0
12095,-6.849999999999955,6.1500000000002295,25523,19660,0
12096,-5.649999999999938,-7.549999999999965,34849,19660,0
12097,-5.399999999999935,3.4000000000001904,37068,19660,0
12098,-6.199999999999946,8.100000000000257,30762,19660,0
12099,-5.699999999999939,-8.849999999999984,34423,19660,0
12100,-7.349999999999962,5.200000000000216,21504,19660,0
12101,-5.79999999999994,7.750000000000252,33955,19660,0
12102,-7.049999999999958,-9.449999999999992,23611,19660,0
12103,-5.399999999999935,-9.149999999999988,36817,19660,0
12104,-6.049999999999944,-1.4999999999998792,31770,19660,0
12105,-5.199999999999932,-1.699999999999882,38566,19660,0
12106,-6.399999999999949,2.3500000000001755,29047,19660,0
12107,-5.79999999999994,-0.499999999999865,33790,19660,0
12108,-6.199999999999946,7.200000000000244,30744,19660,0
12109,-6.299999999999947,-5.2499999999999325,29695,19660,0
12110,-6.7999999999999545,-6.349999999999948,25673,19660,0
12111,-7.19999999999996,4.9500000000002125,22699,19660,0
12112,-5.79999999999994,-1.899999999999885,33762,19660,0
12113,-7.249999999999961,-2.199999999999889,22156,19660,0
12114,-6.149999999999945,9.250000000000274,31185,19660,0
12115,-7.099999999999959,-7.999999999999972,23240,19660,0
12116,-6.049999999999944,9.00000000000027,31980,19660,0
12117,-5.199999999999932,6.600000000000236,38732,19660,0
12118,-7.4999999999999645,7.350000000000247,20347,19660,0
12119,-5.79999999999994,-8.349999999999977,33633,19660,0
12120,-5.74999999999994,-7.299999999999962,34054,19660,0
12121,-6.149999999999945,-6.649999999999952,30867,19660,0
12122,-7.399999999999963,1.2500000000001599,21025,19660,0
12123,-5.299999999999933,5.400000000000219,37908,19660,0
12124,-5.499999999999936,1.7000000000001663,36234,19660,0
12125,-5.09999999999993,-2.199999999999889,39356,19660,0
12126,-5.74999999999994,-2.6499999999998956,34147,19660,0
12127,-5.74999999999994,-5.849999999999941,34083,19660,0
12128,-6.849999999999955,7.7000000000002515,25554,19660,0
12129,-5.349999999999934,3.2000000000001876,37464,19660,0
12130,-7.299999999999962,-9.799999999999997,21604,19660,0
12131,-5.199999999999932,-5.149999999999931,38497,19660,0
12132,-7.049999999999958,0.6000000000001506,23812,19660,0
12133,-5.999999999999943,9.850000000000282,32397,19660,0
12134,-5.449999999999935,1.400000000000162,36628,19660,0
12135,-5.299999999999933,2.9000000000001833,37858,19660,0
12136,-5.549999999999937,-4.199999999999918,35716,19660,0
12137,-5.74999999999994,4.700000000000209,34294,19660,0
12138,-5.899999999999942,-1.6499999999998813,32967,19660,0
12139,-5.74999999999994,3.450000000000191,34269,19660,0
12140,-6.299999999999947,9.00000000000027,29980,19660,0
12141,-5.5999999999999375,-8.349999999999977,35233,19660,0
12142,-7.19999999999996,4.400000000000205,22688,19660,0
12143,-6.949999999999957,4.500000000000206,24690,19660,0
12144,-7.049999999999958,7.450000000000248,23949,19660,0
12145,-6.749999999999954,3.850000000000197,26277,19660,0
12146,-6.699999999999953,7.650000000000251,26753,19660,0
12147,-7.049999999999958,3.4000000000001904,23868,19660,0
12148,-7.19999999999996,-5.449999999999935,22491,19660,0
12149,-7.4999999999999645,1.3000000000001606,20226,19660,0
12150,-6.49999999999995,1.6500000000001656,28233,19660,0
12151,-6.149999999999945,4.650000000000208,31093,19660,0
12152,-7.299999999999962,9.950000000000284,21999,19660,0
12153,-6.399999999999949,1.2500000000001599,29025,19660,0
12154,-5.74999999999994,0.30000000000014637,34206,19660,0
12155,-7.099999999999959,9.850000000000282,23597,19660,0
12156,-6.199999999999946,1.2000000000001592,30624,19660,0
12157,-5.499999999999936,-2.24999999999989,36155,19660,0
12158,-6.949999999999957,7.100000000000243,24742,19660,0
12159,-6.699999999999953,2.2000000000001734,26644,19660,0
12160,-6.099999999999945,8.850000000000268,31577,19660,0
12161,-6.549999999999951,7.7000000000002515,27954,19660,0
12162,-6.49999999999995,4.700000000000209,28294,19660,0
12163,-6.149999999999945,-0.3999999999998636,30992,19660,0
12164,-6.649999999999952,-4.39999999999992,26912,19660,0
12165,-6.399999999999949,2.2000000000001734,29044,19660,0
12166,-6.249999999999947,-8.349999999999977,30033,19660,0
12167,-6.099999999999945,-0.24999999999986144,31395,19660,0
12168,-5.299999999999933,-7.949999999999971,37641,19660,0
12169,-6.849999999999955,8.400000000000261,25568,19660,0
12170,-5.999999999999943,-6.149999999999945,32077,19660,0
12171,-5.349999999999934,-6.549999999999951,37269,19660,0
12172,-7.1499999999999595,8.000000000000256,23160,19660,0
12173,-5.299999999999933,-0.24999999999986144,37795,19660,0
12174,-6.999999999999957,9.00000000000027,24380,19660,0
12175,-5.999999999999943,6.8500000000002395,32337,19660,0
12176,-7.349999999999962,1.6500000000001656,21433,19660,0
12177,-6.7999999999999545,9.900000000000283,25998,19660,0
12178,-5.5999999999999375,-1.8499999999998842,35363,19660,0
12179,-7.099999999999959,6.20000000000023,23524,19660,0
12180,-5.699999999999939,3.100000000000186,34662,19660,0
12181,-6.299999999999947,-7.049999999999958,29659,19660,0
12182,-5.04999999999993,-1.54999999999988,39769,19660,0
12183,-6.249999999999947,8.800000000000267,30376,19660,0
12184,-6.199999999999946,-4.099999999999916,30518,19660,0
12185,-5.549999999999937,-1.0499999999998728,35779,19660,0
12186,-6.249999999999947,7.050000000000242,30341,19660,0
12187,-6.699999999999953,-4.699999999999925,26506,19660,0
12188,-6.7999999999999545,2.6500000000001798,25853,19660,0
12189,-6.849999999999955,6.600000000000236,25532,19660,0
12190,-6.7999999999999545,-6.399999999999949,25672,19660,0
12191,-5.899999999999942,-0.6999999999998678,32986,19660,0
12192,-6.849999999999955,-2.7999999999998977,25344,19660,0
12193,-6.199999999999946,-7.599999999999966,30448,19660,0
12194,-5.999999999999943,-4.39999999999992,32112,19660,0
12195,-5.449999999999935,6.000000000000227,36720,19660,0
12196,-6.349999999999948,2.0000000000001705,29440,19660,0
12197,-6.649999999999952,8.550000000000264,27171,19660,0
12198,-5.549999999999937,-0.499999999999865,35790,19660,0
12199,-5.149999999999931,-7.599999999999966,38848,19660,0
12200,-5.449999999999935,8.050000000000257,36761,19660,0
12201,-5.349999999999934,-3.9999999999999147,37320,19660,0
12202,-5.399999999999935,-8.449999999999978,36831,19660,0
12203,-6.949999999999957,8.500000000000263,24770,19660,0
12204,-5.399999999999935,-0.34999999999986287,36993,19660,0
12205,-6.049999999999944,0.4500000000001485,31809,19660,0
12206,-5.399999999999935,-5.399999999999935,36892,19660,0
12207,-5.149999999999931,-5.04999999999993,38899,19660,0
12208,-7.349999999999962,0.4500000000001485,21409,19660,0
12209,-5.699999999999939,-1.7499999999998828,34565,19660,0
12210,-7.1499999999999595,4.900000000000212,23098,19660,0
12211,-6.699999999999953,1.3500000000001613,26627,19660,0
12212,-5.299999999999933,-6.999999999999957,37660,19660,0
12213,-6.599999999999952,-4.5499999999999226,27309,19660,0
12214,-6.249999999999947,3.100000000000186,30262,19660,0
12215,-6.049999999999944,1.4500000000001627,31829,19660,0
12216,-5.149999999999931,6.750000000000238,39135,19660,0
12217,-6.599999999999952,-8.399999999999977,27232,19660,0
12218,-7.299999999999962,-6.949999999999957,21661,19660,0
12219,-5.549999999999937,-4.949999999999928,35701,19660,0
12220,-5.399999999999935,-0.34999999999986287,36993,19660,0
12221,-5.699999999999939,2.6500000000001798,34653,19660,0
12222,-5.649999999999938,4.150000000000201,35083,19660,0
12223,-5.5999999999999375,-4.849999999999927,35303,19660,0
12224,-7.1499999999999595,5.750000000000224,23115,19660,0
12225,-6.699999999999953,-6.849999999999955,26463,19660,0
12226,-5.849999999999941,6.8500000000002395,33537,19660,0
12227,-7.4999999999999645,9.800000000000281,20396,19660,0
12228,-5.199999999999932,-1.3999999999998778,38572,19660,0
12229,-5.549999999999937,-6.949999999999957,35661,19660,0
12230,-6.699999999999953,1.6500000000001656,26633,19660,0
12231,-5.9499999999999424,1.900000000000169,32638,19660,0
12232,-6.349999999999948,0.6500000000001513,29413,19660,0
12233,-5.149999999999931,5.000000000000213,39100,19660,0
12234,-5.849999999999941,1.6000000000001648,33432,19660,0
12235,-6.849999999999955,7.200000000000244,25544,19660,0
12236,-5.5999999999999375,3.2500000000001883,35465,19660,0
12237,-6.849999999999955,4.550000000000207,25491,19660,0
12238,-6.099999999999945,-6.999999999999957,31260,19660,0
12239,-6.349999999999948,5.700000000000223,29514,19660,0
12240,-7.349999999999962,4.75000000000021,21495,19660,0
12241,-5.149999999999931,-3.099999999999902,38938,19660,0
12242,-5.499999999999936,-7.299999999999962,36054,19660,0
12243,-5.449999999999935,7.550000000000249,36751,19660,0
12244,-7.299999999999962,-4.0499999999999154,21719,19660,0
12245,-7.049999999999958,1.1500000000001585,23823,19660,0
12246,-6.749999999999954,-4.149999999999917,26117,19660,0
12247,-5.09999999999993,5.200000000000216,39504,19660,0
12248,-6.999999999999957,5.950000000000227,24319,19660,0
12249,-6.899999999999956,6.450000000000234,25129,19660,0
12250,-6.549999999999951,2.450000000000177,27849,19660,0
12251,-5.549999999999937,9.200000000000273,35984,19660,0
12252,-6.099999999999945,-2.399999999999892,31352,19660,0
12253,-6.7999999999999545,5.850000000000225,25917,19660,0
12254,-5.5999999999999375,-6.099999999999945,35278,19660,0
12255,-6.249999999999947,-4.299999999999919,30114,19660,0
12256,-6.7999999999999545,-6.249999999999947,25675,19660,0
12257,-5.79999999999994,-1.3999999999998778,33772,19660,0
12258,-5.299999999999933,4.6000000000002075,37892,19660,0
12259,-7.249999999999961,-9.849999999999998,22003,19660,0
12260,-6.649999999999952,9.75000000000028,27195,19660,0
12261,-6.549999999999951,1.400000000000162,27828,19660,0
12262,-6.149999999999945,-1.2499999999998757,30975,19660,0
12263,-7.19999999999996,9.850000000000282,22797,19660,0
12264,-6.649999999999952,7.150000000000244,27143,19660,0
12265,-6.699999999999953,4.700000000000209,26694,19660,0
12266,-6.199999999999946,-7.8499999999999694,30443,19660,0
12267,-5.999999999999943,2.0000000000001705,32240,19660,0
12268,-6.399999999999949,-6.49999999999995,28870,19660,0
12269,-7.349999999999962,1.750000000000167,21435,19660,0
12270,-5.499999999999936,6.950000000000241,36339,19660,0
12271,-5.5999999999999375,9.05000000000027,35581,19660,0
12272,-5.849999999999941,8.800000000000267,33576,19660,0
12273,-7.399999999999963,1.5000000000001634,21030,19660,0
12274,-6.149999999999945,-2.8499999999998984,30943,19660,0
12275,-6.249999999999947,-2.599999999999895,30148,19660,0
12276,-7.4999999999999645,8.700000000000266,20374,19660,0
12277,-6.649999999999952,-8.149999999999974,26837,19660,0
12278,-7.049999999999958,-2.8499999999998984,23743,19660,0
12279,-6.299999999999947,-2.399999999999892,29752,19660,0
12280,-5.449999999999935,-6.599999999999952,36468,19660,0
12281,-6.399999999999949,8.500000000000263,29170,19660,0
12282,-6.749999999999954,9.00000000000027,26380,19660,0
12283,-5.9499999999999424,-2.3499999999998913,32553,19660,0
12284,-7.399999999999963,-2.399999999999892,20952,19660,0
12285,-6.699999999999953,-9.699999999999996,26406,19660,0
12286,-7.049999999999958,3.800000000000196,23876,19660,0
12287,-5.499999999999936,-7.19999999999996,36056,19660,0
12288,-5.74999999999994,-0.24999999999986144,34195,19660,0
12289,-6.999999999999957,8.30000000000026,24366,19660,0
12290,-5.349999999999934,0.3500000000001471,37407,19660,0
12291,-5.849999999999941,-1.3999999999998778,33372,19660,0
12292,-5.449999999999935,-7.999999999999972,36440,19660,0
12293,-6.999999999999957,-6.49999999999995,24070,19660,0
12294,-5.299999999999933,-8.699999999999982,37626,19660,0
12295,-6.849999999999955,-7.649999999999967,25247,19660,0
12296,-6.849999999999955,5.200000000000216,25504,19660,0
12297,-5.649999999999938,-4.599999999999923,34908,19660,0
12298,-6.199999999999946,-0.6499999999998671,30587,19660,0
12299,-6.649999999999952,-6.249999999999947,26875,19660,0
12300,-5.999999999999943,5.45000000000022,32309,19660,0
12301,-6.899999999999956,-8.949999999999985,24821,19660,0
12302,-6.49999999999995,4.450000000000205,28289,19660,0
12303,-6.899999999999956,0.4000000000001478,25008,19660,0
12304,-5.649999999999938,-6.849999999999955,34863,19660,0
12305,-6.999999999999957,7.750000000000252,24355,19660,0
12306,-6.099999999999945,-0.14999999999986002,31397,19660,0
12307,-6.549999999999951,-2.749999999999897,27745,19660,0
12308,-5.199999999999932,-1.0499999999998728,38579,19660,0
12309,-5.5999999999999375,-10.0,35200,19660,0
12310,-7.399999999999963,-3.3499999999999055,20933,19660,0
12311,-5.849999999999941,-6.549999999999951,33269,19660,0
12312,-5.09999999999993,-1.199999999999875,39376,19660,0
12313,-5.349999999999934,1.2000000000001592,37424,19660,0
12314,-5.349999999999934,6.750000000000238,37535,19660,0
12315,-6.549999999999951,-3.6999999999999105,27726,19660,0
12316,-7.1499999999999595,1.8500000000001684,23037,19660,0
12317,-5.199999999999932,3.9500000000001982,38679,19660,0
12318,-6.649999999999952,-7.949999999999971,26841,19660,0
12319,-6.999999999999957,3.7000000000001947,24274,19660,0
12320,-5.699999999999939,-8.449999999999978,34431,19660,0
12321,-5.04999999999993,1.5000000000001634,39830,19660,0
12322,-7.1499999999999595,4.500000000000206,23090,19660,0
12323,-7.1499999999999595,-3.449999999999907,22931,19660,0
12324,-6.849999999999955,-3.599999999999909,25328,19660,0
12325,-5.999999999999943,4.650000000000208,32293,19660,0
12326,-5.399999999999935,4.700000000000209,37094,19660,0
12327,-5.299999999999933,-1.1499999999998742,37777,19660,0
12328,-6.49999999999995,4.9500000000002125,28299,19660,0
12329,-6.999999999999957,-5.399999999999935,24092,19660,0
12330,-6.349999999999948,-2.4999999999998934,29350,19660,0
12331,-7.1499999999999595,4.850000000000211,23097,19660,0
12332,-6.7999999999999545,-6.949999999999957,25661,19660,0
12333,-5.09999999999993,9.65000000000028,39593,19660,0
12334,-6.049999999999944,6.300000000000232,31926,19660,0
12335,-5.449999999999935,5.900000000000226,36718,19660,0
12336,-6.4499999999999496,-0.3999999999998636,28592,19660,0
12337,-6.4499999999999496,1.2000000000001592,28624,19660,0
12338,-7.049999999999958,3.7500000000001954,23875,19660,0
12339,-6.249999999999947,5.300000000000217,30306,19660,0
12340,-6.749999999999954,-0.5999999999998664,26188,19660,0
12341,-6.349999999999948,1.4210854715202004e-13,29400,19660,0
12342,-5.79999999999994,4.0500000000002,33881,19660,0
12343,-7.449999999999964,-1.0499999999998728,20579,19660,0
12344,-6.249999999999947,5.600000000000222,30312,19660,0
12345,-5.349999999999934,9.400000000000276,37588,19660,0
12346,-6.999999999999957,7.950000000000255,24359,19660,0
12347,-7.399999999999963,5.650000000000222,21113,19660,0
12348,-5.499999999999936,-3.5499999999999083,36129,19660,0
12349,-6.999999999999957,-9.599999999999994,24008,19660,0
12350,-6.399999999999949,6.450000000000234,29129,19660,0
12351,-6.4499999999999496,-7.799999999999969,28444,19660,0
12352,-5.849999999999941,-9.24999999999999,33215,19660,0
12353,-5.199999999999932,9.250000000000274,38785,19660,0
12354,-5.9499999999999424,6.650000000000237,32733,19660,0
12355,-5.849999999999941,-8.59999999999998,33228,19660,0
12356,-7.19999999999996,-4.599999999999923,22508,19660,0
12357,-5.2499999999999325,-8.049999999999972,38039,19660,0
12358,-6.399999999999949,5.45000000000022,29109,19660,0
12359,-5.699999999999939,0.6500000000001513,34613,19660,0
12360,-6.599999999999952,8.95000000000027,27579,19660,0
12361,-5.09999999999993,-5.399999999999935,39292,19660,0
12362,-6.949999999999957,-4.849999999999927,24503,19660,0
12363,-5.79999999999994,-5.449999999999935,33691,19660,0
12364,-6.599999999999952,0.4500000000001485,27409,19660,0
12365,-5.09999999999993,-1.7999999999998835,39364,19660,0
12366,-5.199999999999932,5.150000000000215,38703,19660,0
12367,-6.249999999999947,8.200000000000259,30364,19660,0
12368,-5.149999999999931,6.050000000000228,39121,19660,0
12369,-6.4499999999999496,3.0500000000001855,28661,19660,0
12370,-7.4999999999999645,3.5500000000001926,20271,19660,0
12371,-6.599999999999952,-5.149999999999931,27297,19660,0
12372,-6.649999999999952,4.150000000000201,27083,19660,0
12373,-5.199999999999932,1.4500000000001627,38629,19660,0
12374,-5.449999999999935,-3.949999999999914,36521,19660,0
12375,-6.099999999999945,4.0500000000002,31481,19660,0
12376,-6.149999999999945,7.900000000000254,31158,19660,0
12377,-6.299999999999947,-3.8499999999999126,29723,19660,0
12378,-7.099999999999959,-7.949999999999971,23241,19660,0
12379,-7.4999999999999645,5.8000000000002245,20316,19660,0
12380,-6.699999999999953,-5.999999999999943,26480,19660,0
12381,-7.049999999999958,7.250000000000245,23945,19660,0
12382,-6.599999999999952,2.950000000000184,27459,19660,0
12383,-6.399999999999949,6.600000000000236,29132,19660,0
12384,-6.49999999999995,1.9500000000001698,28239,19660,0
12385,-5.849999999999941,-1.4499999999998785,33371,19660,0
12386,-7.349999999999962,-1.0999999999998735,21378,19660,0
12387,-6.49999999999995,-1.0999999999998735,28178,19660,0
12388,-7.299999999999962,-6.249999999999947,21675,19660,0
12389,-6.549999999999951,-4.249999999999918,27715,19660,0
12390,-6.249999999999947,-5.199999999999932,30096,19660,0
12391,-5.899999999999942,7.550000000000249,33151,19660,0
12392,-7.099999999999959,-0.4499999999998643,23391,19660,0
12393,-5.549999999999937,4.1000000000002,35882,19660,0
12394,-6.649999999999952,-3.1499999999999027,26937,19660,0
12395,-6.849999999999955,-8.949999999999985,25221,19660,0
12396,-6.199999999999946,3.7500000000001954,30675,19660,0
12397,-7.4999999999999645,-5.849999999999941,20083,19660,0
12398,-6.999999999999957,-2.899999999999899,24142,19660,0
12399,-5.149999999999931,6.550000000000235,39131,19660,0
12400,-6.699999999999953,5.850000000000225,26717,19660,0
12401,-5.04999999999993,-0.8999999999998707,39782,19660,0
12402,-6.049999999999944,-2.749999999999897,31745,19660,0
12403,-6.4499999999999496,-1.2999999999998764,28574,19660,0
12404,-5.399999999999935,6.750000000000238,37135,19660,0
12405,-6.7999999999999545,-6.099999999999945,25678,19660,0
12406,-5.5999999999999375,-7.049999999999958,35259,19660,0
12407,-6.399999999999949,-9.399999999999991,28812,19660,0
12408,-7.399999999999963,-3.299999999999905,20934,19660,0
12409,-6.649999999999952,-5.899999999999942,26882,19660,0
12410,-7.399999999999963,-9.649999999999995,20807,19660,0
12411,-5.299999999999933,-4.5499999999999226,37709,19660,0
12412,-6.149999999999945,-4.8999999999999275,30902,19660,0
12413,-5.549999999999937,2.7000000000001805,35854,19660,0
12414,-6.699999999999953,6.000000000000227,26720,19660,0
12415,-7.4999999999999645,8.35000000000026,20367,19660,0
12416,-6.099999999999945,-8.849999999999984,31223,19660,0
12417,-6.349999999999948,-4.149999999999917,29317,19660,0
12418,-6.299999999999947,4.80000000000021,29896,19660,0
12419,-6.899999999999956,-0.4499999999998643,24991,19660,0
12420,-7.399999999999963,-2.0999999999998877,20958,19660,0
12421,-6.849999999999955,9.800000000000281,25596,19660,0
12422,-5.449999999999935,-2.399999999999892,36552,19660,0
12423,-5.549999999999937,4.0500000000002,35881,19660,0
12424,-5.899999999999942,0.6000000000001506,33012,19660,0
12425,-6.149999999999945,-6.349999999999948,30873,19660,0
12426,-7.449999999999964,-0.19999999999986073,20596,19660,0
12427,-7.449999999999964,5.300000000000217,20706,19660,0
12428,-6.999999999999957,5.900000000000226,24318,19660,0
12429,-6.249999999999947,3.7000000000001947,30274,19660,0
12430,-5.299999999999933,-8.899999999999984,37622,19660,0
12431,-5.79999999999994,9.800000000000281,33996,19660,0
12432,-6.249999999999947,-3.4999999999999076,30130,19660,0
12433,-5.09999999999993,-6.999999999999957,39260,19660,0
12434,-6.649999999999952,8.95000000000027,27179,19660,0
12435,-5.649999999999938,-8.449999999999978,34831,19660,0
12436,-6.699999999999953,-3.949999999999914,26521,19660,0
12437,-7.399999999999963,-8.249999999999975,20835,19660,0
12438,-5.299999999999933,0.8500000000001542,37817,19660,0
12439,-7.4999999999999645,-6.4499999999999496,20071,19660,0
12440,-5.399999999999935,1.5000000000001634,37030,19660,0
12441,-5.74999999999994,2.0000000000001705,34240,19660,0
12442,-6.699999999999953,-8.299999999999976,26434,19660,0
12443,-6.849999999999955,-2.8499999999998984,25343,19660,0
12444,-6.699999999999953,7.800000000000253,26756,19660,0
12445,-6.099999999999945,-9.149999999999988,31217,19660,0
12446,-6.649999999999952,1.9500000000001698,27039,19660,0
12447,-5.09999999999993,8.400000000000261,39568,19660,0
12448,-7.1499999999999595,6.8500000000002395,23137,19660,0
12449,-6.249999999999947,-5.999999999999943,30080,19660,0
12450,-7.4999999999999645,-2.3499999999998913,20153,19660,0
12451,-7.1499999999999595,-5.04999999999993,22899,19660,0
12452,-5.299999999999933,3.4000000000001904,37868,19660,0
12453,-6.949999999999957,9.950000000000284,24799,19660,0
12454,-7.349999999999962,2.750000000000181,21455,19660,0
12455,-7.449999999999964,0.6000000000001506,20612,19660,0
12456,-6.599999999999952,-4.699999999999925,27306,19660,0
12457,-7.099999999999959,-8.199999999999974,23236,19660,0
12458,-6.299999999999947,5.600000000000222,29912,19660,0
12459,-7.399999999999963,-3.449999999999907,20931,19660,0
12460,-5.2499999999999325,6.8500000000002395,38337,19660,0
12461,-5.149999999999931,8.650000000000265,39173,19660,0
12462,-6.199999999999946,1.2500000000001599,30625,19660,0
12463,-5.649999999999938,-1.7499999999998828,34965,19660,0
12464,-7.4999999999999645,-7.699999999999967,20046,19660,0
12465,-6.599999999999952,0.25000000000014566,27405,19660,0
12466,-6.949999999999957,-2.4999999999998934,24550,19660,0
12467,-5.5999999999999375,-4.39999999999992,35312,19660,0
12468,-5.299999999999933,1.5000000000001634,37830,19660,0
12469,-6.399999999999949,7.150000000000244,29143,19660,0
12470,-7.049999999999958,6.450000000000234,23929,19660,0
12471,-6.4499999999999496,-0.9999999999998721,28580,19660,0
12472,-6.899999999999956,-8.799999999999983,24824,19660,0
12473,-6.649999999999952,-8.59999999999998,26828,19660,0
12474,-5.199999999999932,1.5500000000001641,38631,19660,0
12475,-6.349999999999948,-9.099999999999987,29218,19660,0
12476,-7.299999999999962,2.1500000000001727,21843,19660,0
12477,-6.49999999999995,-1.199999999999875,28176,19660,0
12478,-7.399999999999963,4.9500000000002125,21099,19660,0
12479,-6.049999999999944,-0.4499999999998643,31791,19660,0
12480,-6.7999999999999545,-5.899999999999942,25682,19660,0
12481,-5.449999999999935,-4.749999999999925,36505,19660,0
12482,-7.4999999999999645,5.600000000000222,20312,19660,0
12483,-5.2499999999999325,3.9000000000001975,38278,19660,0
12484,-6.49999999999995,6.050000000000228,28321,19660,0
12485,-7.449999999999964,-1.6499999999998813,20567,19660,0
12486,-5.549999999999937,1.2000000000001592,35824,19660,0
12487,-5.899999999999942,-9.95,32801,19660,0
12488,-5.549999999999937,-8.64999999999998,35627,19660,0
12489,-5.79999999999994,7.60000000000025,33952,19660,0
12490,-5.849999999999941,-6.949999999999957,33261,19660,0
12491,-5.149999999999931,6.20000000000023,39124,19660,0
12492,-6.199999999999946,6.700000000000237,30734,19660,0
12493,-5.74999999999994,-6.7999999999999545,34064,19660,0
12494,-6.099999999999945,-9.24999999999999,31215,19660,0
12495,-6.749999999999954,-0.5499999999998657,26189,19660,0
12496,-5.849999999999941,-6.899999999999956,33262,19660,0
12497,-6.7999999999999545,-9.849999999999998,25603,19660,0
12498,-6.999999999999957,-4.199999999999918,24116,19660,0
12499,-5.549999999999937,-4.699999999999925,35706,19660,0
12500,-7.449999999999964,-3.1499999999999027,20537,19660,0
12501,-5.549999999999937,9.400000000000276,35988,19660,0
12502,-6.7999999999999545,8.400000000000261,25968,19660,0
12503,-7.1499999999999595,-8.899999999999984,22822,19660,0
12504,-5.5999999999999375,6.100000000000229,35522,19660,0
12505,-6.349999999999948,0.30000000000014637,29406,19660,0
12506,-7.349999999999962,-7.449999999999964,21251,19660,0
12507,-5.849999999999941,-3.8999999999999133,33322,19660,0
12508,-5.849999999999941,3.850000000000197,33477,19660,0
12509,-5.449999999999935,7.300000000000246,36746,19660,0
12510,-5.499999999999936,-6.149999999999945,36077,19660,0
12511,-5.999999999999943,-4.749999999999925,32105,19660,0
12512,-5.649999999999938,-0.34999999999986287,34993,19660,0
12513,-6.249999999999947,-8.249999999999975,30035,19660,0
12514,-7.19999999999996,-8.399999999999977,22432,19660,0
12515,-5.399999999999935,3.9000000000001975,37078,19660,0
12516,-6.599999999999952,4.350000000000204,27487,19660,0
12517,-6.699999999999953,8.800000000000267,26776,19660,0
12518,-6.949999999999957,1.1000000000001577,24622,19660,0
12519,-5.74999999999994,-2.7999999999998977,34144,19660,0
12520,-6.4499999999999496,-6.699999999999953,28466,19660,0
12521,-5.5999999999999375,-3.6499999999999098,35327,19660,0
12522,-6.49999999999995,-8.399999999999977,28032,19660,0
12523,-6.099999999999945,-2.3499999999998913,31353,19660,0
12524,-6.299999999999947,-4.299999999999919,29714,19660,0
12525,-6.249999999999947,-1.699999999999882,30166,19660,0
12526,-7.399999999999963,6.350000000000232,21127,19660,0
12527,-6.4499999999999496,3.5500000000001926,28671,19660,0
12528,-5.149999999999931,4.75000000000021,39095,19660,0
12529,-5.549999999999937,-4.34999999999992,35713,19660,0
12530,-6.299999999999947,6.550000000000235,29931,19660,0
12531,-7.299999999999962,-6.699999999999953,21666,19660,0
12532,-6.4499999999999496,7.950000000000255,28759,19660,0
12533,-6.349999999999948,5.200000000000216,29504,19660,0
12534,-7.449999999999964,-1.0499999999998728,20579,19660,0
12535,-6.649999999999952,4.1000000000002,27082,19660,0
12536,-5.649999999999938,5.150000000000215,35103,19660,0
12537,-5.499999999999936,-2.0999999999998877,36158,19660,0
12538,-5.849999999999941,-1.6499999999998813,33367,19660,0
12539,-5.549999999999937,2.250000000000174,35845,19660,0
12540,-6.849999999999955,-6.099999999999945,25278,19660,0
12541,-5.79999999999994,-8.499999999999979,33630,19660,0
12542,-6.299999999999947,-0.0499999999998586,29799,19660,0
12543,-7.349999999999962,-3.4999999999999076,21330,19660,0
12544,-5.9499999999999424,-1.0499999999998728,32579,19660,0
12545,-5.849999999999941,6.950000000000241,33539,19660,0
12546,-5.449999999999935,-3.1999999999999034,36536,19660,0
12547,-6.849999999999955,-8.799999999999983,25224,19660,0
12548,-5.149999999999931,0.7000000000001521,39014,19660,0
12549,-5.349999999999934,-0.24999999999986144,37395,19660,0
12550,-5.999999999999943,-6.49999999999995,32070,19660,0
12551,-7.249999999999961,9.400000000000276,22388,19660,0
12552,-6.749999999999954,-0.24999999999986144,26195,19660,0
12553,-5.399999999999935,9.00000000000027,37180,19660,0
12554,-7.19999999999996,-2.9499999999999,22541,19660,0
12555,-7.249999999999961,3.9500000000001982,22279,19660,0
12556,-7.19999999999996,1.8500000000001684,22637,19660,0
12557,-6.299999999999947,7.200000000000244,29944,19660,0
12558,-7.449999999999964,-5.04999999999993,20499,19660,0
12559,-5.549999999999937,-4.599999999999923,35708,19660,0
12560,-6.149999999999945,-5.999999999999943,30880,19660,0
12561,-6.7999999999999545,-9.899999999999999,25602,19660,0
12562,-6.999999999999957,2.400000000000176,24248,19660,0
12563,-5.9499999999999424,-9.449999999999992,32411,19660,0
12564,-6.549999999999951,4.75000000000021,27895,19660,0
12565,-6.149999999999945,-0.9499999999998714,30981,19660,0
12566,-7.099999999999959,-0.7499999999998685,23385,19660,0
12567,-6.4499999999999496,8.95000000000027,28779,19660,0
12568,-5.09999999999993,-0.4499999999998643,39391,19660,0
12569,-5.79999999999994,-1.2499999999998757,33775,19660,0
12570,-5.349999999999934,-5.849999999999941,37283,19660,0
12571,-5.349999999999934,-4.249999999999918,37315,19660,0
12572,-6.099999999999945,-3.6999999999999105,31326,19660,0
12573,-6.549999999999951,5.300000000000217,27906,19660,0
12574,-6.199999999999946,-6.149999999999945,30477,19660,0
12575,-7.399999999999963,8.500000000000263,21170,19660,0
12576,-6.4499999999999496,9.250000000000274,28785,19660,0
12577,-5.449999999999935,-2.8499999999998984,36543,19660,0
12578,-5.849999999999941,-3.8999999999999133,33322,19660,0
12579,-5.299999999999933,-8.849999999999984,37623,19660,0
12580,-5.04999999999993,-10.0,39600,19660,0
12581,-6.099999999999945,-8.149999999999974,31237,19660,0
12582,-5.999999999999943,5.650000000000222,32313,19660,0
12583,-5.9499999999999424,-6.349999999999948,32473,19660,0
12584,-7.099999999999959,5.50000000000022,23510,19660,0
12585,-6.7999999999999545,-6.599999999999952,25668,19660,0
12586,-7.299999999999962,-8.699999999999982,21626,19660,0
12587,-6.099999999999945,1.0000000000001563,31420,19660,0
12588,-5.09999999999993,-8.099999999999973,39238,19660,0
12589,-6.349999999999948,-5.449999999999935,29291,19660,0
12590,-5.699999999999939,-8.749999999999982,34425,19660,0
12591,-7.099999999999959,7.200000000000244,23544,19660,0
12592,-6.4499999999999496,-9.29999999999999,28414,19660,0
12593,-5.849999999999941,4.850000000000211,33497,19660,0
12594,-6.299999999999947,-2.4999999999998934,29750,19660,0
12595,-5.549999999999937,-7.249999999999961,35655,19660,0
12596,-5.9499999999999424,7.850000000000254,32757,19660,0
12597,-5.849999999999941,6.1500000000002295,33523,19660,0
12598,-6.349999999999948,-8.64999999999998,29227,19660,0
12599,-6.249999999999947,-3.0499999999999012,30139,19660,0
12600,-6.399999999999949,-0.6999999999998678,28986,19660,0
12601,-7.349999999999962,-5.549999999999937,21289,19660,0
12602,-6.399999999999949,9.300000000000274,29186,19660,0
12603,-5.349999999999934,9.500000000000277,37590,19660,0
12604,-5.04999999999993,-9.599999999999994,39608,19660,0
12605,-7.349999999999962,9.150000000000272,21583,19660,0
12606,-6.049999999999944,8.500000000000263,31970,19660,0
12607,-5.399999999999935,-0.9499999999998714,36981,19660,0
12608,-6.199999999999946,-5.899999999999942,30482,19660,0
12609,-6.49999999999995,7.60000000000025,28352,19660,0
12610,-7.049999999999958,-6.749999999999954,23665,19660,0
12611,-5.09999999999993,6.20000000000023,39524,19660,0
12612,-7.399999999999963,3.0000000000001847,21060,19660,0
12613,-6.299999999999947,7.400000000000247,29948,19660,0
12614,-5.349999999999934,-0.0499999999998586,37399,19660,0
12615,-5.649999999999938,7.400000000000247,35148,19660,0
12616,-6.699999999999953,-3.249999999999904,26535,19660,0
12617,-6.49999999999995,2.250000000000174,28245,19660,0
12618,-5.9499999999999424,-8.299999999999976,32434,19660,0
12619,-6.249999999999947,2.800000000000182,30256,19660,0
12620,-6.7999999999999545,-7.649999999999967,25647,19660,0
12621,-5.199999999999932,2.400000000000176,38648,19660,0
12622,-5.199999999999932,0.8000000000001535,38616,19660,0
12623,-6.249999999999947,-1.8499999999998842,30163,19660,0
12624,-7.349999999999962,3.850000000000197,21477,19660,0
12625,-5.299999999999933,3.9000000000001975,37878,19660,0
12626,-5.699999999999939,0.3500000000001471,34607,19660,0
12627,-7.1499999999999595,7.050000000000242,23141,19660,0
12628,-5.199999999999932,-7.999999999999972,38440,19660,0
12629,-5.449999999999935,-2.4499999999998927,36551,19660,0
12630,-5.79999999999994,-3.9999999999999147,33720,19660,0
12631,-7.299999999999962,4.500000000000206,21890,19660,0
12632,-5.04999999999993,-4.849999999999927,39703,19660,0
12633,-5.149999999999931,-5.499999999999936,38890,19660,0
12634,-6.49999999999995,-2.749999999999897,28145,19660,0
12635,-6.199999999999946,1.7000000000001663,30634,19660,0
12636,-5.849999999999941,-8.499999999999979,33230,19660,0
12637,-5.399999999999935,-0.24999999999986144,36995,19660,0
12638,-7.19999999999996,6.800000000000239,22736,19660,0
12639,-5.399999999999935,-8.199999999999974,36836,19660,0
12640,-7.399999999999963,-5.499999999999936,20890,19660,0
12641,-6.599999999999952,6.350000000000232,27527,19660,0
12642,-5.299999999999933,-1.6499999999998813,37767,19660,0
12643,-6.4499999999999496,0.8500000000001542,28617,19660,0
12644,-5.449999999999935,-4.999999999999929,36500,19660,0
12645,-5.04999999999993,-4.8999999999999275,39702,19660,0
12646,-5.04999999999993,2.9000000000001833,39858,19660,0
12647,-6.849999999999955,9.850000000000282,25597,19660,0
12648,-5.899999999999942,4.850000000000211,33097,19660,0
12649,-7.399999999999963,3.300000000000189,21066,19660,0
12650,-6.249999999999947,4.150000000000201,30283,19660,0
12651,-5.199999999999932,0.10000000000014353,38602,19660,0
12652,-6.7999999999999545,-6.949999999999957,25661,19660,0
12653,-5.5999999999999375,-6.7999999999999545,35264,19660,0
12654,-6.4499999999999496,2.7000000000001805,28654,19660,0
12655,-6.699999999999953,2.400000000000176,26648,19660,0
12656,-5.5999999999999375,-6.4499999999999496,35271,19660,0
12657,-7.399999999999963,9.05000000000027,21181,19660,0
12658,-6.349999999999948,8.750000000000266,29575,19660,0
12659,-6.999999999999957,8.95000000000027,24379,19660,0
12660,-5.9499999999999424,-6.749999999999954,32465,19660,0
12661,-6.399999999999949,9.550000000000278,29191,19660,0
12662,-6.649999999999952,-5.299999999999933,26894,19660,0
12663,-5.699999999999939,-6.699999999999953,34466,19660,0
12664,-6.149999999999945,2.750000000000181,31055,19660,0
12665,-6.049999999999944,3.650000000000194,31873,19660,0
12666,-5.299999999999933,-0.6499999999998671,37787,19660,0
12667,-5.5999999999999375,4.80000000000021,35496,19660,0
12668,-7.19999999999996,-8.999999999999986,22420,19660,0
12669,-5.149999999999931,9.70000000000028,39194,19660,0
12670,-6.699999999999953,0.8500000000001542,26617,19660,0
12671,-7.099999999999959,2.5500000000001783,23451,19660,0
12672,-5.149999999999931,-2.24999999999989,38955,19660,0
12673,-6.149999999999945,6.20000000000023,31124,19660,0
12674,-5.649999999999938,-6.899999999999956,34862,19660,0
12675,-5.549999999999937,3.100000000000186,35862,19660,0
12676,-6.049999999999944,-0.7999999999998693,31784,19660,0
12677,-7.099999999999959,9.800000000000281,23596,19660,0
12678,-5.499999999999936,3.9000000000001975,36278,19660,0
12679,-7.449999999999964,-5.04999999999993,20499,19660,0
12680,-7.099999999999959,1.1500000000001585,23423,19660,0
12681,-5.499999999999936,-6.49999999999995,36070,19660,0
12682,-5.04999999999993,-2.0999999999998877,39758,19660,0
12683,-7.249999999999961,-5.499999999999936,22090,19660,0
12684,-6.249999999999947,-9.849999999999998,30003,19660,0
12685,-6.699999999999953,1.0000000000001563,26620,19660,0
12686,-5.699999999999939,8.35000000000026,34767,19660,0
12687,-5.449999999999935,3.100000000000186,36662,19660,0
12688,-5.849999999999941,5.700000000000223,33514,19660,0
12689,-7.1499999999999595,-7.549999999999965,22849,19660,0
12690,-5.74999999999994,-0.34999999999986287,34193,19660,0
12691,-5.2499999999999325,7.750000000000252,38355,19660,0
12692,-5.449999999999935,-8.449999999999978,36431,19660,0
12693,-5.09999999999993,7.450000000000248,39549,19660,0
12694,-6.849999999999955,-8.249999999999975,25235,19660,0
12695,-7.349999999999962,-5.09999999999993,21298,19660,0
12696,-6.949999999999957,-4.199999999999918,24516,19660,0
12697,-5.199999999999932,7.250000000000245,38745,19660,0
12698,-5.699999999999939,5.300000000000217,34706,19660,0
12699,-6.849999999999955,1.400000000000162,25428,19660,0
12700,-7.19999999999996,-1.349999999999877,22573,19660,0
12701,-7.349999999999962,2.450000000000177,21449,19660,0
12702,-6.949999999999957,0.5000000000001492,24610,19660,0
12703,-6.749999999999954,9.300000000000274,26386,19660,0
12704,-6.349999999999948,-3.599999999999909,29328,19660,0
12705,-5.149999999999931,-0.84999999999987,38983,19660,0
12706,-6.649999999999952,-2.6999999999998963,26946,19660,0
12707,-6.49999999999995,0.5500000000001499,28211,19660,0
12708,-5.549999999999937,-8.449999999999978,35631,19660,0
12709,-5.999999999999943,5.150000000000215,32303,19660,0
12710,-7.399999999999963,7.400000000000247,21148,19660,0
12711,-5.899999999999942,1.5000000000001634,33030,19660,0
12712,-6.699999999999953,1.3500000000001613,26627,19660,0
12713,-6.749999999999954,4.000000000000199,26280,19660,0
12714,-6.399999999999949,8.35000000000026,29167,19660,0
12715,-7.049999999999958,3.0500000000001855,23861,19660,0
12716,-7.049999999999958,8.650000000000265,23973,19660,0
12717,-6.549999999999951,-2.4999999999998934,27750,19660,0
12718,-5.5999999999999375,-9.399999999999991,35212,19660,0
12719,-6.4499999999999496,2.600000000000179,28652,19660,0
12720,-5.499999999999936,-5.04999999999993,36099,19660,0
12721,-5.549999999999937,1.8500000000001684,35837,19660,0
12722,-6.149999999999945,-6.49999999999995,30870,19660,0
12723,-6.999999999999957,0.7500000000001528,24215,19660,0
12724,-6.049999999999944,2.9000000000001833,31858,19660,0
12725,-7.249999999999961,4.150000000000201,22283,19660,0
12726,-6.999999999999957,-6.099999999999945,24078,19660,0
12727,-6.199999999999946,-9.799999999999997,30404,19660,0
12728,-5.699999999999939,-9.499999999999993,34410,19660,0
12729,-5.999999999999943,-9.34999999999999,32013,19660,0
12730,-6.599999999999952,2.450000000000177,27449,19660,0
12731,-7.049999999999958,0.25000000000014566,23805,19660,0
12732,-5.549999999999937,2.250000000000174,35845,19660,0
12733,-6.949999999999957,-0.0499999999998586,24599,19660,0
12734,-6.849999999999955,-9.149999999999988,25217,19660,0
12735,-7.1499999999999595,-7.999999999999972,22840,19660,0
12736,-7.1499999999999595,8.650000000000265,23173,19660,0
12737,-5.849999999999941,7.000000000000242,33540,19660,0
12738,-6.849999999999955,-3.749999999999911,25325,19660,0
12739,-6.4499999999999496,-9.24999999999999,28415,19660,0
12740,-6.649999999999952,7.60000000000025,27152,19660,0
12741,-5.9499999999999424,-7.799999999999969,32444,19660,0
12742,-6.849999999999955,-3.099999999999902,25338,19660,0
12743,-5.899999999999942,6.650000000000237,33133,19660,0
12744,-5.349999999999934,-5.04999999999993,37299,19660,0
12745,-7.249999999999961,7.900000000000254,22358,19660,0
12746,-7.299999999999962,-3.949999999999914,21721,19660,0
12747,-6.749999999999954,-9.649999999999995,26007,19660,0
12748,-6.549999999999951,-3.799999999999912,27724,19660,0
12749,-7.449999999999964,2.1500000000001727,20643,19660,0
12750,-7.399999999999963,8.400000000000261,21168,19660,0
12751,-6.49999999999995,8.100000000000257,28362,19660,0
12752,-5.9499999999999424,1.8000000000001677,32636,19660,0
12753,-5.449999999999935,-7.599999999999966,36448,19660,0
12754,-5.649999999999938,-1.349999999999877,34973,19660,0
12755,-6.299999999999947,-6.699999999999953,29666,19660,0
12756,-7.4999999999999645,-4.799999999999926,20104,19660,0
12757,-6.149999999999945,3.0000000000001847,31060,19660,0
12758,-6.399999999999949,7.750000000000252,29155,19660,0
12759,-5.399999999999935,-5.649999999999938,36887,19660,0
12760,-7.249999999999961,6.8500000000002395,22337,19660,0
12761,-7.4999999999999645,-7.099999999999959,20058,19660,0
12762,-5.899999999999942,-7.099999999999959,32858,19660,0
12763,-6.099999999999945,-1.7499999999998828,31365,19660,0
12764,-7.19999999999996,-7.099999999999959,22458,19660,0
12765,-5.699999999999939,-1.5999999999998806,34568,19660,0
12766,-6.149999999999945,5.700000000000223,31114,19660,0
12767,-6.849999999999955,-8.299999999999976,25234,19660,0
12768,-6.899999999999956,-9.849999999999998,24803,19660,0
12769,-7.19999999999996,6.20000000000023,22724,19660,0
12770,-6.999999999999957,-6.199999999999946,24076,19660,0
12771,-7.449999999999964,9.500000000000277,20790,19660,0
12772,-7.399999999999963,-1.5999999999998806,20968,19660,0
12773,-5.499999999999936,-4.499999999999922,36110,19660,0
12774,-6.249999999999947,9.450000000000276,30389,19660,0
12775,-6.099999999999945,1.9500000000001698,31439,19660,0
12776,-6.299999999999947,-7.799999999999969,29644,19660,0
12777,-5.899999999999942,-6.399999999999949,32872,19660,0
12778,-5.9499999999999424,3.800000000000196,32676,19660,0
12779,-7.449999999999964,-1.5999999999998806,20568,19660,0
12780,-7.19999999999996,-7.099999999999959,22458,19660,0
12781,-5.79999999999994,-0.5499999999998657,33789,19660,0
12782,-5.899999999999942,4.550000000000207,33091,19660,0
12783,-7.049999999999958,4.000000000000199,23880,19660,0
12784,-5.699999999999939,2.600000000000179,34652,19660,0
12785,-5.04999999999993,-7.8499999999999694,39643,19660,0
12786,-7.4999999999999645,-7.949999999999971,20041,19660,0
12787,-5.74999999999994,-5.09999999999993,34098,19660,0
12788,-5.849999999999941,8.550000000000264,33571,19660,0
12789,-6.49999999999995,-0.19999999999986073,28196,19660,0
12790,-6.949999999999957,-1.8499999999998842,24563,19660,0
12791,-7.349999999999962,7.200000000000244,21544,19660,0
12792,-5.549999999999937,7.000000000000242,35940,19660,0
12793,-5.2499999999999325,-8.59999999999998,38028,19660,0
12794,-6.649999999999952,3.100000000000186,27062,19660,0
12795,-7.249999999999961,-6.649999999999952,22067,19660,0
12796,-5.549999999999937,-0.4499999999998643,35791,19660,0
12797,-5.849999999999941,-8.949999999999985,33221,19660,0
12798,-7.1499999999999595,-2.549999999999894,22949,19660,0
12799,-5.09999999999993,7.650000000000251,39553,19660,0
12800,-6.199999999999946,8.30000000000026,30766,19660,0
12801,-6.549999999999951,2.800000000000182,27856,19660,0
12802,-5.449999999999935,-9.549999999999994,36409,19660,0
12803,-6.249999999999947,-4.8999999999999275,30102,19660,0
12804,-6.349999999999948,-4.649999999999924,29307,19660,0
12805,-6.899999999999956,0.25000000000014566,25005,19660,0
12806,-6.299999999999947,-3.299999999999905,29734,19660,0
12807,-5.79999999999994,-2.049999999999887,33759,19660,0
12808,-5.499999999999936,7.800000000000253,36356,19660,0
12809,-6.149999999999945,-7.349999999999962,30853,19660,0
12810,-5.04999999999993,-1.3999999999998778,39772,19660,0
12811,-7.19999999999996,7.750000000000252,22755,19660,0
12812,-7.049999999999958,5.900000000000226,23918,19660,0
12813,-5.699999999999939,8.95000000000027,34779,19660,0
12814,-6.599999999999952,6.450000000000234,27529,19660,0
12815,-6.399999999999949,-3.1499999999999027,28937,19660,0
12816,-6.049999999999944,-1.0499999999998728,31779,19660,0
12817,-5.649999999999938,-4.149999999999917,34917,19660,0
12818,-5.899999999999942,-0.29999999999986215,32994,19660,0
12819,-7.299999999999962,6.250000000000231,21925,19660,0
12820,-6.749999999999954,-2.3499999999998913,26153,19660,0
12821,-6.199999999999946,2.800000000000182,30656,19660,0
12822,-5.499999999999936,-4.499999999999922,36110,19660,0
12823,-5.2499999999999325,-3.449999999999907,38131,19660,0
12824,-7.249999999999961,-0.7999999999998693,22184,19660,0
12825,-6.099999999999945,4.200000000000202,31484,19660,0
12826,-6.349999999999948,8.550000000000264,29571,19660,0
12827,-6.049999999999944,0.10000000000014353,31802,19660,0
12828,-5.399999999999935,-3.1999999999999034,36936,19660,0
12829,-6.049999999999944,-9.199999999999989,31616,19660,0
12830,-5.999999999999943,5.650000000000222,32313,19660,0
12831,-5.5999999999999375,2.750000000000181,35455,19660,0
12832,-5.899999999999942,4.850000000000211,33097,19660,0
12833,-6.599999999999952,9.900000000000283,27598,19660,0
12834,-6.349999999999948,-9.499999999999993,29210,19660,0
12835,-6.399999999999949,-4.5499999999999226,28909,19660,0
12836,-6.4499999999999496,0.7500000000001528,28615,19660,0
12837,-5.499999999999936,9.850000000000282,36397,19660,0
12838,-7.449999999999964,-3.5499999999999083,20529,19660,0
12839,-6.949999999999957,-2.7999999999998977,24544,19660,0
12840,-6.199999999999946,8.35000000000026,30767,19660,0
12841,-5.2499999999999325,1.7000000000001663,38234,19660,0
12842,-5.449999999999935,-9.449999999999992,36411,19660,0
12843,-6.399999999999949,-2.599999999999895,28948,19660,0
12844,-6.999999999999957,3.2500000000001883,24265,19660,0
12845,-6.599999999999952,6.20000000000023,27524,19660,0
12846,-5.04999999999993,8.800000000000267,39976,19660,0
12847,-7.4999999999999645,-6.4499999999999496,20071,19660,0
12848,-5.349999999999934,8.550000000000264,37571,19660,0
12849,-7.299999999999962,-0.9999999999998721,21780,19660,0
12850,-5.79999999999994,9.300000000000274,33986,19660,0
12851,-6.849999999999955,-8.049999999999972,25239,19660,0
12852,-6.949999999999957,0.6500000000001513,24613,19660,0
12853,-5.449999999999935,8.500000000000263,36770,19660,0
12854,-5.399999999999935,-2.749999999999897,36945,19660,0
12855,-6.199999999999946,-2.0999999999998877,30558,19660,0
12856,-5.999999999999943,4.1000000000002,32282,19660,0
12857,-5.149999999999931,0.20000000000014495,39004,19660,0
12858,-6.4499999999999496,-8.949999999999985,28421,19660,0
12859,-6.4499999999999496,5.200000000000216,28704,19660,0
12860,-6.399999999999949,-6.899999999999956,28862,19660,0
12861,-5.449999999999935,2.6500000000001798,36653,19660,0
12862,-5.999999999999943,7.250000000000245,32345,19660,0
12863,-5.299999999999933,-4.5499999999999226,37709,19660,0
12864,-7.19999999999996,1.9500000000001698,22639,19660,0
12865,-5.79999999999994,5.50000000000022,33910,19660,0
12866,-6.649999999999952,1.6000000000001648,27032,19660,0
12867,-5.399999999999935,4.900000000000212,37098,19660,0
12868,-6.249999999999947,-6.4499999999999496,30071,19660,0
12869,-7.449999999999964,9.200000000000273,20784,19660,0
12870,-5.149999999999931,3.300000000000189,39066,19660,0
12871,-5.04999999999993,3.300000000000189,39866,19660,0
12872,-5.9499999999999424,-0.24999999999986144,32595,19660,0
12873,-5.999999999999943,4.550000000000207,32291,19660,0
12874,-6.199999999999946,9.400000000000276,30788,19660,0
12875,-6.7999999999999545,-6.949999999999957,25661,19660,0
12876,-5.899999999999942,2.600000000000179,33052,19660,0
12877,-7.049999999999958,-5.9499999999999424,23681,19660,0
12878,-6.649999999999952,7.900000000000254,27158,19660,0
12879,-5.199999999999932,-10.0,38400,19660,0
12880,-5.899999999999942,7.300000000000246,33146,19660,0
12881,-6.599999999999952,5.850000000000225,27517,19660,0
12882,-6.649999999999952,-8.749999999999982,26825,19660,0
12883,-5.299999999999933,-8.149999999999974,37637,19660,0
12884,-6.749999999999954,-7.999999999999972,26040,19660,0
12885,-6.099999999999945,3.9500000000001982,31479,19660,0
12886,-7.349999999999962,7.400000000000247,21548,19660,0
12887,-5.199999999999932,3.650000000000194,38673,19660,0
12888,-5.5999999999999375,3.500000000000192,35470,19660,0
12889,-6.4499999999999496,4.400000000000205,28688,19660,0
12890,-5.899999999999942,7.60000000000025,33152,19660,0
12891,-5.849999999999941,-0.09999999999985931,33398,19660,0
12892,-6.849999999999955,6.300000000000232,25526,19660,0
12893,-6.949999999999957,6.350000000000232,24727,19660,0
12894,-5.5999999999999375,-3.099999999999902,35338,19660,0
12895,-5.999999999999943,1.2500000000001599,32225,19660,0
12896,-6.899999999999956,-6.999999999999957,24860,19660,0
12897,-6.549999999999951,-5.999999999999943,27680,19660,0
12898,-5.9499999999999424,7.000000000000242,32740,19660,0
12899,-7.099999999999959,-8.749999999999982,23225,19660,0
12900,-5.999999999999943,-6.049999999999944,32079,19660,0
12901,-6.949999999999957,0.7500000000001528,24615,19660,0
12902,-5.199999999999932,-0.19999999999986073,38596,19660,0
12903,-5.2499999999999325,1.9500000000001698,38239,19660,0
12904,-5.5999999999999375,3.100000000000186,35462,19660,0
12905,-7.4999999999999645,-1.4999999999998792,20170,19660,0
12906,-7.099999999999959,-6.899999999999956,23262,19660,0
12907,-7.399999999999963,1.5000000000001634,21030,19660,0
12908,-6.149999999999945,3.3500000000001897,31067,19660,0
12909,-6.349999999999948,-0.84999999999987,29383,19660,0
12910,-6.299999999999947,0.8500000000001542,29817,19660,0
12911,-5.149999999999931,7.900000000000254,39158,19660,0
12912,-6.299999999999947,2.400000000000176,29848,19660,0
12913,-6.299999999999947,9.400000000000276,29988,19660,0
12914,-5.199999999999932,2.750000000000181,38655,19660,0
12915,-6.049999999999944,0.20000000000014495,31804,19660,0
12916,-5.849999999999941,-7.649999999999967,33247,19660,0
12917,-7.349999999999962,-1.54999999999988,21369,19660,0
12918,-6.949999999999957,3.7000000000001947,24674,19660,0
12919,-5.449999999999935,7.950000000000255,36759,19660,0
12920,-6.7999999999999545,-4.949999999999928,25701,19660,0
12921,-5.899999999999942,3.800000000000196,33076,19660,0
12922,-5.349999999999934,1.4500000000001627,37429,19660,0
12923,-6.999999999999957,-3.249999999999904,24135,19660,0
12924,-7.4999999999999645,3.7000000000001947,20274,19660,0
12925,-7.249999999999961,4.700000000000209,22294,19660,0
12926,-7.099999999999959,0.6000000000001506,23412,19660,0
12927,-7.1499999999999595,-0.499999999999865,22990,19660,0
12928,-6.399999999999949,0.4000000000001478,29008,19660,0
12929,-6.949999999999957,-4.249999999999918,24515,19660,0
12930,-6.549999999999951,-0.8999999999998707,27782,19660,0
12931,-5.449999999999935,2.0000000000001705,36640,19660,0
12932,-6.899999999999956,-7.699999999999967,24846,19660,0
12933,-6.299999999999947,-5.199999999999932,29696,19660,0
12934,-7.4999999999999645,-9.699999999999996,20006,19660,0
12935,-7.299999999999962,-6.349999999999948,21673,19660,0
12936,-5.2499999999999325,9.70000000000028,38394,19660,0
12937,-5.2499999999999325,-5.199999999999932,38096,19660,0
12938,-5.5999999999999375,-3.1999999999999034,35336,19660,0
12939,-5.79999999999994,0.05000000000014282,33801,19660,0
12940,-5.2499999999999325,-7.599999999999966,38048,19660,0
12941,-5.699999999999939,6.450000000000234,34729,19660,0
12942,-7.049999999999958,7.300000000000246,23946,19660,0
12943,-6.7999999999999545,-2.749999999999897,25745,19660,0
12944,-7.4999999999999645,5.8000000000002245,20316,19660,0
12945,-5.5999999999999375,7.650000000000251,35553,19660,0
12946,-6.849999999999955,-5.499999999999936,25290,19660,0
12947,-7.4999999999999645,-6.399999999999949,20072,19660,0
12948,-5.2499999999999325,7.750000000000252,38355,19660,0
12949,-5.09999999999993,-8.349999999999977,39233,19660,0
12950,-5.999999999999943,-5.999999999999943,32080,19660,0
12951,-5.5999999999999375,1.5500000000001641,35431,19660,0
12952,-5.199999999999932,3.4000000000001904,38668,19660,0
12953,-5.449999999999935,-8.449999999999978,36431,19660,0
12954,-5.74999999999994,-6.749999999999954,34065,19660,0
12955,-6.999999999999957,5.950000000000227,24319,19660,0
12956,-5.849999999999941,1.900000000000169,33438,19660,0
12957,-5.5999999999999375,-3.949999999999914,35321,19660,0
12958,-7.249999999999961,-1.0999999999998735,22178,19660,0
12959,-6.649999999999952,-5.549999999999937,26889,19660,0
12960,-7.349999999999962,1.050000000000157,21421,19660,0
12961,-6.949999999999957,-5.04999999999993,24499,19660,0
12962,-6.049999999999944,-5.74999999999994,31685,19660,0
12963,-6.199999999999946,-8.949999999999985,30421,19660,0
12964,-5.399999999999935,6.550000000000235,37131,19660,0
12965,-6.149999999999945,1.3500000000001613,31027,19660,0
12966,-7.399999999999963,-3.099999999999902,20938,19660,0
12967,-5.09999999999993,-5.649999999999938,39287,19660,0
12968,-5.449999999999935,-4.799999999999926,36504,19660,0
12969,-5.999999999999943,-4.999999999999929,32100,19660,0
12970,-5.549999999999937,-6.349999999999948,35673,19660,0
12971,-7.1499999999999595,2.1500000000001727,23043,19660,0
12972,-6.849999999999955,-5.149999999999931,25297,19660,0
12973,-5.09999999999993,4.0500000000002,39481,19660,0
12974,-5.09999999999993,9.200000000000273,39584,19660,0
12975,-5.74999999999994,1.2500000000001599,34225,19660,0
12976,-5.74999999999994,-2.7999999999998977,34144,19660,0
12977,-5.399999999999935,-8.049999999999972,36839,19660,0
12978,-5.399999999999935,4.500000000000206,37090,19660,0
12979,-5.699999999999939,2.5500000000001783,34651,19660,0
12980,-5.499999999999936,-6.699999999999953,36066,19660,0
12981,-6.49999999999995,3.3500000000001897,28267,19660,0
12982,-5.79999999999994,-8.299999999999976,33634,19660,0
12983,-6.999999999999957,-7.549999999999965,24049,19660,0
12984,-5.399999999999935,-3.799999999999912,36924,19660,0
12985,-5.849999999999941,-1.0499999999998728,33379,19660,0
12986,-6.149999999999945,0.4000000000001478,31008,19660,0
12987,-5.74999999999994,-2.24999999999989,34155,19660,0
12988,-6.149999999999945,6.350000000000232,31127,19660,0
12989,-7.049999999999958,-6.699999999999953,23666,19660,0
12990,-5.2499999999999325,8.550000000000264,38371,19660,0
12991,-5.79999999999994,-3.8999999999999133,33722,19660,0
12992,-6.249999999999947,-1.899999999999885,30162,19660,0
12993,-6.249999999999947,3.100000000000186,30262,19660,0
12994,-6.649999999999952,3.0000000000001847,27060,19660,0
12995,-5.349999999999934,6.400000000000233,37528,19660,0
12996,-7.1499999999999595,-3.8999999999999133,22922,19660,0
12997,-6.099999999999945,-6.599999999999952,31268,19660,0
12998,-6.749999999999954,0.30000000000014637,26206,19660,0
12999,-6.049999999999944,-5.199999999999932,31696,19660,0
13000,-5.04999999999993,-8.199999999999974,39636,19660,0
13001,-5.2499999999999325,9.100000000000271,38382,19660,0
13002,-5.199999999999932,4.150000000000201,38683,19660,0
13003,-7.399999999999963,-9.199999999999989,20816,19660,0
13004,-5.79999999999994,3.650000000000194,33873,19660,0
13005,-6.4499999999999496,-9.749999999999996,28405,19660,0
13006,-6.699999999999953,-1.899999999999885,26562,19660,0
13007,-5.2499999999999325,1.2000000000001592,38224,19660,0
13008,-5.499999999999936,-0.19999999999986073,36196,19660,0
13009,-6.049999999999944,1.6000000000001648,31832,19660,0
13010,-6.849999999999955,-8.54999999999998,25229,19660,0
13011,-5.499999999999936,2.5000000000001776,36250,19660,0
13012,-5.299999999999933,-9.499999999999993,37610,19660,0
13013,-6.049999999999944,1.6000000000001648,31832,19660,0
13014,-6.349999999999948,1.3500000000001613,29427,19660,0
13015,-5.699999999999939,-8.64999999999998,34427,19660,0
13016,-6.49999999999995,-2.9999999999999005,28140,19660,0
13017,-5.549999999999937,5.550000000000221,35911,19660,0
13018,-7.1499999999999595,-3.1999999999999034,22936,19660,0
13019,-5.149999999999931,5.300000000000217,39106,19660,0
13020,-7.449999999999964,-0.09999999999985931,20598,19660,0
13021,-5.699999999999939,9.100000000000271,34782,19660,0
13022,-5.399999999999935,7.650000000000251,37153,19660,0
13023,-6.099999999999945,9.75000000000028,31595,19660,0
13024,-5.2499999999999325,2.0500000000001712,38241,19660,0
13025,-6.099999999999945,0.05000000000014282,31401,19660,0
13026,-6.4499999999999496,-5.999999999999943,28480,19660,0
13027,-7.399999999999963,-9.34999999999999,20813,19660,0
13028,-6.649999999999952,2.750000000000181,27055,19660,0
13029,-5.9499999999999424,-4.5499999999999226,32509,19660,0
13030,-6.399999999999949,3.100000000000186,29062,19660,0
13031,-5.5999999999999375,-2.399999999999892,35352,19660,0
13032,-6.849999999999955,-5.199999999999932,25296,19660,0
13033,-5.549999999999937,-3.3499999999999055,35733,19660,0
13034,-5.849999999999941,-9.399999999999991,33212,19660,0
13035,-5.299999999999933,-5.549999999999937,37689,19660,0
13036,-6.599999999999952,-7.19999999999996,27256,19660,0
13037,-6.549999999999951,-5.79999999999994,27684,19660,0
13038,-7.249999999999961,-5.699999999999939,22086,19660,0
13039,-6.199999999999946,6.800000000000239,30736,19660,0
13040,-6.649999999999952,7.7000000000002515,27154,19660,0
13041,-5.499999999999936,8.900000000000269,36378,19660,0
13042,-7.249999999999961,2.100000000000172,22242,19660,0
13043,-6.999999999999957,6.350000000000232,24327,19660,0
13044,-6.699999999999953,-8.099999999999973,26438,19660,0
13045,-5.449999999999935,2.9000000000001833,36658,19660,0
13046,-5.5999999999999375,0.4500000000001485,35409,19660,0
13047,-6.749999999999954,-4.599999999999923,26108,19660,0
13048,-7.399999999999963,-3.1499999999999027,20937,19660,0
13049,-7.099999999999959,1.6500000000001656,23433,19660,0
13050,-6.149999999999945,3.2000000000001876,31064,19660,0
13051,-5.449999999999935,-7.449999999999964,36451,19660,0
13052,-6.049999999999944,2.8500000000001826,31857,19660,0
13053,-5.79999999999994,7.050000000000242,33941,19660,0
13054,-7.19999999999996,7.200000000000244,22744,19660,0
13055,-5.149999999999931,-1.699999999999882,38966,19660,0
13056,-5.849999999999941,7.650000000000251,33553,19660,0
13057,-7.249999999999961,2.400000000000176,22248,19660,0
13058,-6.349999999999948,-1.4499999999998785,29371,19660,0
13059,-5.79999999999994,7.350000000000247,33947,19660,0
13060,-5.699999999999939,-5.649999999999938,34487,19660,0
13061,-7.1499999999999595,-0.9999999999998721,22980,19660,0
13062,-7.349999999999962,4.2500000000002025,21485,19660,0
13063,-7.4999999999999645,8.35000000000026,20367,19660,0
13064,-5.549999999999937,3.9000000000001975,35878,19660,0
13065,-7.19999999999996,-4.39999999999992,22512,19660,0
13066,-6.899999999999956,-8.799999999999983,24824,19660,0
13067,-7.1499999999999595,-6.049999999999944,22879,19660,0
13068,-5.2499999999999325,8.650000000000265,38373,19660,0
13069,-6.949999999999957,-1.349999999999877,24573,19660,0
13070,-6.7999999999999545,-9.649999999999995,25607,19660,0
13071,-7.299999999999962,-8.449999999999978,21631,19660,0
13072,-5.849999999999941,-2.7999999999998977,33344,19660,0
13073,-6.549999999999951,8.850000000000268,27977,19660,0
13074,-7.4999999999999645,5.000000000000213,20300,19660,0
13075,-5.9499999999999424,0.4500000000001485,32609,19660,0
13076,-6.299999999999947,-8.449999999999978,29631,19660,0
13077,-5.04999999999993,-3.9999999999999147,39720,19660,0
13078,-5.299999999999933,-7.1499999999999595,37657,19660,0
13079,-6.7999999999999545,9.75000000000028,25995,19660,0
13080,-6.249999999999947,-6.649999999999952,30067,19660,0
13081,-6.649999999999952,9.70000000000028,27194,19660,0
13082,-7.1499999999999595,-0.14999999999986002,22997,19660,0
13083,-6.749999999999954,-0.19999999999986073,26196,19660,0
13084,-6.049999999999944,2.5500000000001783,31851,19660,0
13085,-7.399999999999963,-5.5999999999999375,20888,19660,0
13086,-5.499999999999936,1.3000000000001606,36226,19660,0
13087,-7.349999999999962,5.700000000000223,21514,19660,0
13088,-7.19999999999996,4.80000000000021,22696,19660,0
13089,-6.999999999999957,-5.5999999999999375,24088,19660,0
13090,-6.149999999999945,-7.399999999999963,30852,19660,0
13091,-6.049999999999944,-0.9499999999998714,31781,19660,0
13092,-6.099999999999945,3.4000000000001904,31468,19660,0
13093,-6.699999999999953,-4.0499999999999154,26519,19660,0
13094,-5.999999999999943,1.5500000000001641,32231,19660,0
13095,-5.9499999999999424,9.75000000000028,32795,19660,0
13096,-6.399999999999949,-6.349999999999948,28873,19660,0
13097,-6.149999999999945,8.900000000000269,31178,19660,0
13098,-5.699999999999939,-7.949999999999971,34441,19660,0
13099,-5.2499999999999325,-2.24999999999989,38155,19660,0
13100,-5.399999999999935,-8.849999999999984,36823,19660,0
13101,-5.649999999999938,0.8000000000001535,35016,19660,0
13102,-6.399999999999949,3.0000000000001847,29060,19660,0
13103,-5.74999999999994,4.300000000000203,34286,19660,0
13104,-5.79999999999994,-3.399999999999906,33732,19660,0
13105,-5.299999999999933,0.7000000000001521,37814,19660,0
13106,-5.79999999999994,8.650000000000265,33973,19660,0
13107,-7.4999999999999645,2.2000000000001734,20244,19660,0
13108,-5.849999999999941,-1.2499999999998757,33375,19660,0
13109,-5.899999999999942,5.750000000000224,33115,19660,0
13110,-6.199999999999946,-6.549999999999951,30469,19660,0
13111,-5.04999999999993,5.150000000000215,39903,19660,0
13112,-6.149999999999945,8.95000000000027,31179,19660,0
13113,-7.349999999999962,9.950000000000284,21599,19660,0
13114,-5.199999999999932,2.5000000000001776,38650,19660,0
13115,-5.449999999999935,3.6000000000001933,36672,19660,0
13116,-7.19999999999996,-9.499999999999993,22410,19660,0
13117,-6.899999999999956,4.9500000000002125,25099,19660,0
13118,-5.399999999999935,-8.049999999999972,36839,19660,0
13119,-6.699999999999953,-2.899999999999899,26542,19660,0
13120,-5.399999999999935,5.350000000000218,37107,19660,0
13121,-6.249999999999947,-0.8999999999998707,30182,19660,0
13122,-5.2499999999999325,-5.74999999999994,38085,19660,0
13123,-7.1499999999999595,3.7500000000001954,23075,19660,0
13124,-5.499999999999936,-0.499999999999865,36190,19660,0
13125,-5.399999999999935,5.650000000000222,37113,19660,0
13126,-6.949999999999957,-6.649999999999952,24467,19660,0
13127,-6.249999999999947,-5.449999999999935,30091,19660,0
13128,-5.399999999999935,-8.099999999999973,36838,19660,0
13129,-6.949999999999957,8.200000000000259,24764,19660,0
13130,-5.5999999999999375,-6.349999999999948,35273,19660,0
13131,-6.049999999999944,4.6000000000002075,31892,19660,0
13132,-7.099999999999959,-7.749999999999968,23245,19660,0
13133,-6.349999999999948,3.300000000000189,29466,19660,0
13134,-6.649999999999952,-3.399999999999906,26932,19660,0
13135,-5.74999999999994,-2.899999999999899,34142,19660,0
13136,-6.599999999999952,3.2500000000001883,27465,19660,0
13137,-5.04999999999993,4.150000000000201,39883,19660,0
13138,-7.049999999999958,3.5500000000001926,23871,19660,0
13139,-6.749999999999954,4.450000000000205,26289,19660,0
13140,-5.9499999999999424,-9.899999999999999,32402,19660,0
13141,-7.1499999999999595,8.850000000000268,23177,19660,0
13142,-6.549999999999951,3.100000000000186,27862,19660,0
13143,-5.399999999999935,8.150000000000258,37163,19660,0
13144,-5.449999999999935,-1.349999999999877,36573,19660,0
13145,-5.449999999999935,8.600000000000264,36772,19660,0
13146,-7.299999999999962,5.550000000000221,21911,19660,0
13147,-6.49999999999995,1.5500000000001641,28231,19660,0
13148,-7.1499999999999595,-8.749999999999982,22825,19660,0
13149,-5.199999999999932,-1.9499999999998856,38561,19660,0
13150,-5.549999999999937,3.2000000000001876,35864,19660,0
13151,-6.199999999999946,-7.1499999999999595,30457,19660,0
13152,-5.2499999999999325,-8.59999999999998,38028,19660,0
13153,-7.049999999999958,5.45000000000022,23909,19660,0
13154,-5.549999999999937,-2.24999999999989,35755,19660,0
13155,-6.899999999999956,7.7000000000002515,25154,19660,0
13156,-6.599999999999952,1.8500000000001684,27437,19660,0
13157,-5.699999999999939,-7.1499999999999595,34457,19660,0
13158,-6.999999999999957,4.850000000000211,24297,19660,0
13159,-6.099999999999945,-2.9499999999999,31341,19660,0
13160,-6.699999999999953,-9.749999999999996,26405,19660,0
13161,-6.7999999999999545,-0.5999999999998664,25788,19660,0
13162,-5.2499999999999325,7.7000000000002515,38354,19660,0
13163,-7.19999999999996,-0.19999999999986073,22596,19660,0
13164,-5.74999999999994,1.8500000000001684,34237,19660,0
13165,-5.149999999999931,-1.9999999999998863,38960,19660,0
13166,-5.699999999999939,2.600000000000179,34652,19660,0
13167,-5.79999999999994,-0.6999999999998678,33786,19660,0
13168,-5.699999999999939,4.200000000000202,34684,19660,0
13169,-6.849999999999955,-5.449999999999935,25291,19660,0
13170,-6.049999999999944,4.900000000000212,31898,19660,0
13171,-6.099999999999945,-6.699999999999953,31266,19660,0
13172,-5.2499999999999325,-8.949999999999985,38021,19660,0
13173,-7.19999999999996,-9.699999999999996,22406,19660,0
13174,-6.349999999999948,-3.6499999999999098,29327,19660,0
13175,-7.4999999999999645,-3.249999999999904,20135,19660,0
13176,-5.349999999999934,-2.8499999999998984,37343,19660,0
13177,-6.7999999999999545,9.950000000000284,25999,19660,0
13178,-7.399999999999963,5.600000000000222,21112,19660,0
13179,-7.099999999999959,-7.049999999999958,23259,19660,0
13180,-5.449999999999935,-7.949999999999971,36441,19660,0
13181,-6.749999999999954,2.800000000000182,26256,19660,0
13182,-7.049999999999958,-8.299999999999976,23634,19660,0
13183,-6.949999999999957,0.10000000000014353,24602,19660,0
13184,-6.999999999999957,-1.7999999999998835,24164,19660,0
13185,-5.2499999999999325,7.050000000000242,38341,19660,0
13186,-6.549999999999951,6.8500000000002395,27937,19660,0
13187,-5.849999999999941,-0.6499999999998671,33387,19660,0
13188,-6.699999999999953,5.850000000000225,26717,19660,0
13189,-5.849999999999941,5.600000000000222,33512,19660,0
13190,-6.549999999999951,4.150000000000201,27883,19660,0
13191,-7.249999999999961,-7.749999999999968,22045,19660,0
13192,-6.599999999999952,3.4000000000001904,27468,19660,0
13193,-5.899999999999942,8.800000000000267,33176,19660,0
13194,-6.7999999999999545,-0.29999999999986215,25794,19660,0
13195,-6.849999999999955,-0.9499999999998714,25381,19660,0
13196,-5.09999999999993,1.5500000000001641,39431,19660,0
13197,-7.449999999999964,9.500000000000277,20790,19660,0
13198,-5.2499999999999325,8.150000000000258,38363,19660,0
13199,-5.349999999999934,3.3500000000001897,37467,19660,0
13200,-5.849999999999941,4.000000000000199,33480,19660,0
13201,-6.299999999999947,0.10000000000014353,29802,19660,0
13202,-5.349999999999934,-8.249999999999975,37235,19660,0
13203,-6.099999999999945,4.550000000000207,31491,19660,0
13204,-5.9499999999999424,-5.04999999999993,32499,19660,0
13205,-7.299999999999962,9.200000000000273,21984,19660,0
13206,-5.699999999999939,9.900000000000283,34798,19660,0
13207,-5.09999999999993,3.0000000000001847,39460,19660,0
13208,-5.999999999999943,-6.649999999999952,32067,19660,0
13209,-7.1499999999999595,3.300000000000189,23066,19660,0
13210,-6.4499999999999496,8.100000000000257,28762,19660,0
13211,-6.7999999999999545,-8.249999999999975,25635,19660,0
13212,-6.899999999999956,-9.799999999999997,24804,19660,0
13213,-5.9499999999999424,7.000000000000242,32740,19660,0
13214,-7.249999999999961,-7.449999999999964,22051,19660,0
13215,-7.4999999999999645,-0.0499999999998586,20199,19660,0
13216,-5.09999999999993,8.500000000000263,39570,19660,0
13217,-6.749999999999954,-9.24999999999999,26015,19660,0
13218,-7.449999999999964,-4.249999999999918,20515,19660,0
13219,-5.79999999999994,-8.899999999999984,33622,19660,0
13220,-6.699999999999953,3.3500000000001897,26667,19660,0
13221,-5.79999999999994,8.600000000000264,33972,19660,0
13222,-7.049999999999958,1.6000000000001648,23832,19660,0
13223,-5.899999999999942,-3.749999999999911,32925,19660,0
13224,-6.149999999999945,-6.149999999999945,30877,19660,0
13225,-6.949999999999957,-6.7999999999999545,24464,19660,0
13226,-7.299999999999962,4.400000000000205,21888,19660,0
13227,-5.199999999999932,8.400000000000261,38768,19660,0
13228,-5.5999999999999375,-9.499999999999993,35210,19660,0
13229,-6.599999999999952,-4.199999999999918,27316,19660,0
13230,-5.449999999999935,4.850000000000211,36697,19660,0
13231,-7.449999999999964,-0.5999999999998664,20588,19660,0
13232,-7.1499999999999595,-6.149999999999945,22877,19660,0
13233,-6.249999999999947,-3.949999999999914,30121,19660,0
13234,-5.449999999999935,2.300000000000175,36646,19660,0
13235,-7.19999999999996,-6.399999999999949,22472,19660,0
13236,-5.449999999999935,8.100000000000257,36762,19660,0
13237,-5.449999999999935,-4.649999999999924,36507,19660,0
13238,-5.79999999999994,-5.04999999999993,33699,19660,0
13239,-6.649999999999952,8.35000000000026,27167,19660,0
13240,-7.449999999999964,4.500000000000206,20690,19660,0
13241,-6.849999999999955,6.300000000000232,25526,19660,0
13242,-5.299999999999933,-1.1499999999998742,37777,19660,0
13243,-7.249999999999961,0.8000000000001535,22216,19660,0
13244,-5.09999999999993,-6.549999999999951,39269,19660,0
13245,-6.999999999999957,-4.849999999999927,24103,19660,0
13246,-7.449999999999964,-8.449999999999978,20431,19660,0
13247,-5.399999999999935,9.950000000000284,37199,19660,0
13248,-5.349999999999934,9.400000000000276,37588,19660,0
13249,-6.149999999999945,-2.599999999999895,30948,19660,0
13250,-5.399999999999935,-3.4999999999999076,36930,19660,0
13251,-5.5999999999999375,-7.099999999999959,35258,19660,0
13252,-5.09999999999993,9.400000000000276,39588,19660,0
13253,-6.699999999999953,-0.9999999999998721,26580,19660,0
13254,-7.1499999999999595,-9.049999999999986,22819,19660,0
13255,-6.999999999999957,7.000000000000242,24340,19660,0
13256,-5.5999999999999375,0.8500000000001542,35417,19660,0
13257,-7.099999999999959,4.0500000000002,23481,19660,0
13258,-6.49999999999995,-6.249999999999947,28075,19660,0
13259,-6.649999999999952,1.3500000000001613,27027,19660,0
13260,-5.999999999999943,-8.199999999999974,32036,19660,0
13261,-5.699999999999939,0.6000000000001506,34612,19660,0
13262,-5.74999999999994,6.100000000000229,34322,19660,0
13263,-5.499999999999936,-0.24999999999986144,36195,19660,0
13264,-6.199999999999946,8.450000000000262,30769,19660,0
13265,-5.199999999999932,1.7000000000001663,38634,19660,0
13266,-6.899999999999956,-9.849999999999998,24803,19660,0
13267,-5.9499999999999424,9.70000000000028,32794,19660,0
13268,-6.699999999999953,-0.4499999999998643,26591,19660,0
13269,-5.5999999999999375,-1.9499999999998856,35361,19660,0
13270,-5.999999999999943,7.7000000000002515,32354,19660,0
13271,-6.7999999999999545,-9.099999999999987,25618,19660,0
13272,-5.399999999999935,2.5500000000001783,37051,19660,0
13273,-6.199999999999946,-1.4999999999998792,30570,19660,0
13274,-7.19999999999996,-1.9499999999998856,22561,19660,0
13275,-5.399999999999935,0.9500000000001556,37019,19660,0
13276,-6.049999999999944,-5.299999999999933,31694,19660,0
13277,-7.19999999999996,-1.54999999999988,22569,19660,0
13278,-6.4499999999999496,-1.9999999999998863,28560,19660,0
13279,-6.949999999999957,5.45000000000022,24709,19660,0
13280,-6.399999999999949,0.7500000000001528,29015,19660,0
13281,-5.499999999999936,-7.049999999999958,36059,19660,0
13282,-5.79999999999994,2.750000000000181,33855,19660,0
13283,-5.399999999999935,5.250000000000217,37105,19660,0
13284,-5.199999999999932,-9.34999999999999,38413,19660,0
13285,-6.49999999999995,3.5500000000001926,28271,19660,0
13286,-5.849999999999941,-6.599999999999952,33268,19660,0
13287,-5.999999999999943,3.3500000000001897,32267,19660,0
13288,-6.7999999999999545,7.000000000000242,25940,19660,0
13289,-5.149999999999931,-6.4499999999999496,38871,19660,0
13290,-7.449999999999964,-1.199999999999875,20576,19660,0
13291,-6.549999999999951,-7.249999999999961,27655,19660,0
13292,-5.299999999999933,-0.0499999999998586,37799,19660,0
13293,-6.149999999999945,8.35000000000026,31167,19660,0
13294,-7.19999999999996,-1.4499999999998785,22571,19660,0
13295,-6.049999999999944,1.8000000000001677,31836,19660,0
13296,-5.549999999999937,-2.399999999999892,35752,19660,0
13297,-7.19999999999996,-3.299999999999905,22534,19660,0
13298,-7.4999999999999645,-4.749999999999925,20105,19660,0
13299,-5.649999999999938,-6.849999999999955,34863,19660,0
13300,-5.899999999999942,-7.399999999999963,32852,19660,0
13301,-6.7999999999999545,4.300000000000203,25886,19660,0
13302,-5.999999999999943,-7.599999999999966,32048,19660,0
13303,-6.699999999999953,-4.849999999999927,26503,19660,0
13304,-5.74999999999994,8.30000000000026,34366,19660,0
13305,-7.299999999999962,4.0500000000002,21881,19660,0
13306,-7.249999999999961,1.4500000000001627,22229,19660,0
13307,-6.49999999999995,1.4500000000001627,28229,19660,0
13308,-6.249999999999947,-1.9499999999998856,30161,19660,0
13309,-6.349999999999948,-9.649999999999995,29207,19660,0
13310,-5.399999999999935,3.3500000000001897,37067,19660,0
13311,-5.299999999999933,-1.3999999999998778,37772,19660,0
13312,-6.349999999999948,7.100000000000243,29542,19660,0
13313,-7.099999999999959,7.300000000000246,23546,19660,0
13314,-5.79999999999994,7.450000000000248,33949,19660,0
13315,-5.74999999999994,-4.599999999999923,34108,19660,0
13316,-6.999999999999957,2.100000000000172,24242,19660,0
13317,-5.449999999999935,-9.449999999999992,36411,19660,0
13318,-7.049999999999958,1.4500000000001627,23829,19660,0
13319,-6.899999999999956,4.6000000000002075,25092,19660,0
13320,-5.79999999999994,-0.29999999999986215,33794,19660,0
13321,-5.899999999999942,1.8500000000001684,33037,19660,0
13322,-6.049999999999944,5.45000000000022,31909,19660,0
13323,-7.399999999999963,9.350000000000275,21187,19660,0
13324,-5.999999999999943,-6.849999999999955,32063,19660,0
13325,-7.049999999999958,-2.199999999999889,23756,19660,0
13326,-6.549999999999951,2.7000000000001805,27854,19660,0
13327,-6.199999999999946,-1.349999999999877,30573,19660,0
13328,-6.099999999999945,-6.999999999999957,31260,19660,0
13329,-7.4999999999999645,-9.699999999999996,20006,19660,0
13330,-7.049999999999958,3.5500000000001926,23871,19660,0
13331,-7.4999999999999645,-6.699999999999953,20066,19660,0
13332,-6.549999999999951,-3.8999999999999133,27722,19660,0
13333,-7.4999999999999645,3.3500000000001897,20267,19660,0
13334,-5.2499999999999325,-1.6499999999998813,38167,19660,0
13335,-6.199999999999946,2.5000000000001776,30650,19660,0
13336,-7.449999999999964,2.5500000000001783,20651,19660,0
13337,-6.249999999999947,1.2500000000001599,30225,19660,0
13338,-6.999999999999957,1.750000000000167,24235,19660,0
13339,-6.099999999999945,-2.399999999999892,31352,19660,0
13340,-7.1499999999999595,-4.449999999999921,22911,19660,0
13341,-7.299999999999962,-5.74999999999994,21685,19660,0
13342,-7.249999999999961,3.450000000000191,22269,19660,0
13343,-6.4499999999999496,5.250000000000217,28705,19660,0
13344,-6.899999999999956,-7.249999999999961,24855,19660,0
13345,-6.549999999999951,6.750000000000238,27935,19660,0
13346,-7.099999999999959,-1.899999999999885,23362,19660,0
13347,-5.399999999999935,-4.699999999999925,36906,19660,0
13348,-5.5999999999999375,-1.9499999999998856,35361,19660,0
13349,-6.099999999999945,4.450000000000205,31489,19660,0
13350,-5.549999999999937,1.9500000000001698,35839,19660,0
13351,-5.999999999999943,7.050000000000242,32341,19660,0
13352,-6.49999999999995,3.300000000000189,28266,19660,0
13353,-6.649999999999952,-4.999999999999929,26900,19660,0
13354,-5.549999999999937,-2.6999999999998963,35746,19660,0
13355,-5.449999999999935,0.10000000000014353,36602,19660,0
13356,-6.999999999999957,-2.6499999999998956,24147,19660,0
13357,-7.049999999999958,-8.049999999999972,23639,19660,0
13358,-7.4999999999999645,9.00000000000027,20380,19660,0
13359,-6.699999999999953,9.950000000000284,26799,19660,0
13360,-5.79999999999994,-2.399999999999892,33752,19660,0
13361,-6.549999999999951,-5.999999999999943,27680,19660,0
13362,-6.49999999999995,1.900000000000169,28238,19660,0
13363,-6.949999999999957,-5.499999999999936,24490,19660,0
13364,-6.099999999999945,-6.999999999999957,31260,19660,0
13365,-5.699999999999939,3.4000000000001904,34668,19660,0
13366,-7.399999999999963,-3.4999999999999076,20930,19660,0
13367,-5.09999999999993,0.4000000000001478,39408,19660,0
13368,-5.899999999999942,8.35000000000026,33167,19660,0
13369,-5.299999999999933,5.750000000000224,37915,19660,0
13370,-5.899999999999942,3.800000000000196,33076,19660,0
13371,-6.199999999999946,-4.199999999999918,30516,19660,0
13372,-6.249999999999947,9.00000000000027,30380,19660,0
13373,-5.699999999999939,-0.7499999999998685,34585,19660,0
13374,-5.199999999999932,5.100000000000215,38702,19660,0
13375,-6.49999999999995,-4.149999999999917,28117,19660,0
13376,-6.049999999999944,-7.4999999999999645,31650,19660,0
13377,-5.09999999999993,2.9000000000001833,39458,19660,0
13378,-6.49999999999995,3.800000000000196,28276,19660,0
13379,-5.5999999999999375,-8.699999999999982,35226,19660,0
13380,-6.099999999999945,5.650000000000222,31513,19660,0
13381,-6.099999999999945,-7.1499999999999595,31257,19660,0
13382,-5.549999999999937,-8.749999999999982,35625,19660,0
13383,-5.79999999999994,-5.299999999999933,33694,19660,0
13384,-5.399999999999935,6.8500000000002395,37137,19660,0
13385,-5.199999999999932,-1.4499999999998785,38571,19660,0
13386,-6.4499999999999496,1.0000000000001563,28620,19660,0
13387,-5.549999999999937,6.1500000000002295,35923,19660,0
13388,-5.499999999999936,3.450000000000191,36269,19660,0
13389,-6.049999999999944,-5.9499999999999424,31681,19660,0
13390,-7.349999999999962,8.200000000000259,21564,19660,0
13391,-5.299999999999933,0.6000000000001506,37812,19660,0
13392,-5.149999999999931,-5.699999999999939,38886,19660,0
13393,-5.299999999999933,5.8000000000002245,37916,19660,0
13394,-5.9499999999999424,-0.24999999999986144,32595,19660,0
13395,-7.299999999999962,-6.299999999999947,21674,19660,0
13396,-7.349999999999962,2.9000000000001833,21458,19660,0
13397,-6.149999999999945,-8.59999999999998,30828,19660,0
13398,-5.499999999999936,-0.7999999999998693,36184,19660,0
13399,-5.79999999999994,-3.299999999999905,33734,19660,0
13400,-6.999999999999957,-4.099999999999916,24118,19660,0
13401,-5.04999999999993,6.800000000000239,39936,19660,0
13402,-5.5999999999999375,0.15000000000014424,35403,19660,0
13403,-6.349999999999948,-9.649999999999995,29207,19660,0
13404,-6.49999999999995,-1.3999999999998778,28172,19660,0
13405,-6.949999999999957,6.100000000000229,24722,19660,0
13406,-5.09999999999993,2.5500000000001783,39451,19660,0
13407,-5.04999999999993,-2.7999999999998977,39744,19660,0
13408,-6.899999999999956,-6.249999999999947,24875,19660,0
13409,-5.349999999999934,0.8000000000001535,37416,19660,0
13410,-6.49999999999995,6.450000000000234,28329,19660,0
13411,-7.4999999999999645,0.15000000000014424,20203,19660,0
13412,-5.849999999999941,4.0500000000002,33481,19660,0
13413,-7.099999999999959,-6.949999999999957,23261,19660,0
13414,-5.149999999999931,-6.049999999999944,38879,19660,0
13415,-6.599999999999952,-9.95,27201,19660,0
13416,-5.199999999999932,-8.54999999999998,38429,19660,0
13417,-5.849999999999941,0.10000000000014353,33402,19660,0
13418,-7.049999999999958,4.200000000000202,23884,19660,0
13419,-6.949999999999957,6.550000000000235,24731,19660,0
13420,-5.04999999999993,-4.649999999999924,39707,19660,0
13421,-5.499999999999936,-9.499999999999993,36010,19660,0
13422,-6.699999999999953,2.750000000000181,26655,19660,0
13423,-6.199999999999946,1.5500000000001641,30631,19660,0
13424,-7.099999999999959,-7.249999999999961,23255,19660,0
13425,-5.849999999999941,9.450000000000276,33589,19660,0
13426,-7.449999999999964,-2.049999999999887,20559,19660,0
13427,-6.199999999999946,9.400000000000276,30788,19660,0
13428,-5.09999999999993,-1.2499999999998757,39375,19660,0
13429,-6.999999999999957,5.100000000000215,24302,19660,0
13430,-7.449999999999964,0.3500000000001471,20607,19660,0
13431,-6.999999999999957,-1.4499999999998785,24171,19660,0
13432,-5.79999999999994,8.450000000000262,33969,19660,0
13433,-5.399999999999935,4.0500000000002,37081,19660,0
13434,-7.349999999999962,-2.4499999999998927,21351,19660,0
13435,-6.099999999999945,5.400000000000219,31508,19660,0
13436,-6.699999999999953,-2.2999999999998906,26554,19660,0
13437,-7.19999999999996,2.1500000000001727,22643,19660,0
13438,-7.049999999999958,3.500000000000192,23870,19660,0
13439,-7.099999999999959,4.1000000000002,23482,19660,0
13440,-5.74999999999994,2.1500000000001727,34243,19660,0
13441,-5.04999999999993,2.6500000000001798,39853,19660,0
13442,-7.249999999999961,-2.049999999999887,22159,19660,0
13443,-6.099999999999945,5.45000000000022,31509,19660,0
13444,-5.549999999999937,-0.19999999999986073,35796,19660,0
13445,-5.9499999999999424,-4.39999999999992,32512,19660,0
13446,-5.849999999999941,9.400000000000276,33588,19660,0
13447,-6.299999999999947,-4.34999999999992,29713,19660,0
13448,-5.5999999999999375,9.800000000000281,35596,19660,0
13449,-5.79999999999994,6.000000000000227,33920,19660,0
13450,-5.09999999999993,6.250000000000231,39525,19660,0
13451,-7.099999999999959,5.400000000000219,23508,19660,0
13452,-5.04999999999993,-8.299999999999976,39634,19660,0
13453,-7.099999999999959,-9.24999999999999,23215,19660,0
13454,-5.899999999999942,8.900000000000269,33178,19660,0
13455,-6.699999999999953,-0.7499999999998685,26585,19660,0
13456,-6.749999999999954,3.850000000000197,26277,19660,0
13457,-5.199999999999932,1.2000000000001592,38624,19660,0
13458,-6.749999999999954,-6.699999999999953,26066,19660,0
13459,-5.499999999999936,-9.29999999999999,36014,19660,0
13460,-6.299999999999947,-6.049999999999944,29679,19660,0
13461,-5.649999999999938,2.800000000000182,35056,19660,0
13462,-6.599999999999952,4.500000000000206,27490,19660,0
13463,-6.249999999999947,-9.449999999999992,30011,19660,0
13464,-5.349999999999934,4.700000000000209,37494,19660,0
13465,-5.449999999999935,-7.749999999999968,36445,19660,0
13466,-7.449999999999964,-6.049999999999944,20479,19660,0
13467,-6.899999999999956,-9.29999999999999,24814,19660,0
13468,-6.949999999999957,4.6000000000002075,24692,19660,0
13469,-5.399999999999935,-9.95,36801,19660,0
13470,-5.74999999999994,9.00000000000027,34380,19660,0
13471,-6.249999999999947,2.3500000000001755,30247,19660,0
13472,-6.7999999999999545,-9.449999999999992,25611,19660,0
13473,-6.699999999999953,6.750000000000238,26735,19660,0
13474,-6.699999999999953,3.3500000000001897,26667,19660,0
13475,-7.049999999999958,4.6000000000002075,23892,19660,0
13476,-5.649999999999938,1.9500000000001698,35039,19660,0
13477,-5.899999999999942,3.7500000000001954,33075,19660,0
13478,-6.749999999999954,0.4000000000001478,26208,19660,0
13479,-7.349999999999962,2.250000000000174,21445,19660,0
13480,-6.549999999999951,6.400000000000233,27928,19660,0
13481,-5.399999999999935,4.0500000000002,37081,19660,0
13482,-6.4499999999999496,7.050000000000242,28741,19660,0
13483,-6.49999999999995,-2.0999999999998877,28158,19660,0
13484,-5.09999999999993,2.5000000000001776,39450,19660,0
13485,-5.09999999999993,-3.299999999999905,39334,19660,0
13486,-5.79999999999994,-7.399999999999963,33652,19660,0
13487,-5.9499999999999424,0.25000000000014566,32605,19660,0
13488,-5.449999999999935,5.250000000000217,36705,19660,0
13489,-5.899999999999942,7.550000000000249,33151,19660,0
13490,-7.399999999999963,-9.24999999999999,20815,19660,0
13491,-6.649999999999952,9.65000000000028,27193,19660,0
13492,-6.7999999999999545,0.4000000000001478,25808,19660,0
13493,-6.599999999999952,2.800000000000182,27456,19660,0
13494,-7.449999999999964,-0.9499999999998714,20581,19660,0
13495,-5.499999999999936,-0.9499999999998714,36181,19660,0
13496,-7.299999999999962,6.100000000000229,21922,19660,0
13497,-5.849999999999941,-7.349999999999962,33253,19660,0
13498,-5.349999999999934,-3.6499999999999098,37327,19660,0
13499,-6.299999999999947,-2.049999999999887,29759,19660,0
13500,-7.049999999999958,7.100000000000243,23942,19660,0
13501,-5.499999999999936,-5.449999999999935,36091,19660,0
13502,-6.599999999999952,-1.2499999999998757,27375,19660,0
13503,-7.399999999999963,-8.899999999999984,20822,19660,0
13504,-5.849999999999941,2.2000000000001734,33444,19660,0
13505,-5.199999999999932,2.9000000000001833,38658,19660,0
13506,-7.1499999999999595,-1.899999999999885,22962,19660,0
13507,-6.49999999999995,6.250000000000231,28325,19660,0
13508,-7.4999999999999645,4.450000000000205,20289,19660,0
13509,-7.349999999999962,-8.499999999999979,21230,19660,0
13510,-5.399999999999935,6.450000000000234,37129,19660,0
13511,-5.349999999999934,1.3500000000001613,37427,19660,0
13512,-6.949999999999957,6.550000000000235,24731,19660,0
13513,-5.79999999999994,-6.49999999999995,33670,19660,0
13514,-5.04999999999993,-0.7999999999998693,39784,19660,0
13515,-7.299999999999962,0.20000000000014495,21804,19660,0
13516,-5.999999999999943,3.7000000000001947,32274,19660,0
13517,-6.7999999999999545,-7.1499999999999595,25657,19660,0
13518,-6.949999999999957,3.5500000000001926,24671,19660,0
13519,-5.499999999999936,4.650000000000208,36293,19660,0
13520,-6.599999999999952,4.000000000000199,27480,19660,0
13521,-7.099999999999959,3.3500000000001897,23467,19660,0
13522,-5.299999999999933,4.1000000000002,37882,19660,0
13523,-5.399999999999935,-3.299999999999905,36934,19660,0
13524,-7.049999999999958,6.750000000000238,23935,19660,0
13525,-5.499999999999936,-5.149999999999931,36097,19660,0
13526,-6.249999999999947,7.900000000000254,30358,19660,0
13527,-6.49999999999995,-0.5999999999998664,28188,19660,0
13528,-5.899999999999942,4.75000000000021,33095,19660,0
13529,-5.299999999999933,4.6000000000002075,37892,19660,0
13530,-5.199999999999932,-3.399999999999906,38532,19660,0
13531,-5.74999999999994,-5.849999999999941,34083,19660,0
13532,-5.449999999999935,-4.34999999999992,36513,19660,0
13533,-7.1499999999999595,1.750000000000167,23035,19660,0
13534,-5.449999999999935,-1.0499999999998728,36579,19660,0
13535,-5.999999999999943,-7.099999999999959,32058,19660,0
13536,-7.249999999999961,8.200000000000259,22364,19660,0
13537,-7.099999999999959,6.90000000000024,23538,19660,0
13538,-6.49999999999995,0.4500000000001485,28209,19660,0
13539,-7.299999999999962,2.3500000000001755,21847,19660,0
13540,-5.549999999999937,-0.4499999999998643,35791,19660,0
13541,-6.349999999999948,-9.849999999999998,29203,19660,0
13542,-5.999999999999943,-5.649999999999938,32087,19660,0
13543,-5.349999999999934,6.20000000000023,37524,19660,0
13544,-7.249999999999961,4.6000000000002075,22292,19660,0
13545,-7.249999999999961,-1.8499999999998842,22163,19660,0
13546,-6.649999999999952,-9.849999999999998,26803,19660,0
13547,-6.399999999999949,-9.24999999999999,28815,19660,0
13548,-7.349999999999962,1.1000000000001577,21422,19660,0
13549,-6.699999999999953,6.8500000000002395,26737,19660,0
13550,-6.899999999999956,2.1500000000001727,25043,19660,0
13551,-6.949999999999957,-4.499999999999922,24510,19660,0
13552,-7.1499999999999595,2.250000000000174,23045,19660,0
13553,-5.5999999999999375,-2.8499999999998984,35343,19660,0
13554,-6.649999999999952,-6.899999999999956,26862,19660,0
13555,-5.199999999999932,3.0000000000001847,38660,19660,0
13556,-5.04999999999993,3.7500000000001954,39875,19660,0
13557,-6.849999999999955,1.900000000000169,25438,19660,0
13558,-6.299999999999947,5.650000000000222,29913,19660,0
13559,-5.149999999999931,3.2000000000001876,39064,19660,0
13560,-6.249999999999947,-0.499999999999865,30190,19660,0
13561,-5.849999999999941,-7.749999999999968,33245,19660,0
13562,-5.649999999999938,-5.549999999999937,34889,19660,0
13563,-5.2499999999999325,3.5500000000001926,38271,19660,0
13564,-5.09999999999993,-5.449999999999935,39291,19660,0
13565,-7.049999999999958,-6.049999999999944,23679,19660,0
13566,-5.5999999999999375,-6.49999999999995,35270,19660,0
13567,-5.09999999999993,8.35000000000026,39567,19660,0
13568,-7.249999999999961,-1.0999999999998735,22178,19660,0
13569,-7.19999999999996,-4.699999999999925,22506,19660,0
13570,-5.899999999999942,1.7000000000001663,33034,19660,0
13571,-5.9499999999999424,-0.14999999999986002,32597,19660,0
13572,-5.04999999999993,6.1500000000002295,39923,19660,0
13573,-7.349999999999962,1.0000000000001563,21420,19660,0
13574,-6.399999999999949,-2.8499999999998984,28943,19660,0
13575,-5.5999999999999375,-1.1499999999998742,35377,19660,0
13576,-6.4499999999999496,-9.799999999999997,28404,19660,0
13577,-5.299999999999933,7.300000000000246,37946,19660,0
13578,-5.5999999999999375,-4.5499999999999226,35309,19660,0
13579,-7.099999999999959,-4.849999999999927,23303,19660,0
13580,-6.549999999999951,7.550000000000249,27951,19660,0
13581,-6.149999999999945,4.200000000000202,31084,19660,0
13582,-6.649999999999952,1.2000000000001592,27024,19660,0
13583,-6.249999999999947,-2.0999999999998877,30158,19660,0
13584,-7.399999999999963,5.350000000000218,21107,19660,0
13585,-7.099999999999959,-3.749999999999911,23325,19660,0
13586,-6.149999999999945,-8.999999999999986,30820,19660,0
13587,-7.249999999999961,-7.399999999999963,22052,19660,0
13588,-5.299999999999933,-8.999999999999986,37620,19660,0
13589,-7.099999999999959,1.2000000000001592,23424,19660,0
13590,-6.849999999999955,-3.799999999999912,25324,19660,0
13591,-5.2499999999999325,7.950000000000255,38359,19660,0
13592,-5.399999999999935,4.400000000000205,37088,19660,0
13593,-7.19999999999996,2.750000000000181,22655,19660,0
13594,-7.249999999999961,-7.249999999999961,22055,19660,0
13595,-6.999999999999957,-2.1499999999998884,24157,19660,0
13596,-5.2499999999999325,3.2500000000001883,38265,19660,0
13597,-7.249999999999961,4.500000000000206,22290,19660,0
13598,-7.249999999999961,-4.699999999999925,22106,19660,0
13599,-6.099999999999945,7.450000000000248,31549,19660,0
13600,-6.549999999999951,5.600000000000222,27912,19660,0
13601,-5.79999999999994,-4.299999999999919,33714,19660,0
13602,-7.399999999999963,-2.549999999999894,20949,19660,0
13603,-5.449999999999935,-2.6499999999998956,36547,19660,0
13604,-6.599999999999952,-3.9999999999999147,27320,19660,0
13605,-6.049999999999944,4.700000000000209,31894,19660,0
13606,-5.349999999999934,3.9000000000001975,37478,19660,0
13607,-5.399999999999935,1.8000000000001677,37036,19660,0
13608,-6.349999999999948,-6.049999999999944,29279,19660,0
13609,-6.49999999999995,-7.949999999999971,28041,19660,0
13610,-7.349999999999962,1.5000000000001634,21430,19660,0
13611,-5.549999999999937,-8.949999999999985,35621,19660,0
13612,-5.74999999999994,-7.949999999999971,34041,19660,0
13613,-5.649999999999938,1.9500000000001698,35039,19660,0
13614,-7.1499999999999595,9.950000000000284,23199,19660,0
13615,-6.049999999999944,-9.099999999999987,31618,19660,0
13616,-5.849999999999941,7.300000000000246,33546,19660,0
13617,-6.4499999999999496,5.000000000000213,28700,19660,0
13618,-5.899999999999942,-7.19999999999996,32856,19660,0
13619,-5.349999999999934,7.350000000000247,37547,19660,0
13620,-7.249999999999961,8.700000000000266,22374,19660,0
13621,-7.399999999999963,4.2500000000002025,21085,19660,0
13622,-6.299999999999947,-0.0499999999998586,29799,19660,0
13623,-6.749999999999954,-1.4499999999998785,26171,19660,0
13624,-7.249999999999961,9.100000000000271,22382,19660,0
13625,-7.249999999999961,-2.8499999999998984,22143,19660,0
13626,-6.849999999999955,-3.449999999999907,25331,19660,0
13627,-6.149999999999945,-0.34999999999986287,30993,19660,0
13628,-5.899999999999942,-0.19999999999986073,32996,19660,0
13629,-6.149999999999945,0.25000000000014566,31005,19660,0
13630,-7.1499999999999595,4.450000000000205,23089,19660,0
13631,-6.49999999999995,-7.1499999999999595,28057,19660,0
13632,-7.349999999999962,1.5000000000001634,21430,19660,0
13633,-7.249999999999961,-8.999999999999986,22020,19660,0
13634,-6.749999999999954,8.900000000000269,26378,19660,0
13635,-6.849999999999955,-4.799999999999926,25304,19660,0
13636,-6.999999999999957,-1.6499999999998813,24167,19660,0
13637,-5.199999999999932,-6.699999999999953,38466,19660,0
13638,-6.7999999999999545,-7.399999999999963,25652,19660,0
13639,-5.2499999999999325,-10.0,38000,19660,0
13640,-6.349999999999948,1.7000000000001663,29434,19660,0
13641,-6.149999999999945,-8.199999999999974,30836,19660,0
13642,-7.1499999999999595,-4.0499999999999154,22919,19660,0
13643,-6.49999999999995,-9.24999999999999,28015,19660,0
13644,-6.649999999999952,-0.84999999999987,26983,19660,0
13645,-5.349999999999934,-4.149999999999917,37317,19660,0
13646,-6.4499999999999496,-8.449999999999978,28431,19660,0
13647,-5.649999999999938,5.200000000000216,35104,19660,0
13648,-5.999999999999943,5.150000000000215,32303,19660,0
13649,-6.649999999999952,2.450000000000177,27049,19660,0
13650,-5.2499999999999325,3.5500000000001926,38271,19660,0
13651,-6.299999999999947,-6.049999999999944,29679,19660,0
13652,-6.999999999999957,-2.6499999999998956,24147,19660,0
13653,-7.1499999999999595,3.7000000000001947,23074,19660,0
13654,-5.79999999999994,-5.74999999999994,33685,19660,0
13655,-6.099999999999945,1.6000000000001648,31432,19660,0
13656,-5.74999999999994,-1.0499999999998728,34179,19660,0
13657,-7.049999999999958,7.7000000000002515,23954,19660,0
13658,-7.449999999999964,-8.64999999999998,20427,19660,0
13659,-7.1499999999999595,1.400000000000162,23028,19660,0
13660,-5.349999999999934,3.9000000000001975,37478,19660,0
13661,-6.599999999999952,-3.949999999999914,27321,19660,0
13662,-5.849999999999941,5.750000000000224,33515,19660,0
13663,-6.399999999999949,-7.4999999999999645,28850,19660,0
13664,-5.149999999999931,5.200000000000216,39104,19660,0
13665,-6.949999999999957,-3.1499999999999027,24537,19660,0
13666,-6.849999999999955,0.4000000000001478,25408,19660,0
13667,-6.749999999999954,-9.749999999999996,26005,19660,0
13668,-7.449999999999964,-3.5499999999999083,20529,19660,0
13669,-5.2499999999999325,-6.199999999999946,38076,19660,0
13670,-5.5999999999999375,-3.1499999999999027,35337,19660,0
13671,-5.999999999999943,4.80000000000021,32296,19660,0
13672,-5.79999999999994,3.500000000000192,33870,19660,0
13673,-5.79999999999994,-7.249999999999961,33655,19660,0
13674,-5.199999999999932,-3.5499999999999083,38529,19660,0
13675,-7.299999999999962,7.100000000000243,21942,19660,0
13676,-6.049999999999944,-4.999999999999929,31700,19660,0
13677,-5.74999999999994,-8.399999999999977,34032,19660,0
13678,-5.999999999999943,1.8500000000001684,32237,19660,0
13679,-5.74999999999994,4.000000000000199,34280,19660,0
13680,-5.499999999999936,2.600000000000179,36252,19660,0
13681,-6.949999999999957,0.25000000000014566,24605,19660,0
13682,-7.249999999999961,5.8000000000002245,22316,19660,0
13683,-5.349999999999934,6.800000000000239,37536,19660,0
13684,-6.49999999999995,7.800000000000253,28356,19660,0
13685,-6.549999999999951,0.5000000000001492,27810,19660,0
13686,-6.7999999999999545,-6.249999999999947,25675,19660,0
13687,-6.749999999999954,3.650000000000194,26273,19660,0
13688,-5.999999999999943,8.000000000000256,32360,19660,0
13689,-6.049999999999944,-1.349999999999877,31773,19660,0
13690,-6.399999999999949,3.9000000000001975,29078,19660,0
13691,-6.099999999999945,-0.9999999999998721,31380,19660,0
13692,-5.549999999999937,-7.8499999999999694,35643,19660,0
13693,-5.499999999999936,4.500000000000206,36290,19660,0
13694,-5.649999999999938,-7.049999999999958,34859,19660,0
13695,-6.299999999999947,-7.049999999999958,29659,19660,0
13696,-5.09999999999993,3.650000000000194,39473,19660,0
13697,-5.9499999999999424,8.100000000000257,32762,19660,0
13698,-6.649999999999952,6.400000000000233,27128,19660,0
13699,-5.899999999999942,8.30000000000026,33166,19660,0
13700,-7.399999999999963,2.750000000000181,21055,19660,0
13701,-6.699999999999953,-5.649999999999938,26487,19660,0
13702,-5.199999999999932,-4.34999999999992,38513,19660,0
13703,-7.249999999999961,8.800000000000267,22376,19660,0
13704,-7.249999999999961,-0.7499999999998685,22185,19660,0
13705,-6.4499999999999496,8.550000000000264,28771,19660,0
13706,-6.299999999999947,-4.199999999999918,29716,19660,0
13707,-7.049999999999958,1.8500000000001684,23837,19660,0
13708,-6.599999999999952,-1.9999999999998863,27360,19660,0
13709,-6.49999999999995,1.6500000000001656,28233,19660,0
13710,-6.4499999999999496,-1.5999999999998806,28568,19660,0
13711,-6.099999999999945,-4.39999999999992,31312,19660,0
13712,-5.5999999999999375,-8.799999999999983,35224,19660,0
13713,-7.099999999999959,3.9000000000001975,23478,19660,0
13714,-7.449999999999964,0.6500000000001513,20613,19660,0
13715,-6.049999999999944,-5.999999999999943,31680,19660,0
13716,-5.349999999999934,-5.79999999999994,37284,19660,0
13717,-6.199999999999946,-2.4499999999998927,30551,19660,0
13718,-5.09999999999993,-7.799999999999969,39244,19660,0
13719,-6.749999999999954,-7.549999999999965,26049,19660,0
13720,-6.249999999999947,5.750000000000224,30315,19660,0
13721,-6.399999999999949,2.0000000000001705,29040,19660,0
13722,-5.349999999999934,4.1000000000002,37482,19660,0
13723,-6.849999999999955,2.7000000000001805,25454,19660,0
13724,-7.19999999999996,2.750000000000181,22655,19660,0
13725,-7.449999999999964,3.9000000000001975,20678,19660,0
13726,-5.09999999999993,7.550000000000249,39551,19660,0
13727,-7.1499999999999595,2.300000000000175,23046,19660,0
13728,-7.4999999999999645,-7.19999999999996,20056,19660,0
13729,-6.199999999999946,8.450000000000262,30769,19660,0
13730,-6.299999999999947,-1.0999999999998735,29778,19660,0
13731,-6.049999999999944,-8.249999999999975,31635,19660,0
13732,-6.49999999999995,-8.199999999999974,28036,19660,0
13733,-5.649999999999938,-1.2499999999998757,34975,19660,0
13734,-5.149999999999931,0.3500000000001471,39007,19660,0
13735,-6.7999999999999545,5.950000000000227,25919,19660,0
13736,-5.849999999999941,6.000000000000227,33520,19660,0
13737,-6.949999999999957,-3.9999999999999147,24520,19660,0
13738,-5.349999999999934,-7.749999999999968,37245,19660,0
13739,-6.099999999999945,3.500000000000192,31470,19660,0
13740,-7.249999999999961,-5.349999999999934,22093,19660,0
13741,-6.649999999999952,-8.54999999999998,26829,19660,0
13742,-7.349999999999962,1.900000000000169,21438,19660,0
13743,-5.199999999999932,-0.34999999999986287,38593,19660,0
13744,-6.599999999999952,-7.749999999999968,27245,19660,0
13745,-7.249999999999961,-9.149999999999988,22017,19660,0
13746,-5.849999999999941,-5.149999999999931,33297,19660,0
13747,-7.049999999999958,-5.09999999999993,23698,19660,0
13748,-5.9499999999999424,1.5000000000001634,32630,19660,0
13749,-5.849999999999941,1.900000000000169,33438,19660,0
13750,-5.649999999999938,0.20000000000014495,35004,19660,0
13751,-6.899999999999956,5.100000000000215,25102,19660,0
13752,-7.049999999999958,1.750000000000167,23835,19660,0
13753,-5.499999999999936,-2.8499999999998984,36143,19660,0
13754,-7.399999999999963,4.850000000000211,21097,19660,0
13755,-5.09999999999993,8.000000000000256,39560,19660,0
13756,-6.699999999999953,6.1500000000002295,26723,19660,0
13757,-6.199999999999946,0.8500000000001542,30617,19660,0
13758,-7.19999999999996,-8.999999999999986,22420,19660,0
13759,-5.2499999999999325,3.4000000000001904,38268,19660,0
13760,-5.74999999999994,5.000000000000213,34300,19660,0
13761,-6.249999999999947,6.650000000000237,30333,19660,0
13762,-5.449999999999935,3.6000000000001933,36672,19660,0
13763,-6.49999999999995,-3.099999999999902,28138,19660,0
13764,-6.599999999999952,-4.099999999999916,27318,19660,0
13765,-6.149999999999945,6.550000000000235,31131,19660,0
13766,-7.249999999999961,6.550000000000235,22331,19660,0
13767,-6.49999999999995,4.550000000000207,28291,19660,0
13768,-5.349999999999934,6.100000000000229,37522,19660,0
13769,-5.04999999999993,-8.64999999999998,39627,19660,0
13770,-5.09999999999993,8.550000000000264,39571,19660,0
13771,-5.499999999999936,9.500000000000277,36390,19660,0
13772,-5.449999999999935,1.4210854715202004e-13,36600,19660,0
13773,-5.9499999999999424,7.000000000000242,32740,19660,0
13774,-5.899999999999942,2.450000000000177,33049,19660,0
13775,-5.499999999999936,0.5500000000001499,36211,19660,0
13776,-6.049999999999944,6.100000000000229,31922,19660,0
13777,-5.849999999999941,-2.0999999999998877,33358,19660,0
13778,-6.149999999999945,6.550000000000235,31131,19660,0
13779,-6.649999999999952,2.6500000000001798,27053,19660,0
13780,-6.649999999999952,-7.89999999999997,26842,19660,0
13781,-6.649999999999952,-3.399999999999906,26932,19660,0
13782,-5.499999999999936,-8.999999999999986,36020,19660,0
13783,-5.899999999999942,1.5000000000001634,33030,19660,0
13784,-6.099999999999945,-0.9999999999998721,31380,19660,0
13785,-5.79999999999994,-5.349999999999934,33693,19660,0
13786,-5.2499999999999325,-3.9999999999999147,38120,19660,0
13787,-6.4499999999999496,3.3500000000001897,28667,19660,0
13788,-6.999999999999957,7.350000000000247,24347,19660,0
13789,-5.79999999999994,0.20000000000014495,33804,19660,0
13790,-5.2499999999999325,-8.849999999999984,38023,19660,0
13791,-5.2499999999999325,6.350000000000232,38327,19660,0
13792,-6.549999999999951,-8.54999999999998,27629,19660,0
13793,-5.349999999999934,3.500000000000192,37470,19660,0
13794,-6.249999999999947,-9.749999999999996,30005,19660,0
13795,-6.049999999999944,8.100000000000257,31962,19660,0
13796,-5.04999999999993,-7.699999999999967,39646,19660,0
13797,-7.299999999999962,4.900000000000212,21898,19660,0
13798,-6.049999999999944,8.200000000000259,31964,19660,0
13799,-6.7999999999999545,4.200000000000202,25884,19660,0
13800,-6.7999999999999545,2.5500000000001783,25851,19660,0
13801,-5.79999999999994,1.6000000000001648,33832,19660,0
13802,-5.09999999999993,-8.59999999999998,39228,19660,0
13803,-7.349999999999962,3.500000000000192,21470,19660,0
13804,-7.399999999999963,8.850000000000268,21177,19660,0
13805,-6.49999999999995,9.300000000000274,28386,19660,0
13806,-7.049999999999958,-5.499999999999936,23690,19660,0
13807,-6.599999999999952,0.20000000000014495,27404,19660,0
13808,-5.299999999999933,4.80000000000021,37896,19660,0
13809,-6.749999999999954,-2.899999999999899,26142,19660,0
13810,-7.4999999999999645,-4.249999999999918,20115,19660,0
13811,-6.849999999999955,-3.6499999999999098,25327,19660,0
13812,-7.049999999999958,9.900000000000283,23998,19660,0
13813,-7.099999999999959,1.7000000000001663,23434,19660,0
13814,-5.04999999999993,7.7000000000002515,39954,19660,0
13815,-6.749999999999954,0.9000000000001549,26218,19660,0
13816,-6.949999999999957,-4.449999999999921,24511,19660,0
13817,-5.149999999999931,-1.5999999999998806,38968,19660,0
13818,-7.1499999999999595,-0.19999999999986073,22996,19660,0
13819,-6.999999999999957,9.05000000000027,24381,19660,0
13820,-7.349999999999962,-0.09999999999985931,21398,19660,0
13821,-6.199999999999946,-0.09999999999985931,30598,19660,0
13822,-6.649999999999952,4.1000000000002,27082,19660,0
13823,-6.049999999999944,2.2000000000001734,31844,19660,0
13824,-6.7999999999999545,0.05000000000014282,25801,19660,0
13825,-5.74999999999994,5.650000000000222,34313,19660,0
13826,-7.449999999999964,-9.799999999999997,20404,19660,0
13827,-6.999999999999957,5.950000000000227,24319,19660,0
13828,-7.249999999999961,-2.0999999999998877,22158,19660,0
13829,-6.7999999999999545,-0.29999999999986215,25794,19660,0
13830,-5.5999999999999375,1.4500000000001627,35429,19660,0
13831,-6.249999999999947,-1.4499999999998785,30171,19660,0
13832,-5.849999999999941,0.3500000000001471,33407,19660,0
13833,-6.199999999999946,3.6000000000001933,30672,19660,0
13834,-7.4999999999999645,5.000000000000213,20300,19660,0
13835,-5.449999999999935,-5.849999999999941,36483,19660,0
13836,-5.849999999999941,-7.449999999999964,33251,19660,0
13837,-6.599999999999952,7.250000000000245,27545,19660,0
13838,-6.249999999999947,-4.39999999999992,30112,19660,0
13839,-6.299999999999947,-1.54999999999988,29769,19660,0
13840,-6.849999999999955,8.35000000000026,25567,19660,0
13841,-6.749999999999954,-1.7999999999998835,26164,19660,0
13842,-6.099999999999945,6.5000000000002345,31530,19660,0
13843,-5.399999999999935,9.65000000000028,37193,19660,0
13844,-5.2499999999999325,-0.6499999999998671,38187,19660,0
13845,-6.349999999999948,-0.7499999999998685,29385,19660,0
13846,-5.399999999999935,-2.1499999999998884,36957,19660,0
13847,-6.749999999999954,9.800000000000281,26396,19660,0
13848,-6.249999999999947,-2.749999999999897,30145,19660,0
13849,-5.9499999999999424,4.000000000000199,32680,19660,0
13850,-6.199999999999946,8.800000000000267,30776,19660,0
13851,-6.649999999999952,-8.099999999999973,26838,19660,0
13852,-6.699999999999953,6.100000000000229,26722,19660,0
13853,-7.449999999999964,-9.449999999999992,20411,19660,0
13854,-6.49999999999995,-1.8499999999998842,28163,19660,0
13855,-7.349999999999962,-6.599999999999952,21268,19660,0
13856,-7.249999999999961,0.25000000000014566,22205,19660,0
13857,-5.699999999999939,-3.6999999999999105,34526,19660,0
13858,-7.299999999999962,9.800000000000281,21996,19660,0
13859,-5.299999999999933,8.550000000000264,37971,19660,0
13860,-6.549999999999951,-9.95,27601,19660,0
13861,-5.199999999999932,8.30000000000026,38766,19660,0
13862,-6.749999999999954,-0.4499999999998643,26191,19660,0
13863,-6.199999999999946,4.350000000000204,30687,19660,0
13864,-6.149999999999945,5.45000000000022,31109,19660,0
13865,-6.299999999999947,-5.349999999999934,29693,19660,0
13866,-6.7999999999999545,-4.699999999999925,25706,19660,0
13867,-6.349999999999948,-6.549999999999951,29269,19660,0
13868,-5.2499999999999325,0.3500000000001471,38207,19660,0
13869,-6.149999999999945,-2.599999999999895,30948,19660,0
13870,-6.049999999999944,2.0500000000001712,31841,19660,0
13871,-5.5999999999999375,-5.849999999999941,35283,19660,0
13872,-6.699999999999953,6.350000000000232,26727,19660,0
13873,-6.599999999999952,1.6500000000001656,27433,19660,0
13874,-6.399999999999949,-8.749999999999982,28825,19660,0
13875,-5.699999999999939,9.00000000000027,34780,19660,0
13876,-5.79999999999994,3.4000000000001904,33868,19660,0
13877,-6.349999999999948,-7.4999999999999645,29250,19660,0
13878,-5.79999999999994,9.300000000000274,33986,19660,0
13879,-6.249999999999947,-3.249999999999904,30135,19660,0
13880,-6.149999999999945,6.8500000000002395,31137,19660,0
13881,-5.5999999999999375,-4.449999999999921,35311,19660,0
13882,-6.249999999999947,-9.399999999999991,30012,19660,0
13883,-5.5999999999999375,-5.09999999999993,35298,19660,0
13884,-5.2499999999999325,4.000000000000199,38280,19660,0
13885,-7.1499999999999595,4.300000000000203,23086,19660,0
13886,-7.19999999999996,0.9500000000001556,22619,19660,0
13887,-5.299999999999933,-5.999999999999943,37680,19660,0
13888,-5.9499999999999424,-6.49999999999995,32470,19660,0
13889,-5.349999999999934,-6.199999999999946,37276,19660,0
13890,-6.049999999999944,-0.29999999999986215,31794,19660,0
13891,-6.949999999999957,-5.09999999999993,24498,19660,0
13892,-7.449999999999964,-8.949999999999985,20421,19660,0
13893,-6.49999999999995,4.80000000000021,28296,19660,0
13894,-5.79999999999994,-5.9499999999999424,33681,19660,0
13895,-5.149999999999931,1.6000000000001648,39032,19660,0
13896,-6.199999999999946,5.550000000000221,30711,19660,0
13897,-5.79999999999994,-3.8499999999999126,33723,19660,0
13898,-6.249999999999947,-5.79999999999994,30084,19660,0
13899,-6.699999999999953,5.400000000000219,26708,19660,0
13900,-5.649999999999938,3.3500000000001897,35067,19660,0
13901,-5.549999999999937,4.850000000000211,35897,19660,0
13902,-5.5999999999999375,-1.6499999999998813,35367,19660,0
13903,-6.399999999999949,-1.7999999999998835,28964,19660,0
13904,-6.149999999999945,-1.6499999999998813,30967,19660,0
13905,-7.1499999999999595,-0.9999999999998721,22980,19660,0
13906,-5.299999999999933,7.000000000000242,37940,19660,0
13907,-5.899999999999942,-0.8999999999998707,32982,19660,0
13908,-6.549999999999951,3.7000000000001947,27874,19660,0
13909,-6.899999999999956,-5.299999999999933,24894,19660,0
13910,-7.099999999999959,6.000000000000227,23520,19660,0
13911,-5.349999999999934,-4.249999999999918,37315,19660,0
13912,-7.349999999999962,3.9500000000001982,21479,19660,0
13913,-7.249999999999961,0.6000000000001506,22212,19660,0
13914,-5.349999999999934,8.850000000000268,37577,19660,0
13915,-5.149999999999931,5.050000000000214,39101,19660,0
13916,-7.399999999999963,2.300000000000175,21046,19660,0
13917,-6.49999999999995,-1.5999999999998806,28168,19660,0
13918,-5.499999999999936,-7.949999999999971,36041,19660,0
13919,-6.949999999999957,-0.8999999999998707,24582,19660,0
13920,-6.599999999999952,4.9500000000002125,27499,19660,0
13921,-5.399999999999935,-7.349999999999962,36853,19660,0
13922,-7.299999999999962,3.800000000000196,21876,19660,0
13923,-6.49999999999995,-6.649999999999952,28067,19660,0
13924,-5.399999999999935,-1.7499999999998828,36965,19660,0
13925,-7.349999999999962,2.800000000000182,21456,19660,0
13926,-7.399999999999963,-7.099999999999959,20858,19660,0
13927,-6.649999999999952,8.850000000000268,27177,19660,0
13928,-6.649999999999952,3.4000000000001904,27068,19660,0
13929,-5.199999999999932,-5.299999999999933,38494,19660,0
13930,-5.149999999999931,0.10000000000014353,39002,19660,0
13931,-6.599999999999952,0.7000000000001521,27414,19660,0
13932,-5.499999999999936,6.350000000000232,36327,19660,0
13933,-6.949999999999957,8.35000000000026,24767,19660,0
13934,-5.899999999999942,8.550000000000264,33171,19660,0
13935,-5.199999999999932,-6.049999999999944,38479,19660,0
13936,-5.299999999999933,-7.1499999999999595,37657,19660,0
13937,-5.79999999999994,-1.5999999999998806,33768,19660,0
13938,-5.199999999999932,6.000000000000227,38720,19660,0
13939,-6.649999999999952,-9.599999999999994,26808,19660,0
13940,-5.2499999999999325,-9.749999999999996,38005,19660,0
13941,-5.9499999999999424,6.550000000000235,32731,19660,0
13942,-5.499999999999936,-1.4999999999998792,36170,19660,0
13943,-5.2499999999999325,2.5500000000001783,38251,19660,0
13944,-5.549999999999937,-1.1499999999998742,35777,19660,0
13945,-5.09999999999993,7.250000000000245,39545,19660,0
13946,-6.4499999999999496,-2.6999999999998963,28546,19660,0
13947,-5.499999999999936,-7.399999999999963,36052,19660,0
13948,-6.349999999999948,9.300000000000274,29586,19660,0
13949,-6.549999999999951,0.9500000000001556,27819,19660,0
13950,-6.849999999999955,-7.449999999999964,25251,19660,0
13951,-7.249999999999961,-8.64999999999998,22027,19660,0
13952,-5.5999999999999375,5.550000000000221,35511,19660,0
13953,-6.349999999999948,0.15000000000014424,29403,19660,0
13954,-6.599999999999952,-1.5999999999998806,27368,19660,0
13955,-5.349999999999934,2.100000000000172,37442,19660,0
13956,-5.09999999999993,-7.749999999999968,39245,19660,0
13957,-6.099999999999945,-6.649999999999952,31267,19660,0
13958,-6.199999999999946,3.0500000000001855,30661,19660,0
13959,-7.1499999999999595,3.9500000000001982,23079,19660,0
13960,-5.899999999999942,3.500000000000192,33070,19660,0
13961,-5.349999999999934,-9.899999999999999,37202,19660,0
13962,-6.149999999999945,-9.95,30801,19660,0
13963,-7.249999999999961,-0.24999999999986144,22195,19660,0
13964,-6.699999999999953,-6.399999999999949,26472,19660,0
13965,-6.349999999999948,8.750000000000266,29575,19660,0
13966,-7.049999999999958,7.300000000000246,23946,19660,0
13967,-6.999999999999957,7.200000000000244,24344,19660,0
13968,-5.04999999999993,4.6000000000002075,39892,19660,0
13969,-5.549999999999937,-7.649999999999967,35647,19660,0
13970,-6.699999999999953,1.1500000000001585,26623,19660,0
13971,-5.5999999999999375,2.9000000000001833,35458,19660,0
13972,-5.449999999999935,-4.299999999999919,36514,19660,0
13973,-6.099999999999945,6.000000000000227,31520,19660,0
13974,-5.09999999999993,-6.299999999999947,39274,19660,0
13975,-6.099999999999945,-0.84999999999987,31383,19660,0
13976,-6.299999999999947,-3.6999999999999105,29726,19660,0
13977,-5.299999999999933,-7.599999999999966,37648,19660,0
13978,-6.749999999999954,1.3000000000001606,26226,19660,0
13979,-7.399999999999963,-3.8499999999999126,20923,19660,0
13980,-5.2499999999999325,2.5000000000001776,38250,19660,0
13981,-7.19999999999996,-6.999999999999957,22460,19660,0
13982,-7.1499999999999595,-2.2999999999998906,22954,19660,0
13983,-6.849999999999955,-2.899999999999899,25342,19660,0
13984,-5.899999999999942,-5.649999999999938,32887,19660,0
13985,-7.449999999999964,4.900000000000212,20698,19660,0
13986,-6.4499999999999496,-5.649999999999938,28487,19660,0
13987,-6.149999999999945,-1.4499999999998785,30971,19660,0
13988,-6.849999999999955,0.25000000000014566,25405,19660,0
13989,-6.399999999999949,4.300000000000203,29086,19660,0
13990,-6.249999999999947,-7.1499999999999595,30057,19660,0
13991,-5.349999999999934,1.3000000000001606,37426,19660,0
13992,-6.249999999999947,0.30000000000014637,30206,19660,0
13993,-5.699999999999939,3.5500000000001926,34671,19660,0
13994,-6.649999999999952,-0.3999999999998636,26992,19660,0
13995,-5.549999999999937,-0.19999999999986073,35796,19660,0
13996,-5.79999999999994,8.800000000000267,33976,19660,0
13997,-7.049999999999958,0.8500000000001542,23817,19660,0
13998,-5.649999999999938,-0.29999999999986215,34994,19660,0
13999,-6.899999999999956,-3.5499999999999083,24929,19660,0
14000,-7.099999999999959,1.1500000000001585,23423,19660,0
14001,-6.549999999999951,-1.0999999999998735,27778,19660,0
14002,-6.549999999999951,-9.149999999999988,27617,19660,0
14003,-6.149999999999945,8.100000000000257,31162,19660,0
14004,-5.149999999999931,-5.79999999999994,38884,19660,0
14005,-7.4999999999999645,-5.79999999999994,20084,19660,0
14006,-7.349999999999962,7.7000000000002515,21554,19660,0
14007,-7.299999999999962,2.100000000000172,21842,19660,0
14008,-5.199999999999932,4.9500000000002125,38699,19660,0
14009,-6.749999999999954,-3.8499999999999126,26123,19660,0
14010,-5.5999999999999375,-2.899999999999899,35342,19660,0
14011,-5.9499999999999424,-2.24999999999989,32555,19660,0
14012,-7.4999999999999645,9.350000000000275,20387,19660,0
14013,-6.649999999999952,-7.099999999999959,26858,19660,0
14014,-6.399999999999949,5.850000000000225,29117,19660,0
14015,-5.9499999999999424,-6.49999999999995,32470,19660,0
14016,-5.149999999999931,-4.499999999999922,38910,19660,0
14017,-6.949999999999957,-4.649999999999924,24507,19660,0
14018,-5.399999999999935,-2.6999999999998963,36946,19660,0
14019,-7.099999999999959,2.0500000000001712,23441,19660,0
14020,-5.649999999999938,-8.54999999999998,34829,19660,0
14021,-6.999999999999957,-0.7999999999998693,24184,19660,0
14022,-5.04999999999993,-6.099999999999945,39678,19660,0
14023,-6.49999999999995,-4.649999999999924,28107,19660,0
14024,-5.04999999999993,-6.7999999999999545,39664,19660,0
14025,-5.5999999999999375,5.550000000000221,35511,19660,0
14026,-5.299999999999933,-9.449999999999992,37611,19660,0
14027,-5.699999999999939,9.100000000000271,34782,19660,0
14028,-7.049999999999958,2.5500000000001783,23851,19660,0
14029,-5.649999999999938,7.300000000000246,35146,19660,0
14030,-7.299999999999962,1.5500000000001641,21831,19660,0
14031,-6.699999999999953,-8.849999999999984,26423,19660,0
14032,-6.049999999999944,-4.099999999999916,31718,19660,0
14033,-5.399999999999935,-4.649999999999924,36907,19660,0
14034,-6.549999999999951,9.65000000000028,27993,19660,0
14035,-7.349999999999962,-9.34999999999999,21213,19660,0
14036,-5.449999999999935,2.0000000000001705,36640,19660,0
14037,-7.049999999999958,-4.699999999999925,23706,19660,0
14038,-6.549999999999951,-5.699999999999939,27686,19660,0
14039,-6.949999999999957,2.750000000000181,24655,19660,0
14040,-5.199999999999932,2.300000000000175,38646,19660,0
14041,-7.049999999999958,-9.199999999999989,23616,19660,0
14042,-7.249999999999961,5.200000000000216,22304,19660,0
14043,-6.249999999999947,1.2000000000001592,30224,19660,0
14044,-6.099999999999945,7.60000000000025,31552,19660,0
14045,-5.499999999999936,-3.399999999999906,36132,19660,0
14046,-7.1499999999999595,-1.7999999999998835,22964,19660,0
14047,-5.649999999999938,5.700000000000223,35114,19660,0
14048,-5.04999999999993,5.850000000000225,39917,19660,0
14049,-7.1499999999999595,6.8500000000002395,23137,19660,0
14050,-6.7999999999999545,0.8000000000001535,25816,19660,0
14051,-6.299999999999947,-7.399999999999963,29652,19660,0
14052,-7.349999999999962,1.3000000000001606,21426,19660,0
14053,-6.249999999999947,1.3000000000001606,30226,19660,0
14054,-7.099999999999959,7.450000000000248,23549,19660,0
14055,-7.049999999999958,-3.949999999999914,23721,19660,0
14056,-6.999999999999957,-2.2999999999998906,24154,19660,0
14057,-5.399999999999935,-9.449999999999992,36811,19660,0
14058,-6.949999999999957,-0.6499999999998671,24587,19660,0
14059,-7.449999999999964,-2.4499999999998927,20551,19660,0
14060,-6.849999999999955,2.950000000000184,25459,19660,0
14061,-5.299999999999933,8.150000000000258,37963,19660,0
14062,-6.699999999999953,9.150000000000272,26783,19660,0
14063,-5.299999999999933,7.200000000000244,37944,19660,0
14064,-6.299999999999947,-5.79999999999994,29684,19660,0
14065,-6.249999999999947,-0.6499999999998671,30187,19660,0
14066,-5.849999999999941,-6.4499999999999496,33271,19660,0
14067,-6.899999999999956,-8.199999999999974,24836,19660,0
14068,-5.04999999999993,-0.7499999999998685,39785,19660,0
14069,-7.049999999999958,9.70000000000028,23994,19660,0
14070,-6.599999999999952,6.400000000000233,27528,19660,0
14071,-5.09999999999993,8.100000000000257,39562,19660,0
14072,-5.399999999999935,-9.449999999999992,36811,19660,0
14073,-7.19999999999996,0.9500000000001556,22619,19660,0
14074,-6.4499999999999496,-7.749999999999968,28445,19660,0
14075,-5.04999999999993,1.400000000000162,39828,19660,0
14076,-5.04999999999993,-0.84999999999987,39783,19660,0
14077,-7.099999999999959,4.2500000000002025,23485,19660,0
14078,-5.04999999999993,-8.249999999999975,39635,19660,0
14079,-7.449999999999964,8.30000000000026,20766,19660,0
14080,-5.04999999999993,2.950000000000184,39859,19660,0
14081,-5.649999999999938,5.45000000000022,35109,19660,0
14082,-6.199999999999946,6.650000000000237,30733,19660,0
14083,-6.149999999999945,2.1500000000001727,31043,19660,0
14084,-5.04999999999993,2.250000000000174,39845,19660,0
14085,-6.7999999999999545,-3.1499999999999027,25737,19660,0
14086,-6.749999999999954,-7.999999999999972,26040,19660,0
14087,-6.999999999999957,5.100000000000215,24302,19660,0
14088,-5.499999999999936,-2.8499999999998984,36143,19660,0
14089,-6.899999999999956,1.3000000000001606,25026,19660,0
14090,-5.199999999999932,2.450000000000177,38649,19660,0
14091,-5.9499999999999424,-3.8499999999999126,32523,19660,0
14092,-6.099999999999945,2.5500000000001783,31451,19660,0
14093,-6.7999999999999545,8.150000000000258,25963,19660,0
14094,-5.5999999999999375,9.550000000000278,35591,19660,0
14095,-7.349999999999962,-0.9499999999998714,21381,19660,0
14096,-6.099999999999945,2.800000000000182,31456,19660,0
14097,-6.849999999999955,9.550000000000278,25591,19660,0
14098,-6.699999999999953,1.050000000000157,26621,19660,0
14099,-6.849999999999955,-3.099999999999902,25338,19660,0
14100,-6.699999999999953,5.150000000000215,26703,19660,0
14101,-5.09999999999993,-5.649999999999938,39287,19660,0
14102,-5.899999999999942,3.7500000000001954,33075,19660,0
14103,-6.749999999999954,-7.4999999999999645,26050,19660,0
14104,-6.049999999999944,8.000000000000256,31960,19660,0
14105,-5.74999999999994,-4.849999999999927,34103,19660,0
14106,-5.849999999999941,-2.399999999999892,33352,19660,0
14107,-5.549999999999937,2.9000000000001833,35858,19660,0
14108,-7.249999999999961,0.05000000000014282,22201,19660,0
14109,-5.299999999999933,-7.4999999999999645,37650,19660,0
14110,-7.399999999999963,4.6000000000002075,21092,19660,0
14111,-6.599999999999952,7.800000000000253,27556,19660,0
14112,-6.849999999999955,-6.7999999999999545,25264,19660,0
14113,-6.999999999999957,5.150000000000215,24303,19660,0
14114,-6.349999999999948,-2.2999999999998906,29354,19660,0
14115,-6.899999999999956,2.3500000000001755,25047,19660,0
14116,-6.699999999999953,-5.649999999999938,26487,19660,0
14117,-5.999999999999943,-3.249999999999904,32135,19660,0
14118,-6.149999999999945,-8.349999999999977,30833,19660,0
14119,-7.099999999999959,-9.29999999999999,23214,19660,0
14120,-5.2499999999999325,1.1000000000001577,38222,19660,0
14121,-5.5999999999999375,3.850000000000197,35477,19660,0
14122,-6.4499999999999496,4.150000000000201,28683,19660,0
14123,-5.299999999999933,6.5000000000002345,37930,19660,0
14124,-7.399999999999963,7.000000000000242,21140,19660,0
14125,-5.349999999999934,-8.249999999999975,37235,19660,0
14126,-6.849999999999955,-4.949999999999928,25301,19660,0
14127,-5.149999999999931,0.15000000000014424,39003,19660,0
14128,-6.899999999999956,-7.249999999999961,24855,19660,0
14129,-5.649999999999938,5.400000000000219,35108,19660,0
14130,-5.899999999999942,-3.099999999999902,32938,19660,0
14131,-5.549999999999937,-2.599999999999895,35748,19660,0
14132,-6.749999999999954,3.4000000000001904,26268,19660,0
14133,-6.399999999999949,-2.549999999999894,28949,19660,0
14134,-6.899999999999956,-4.699999999999925,24906,19660,0
14135,-5.09999999999993,7.550000000000249,39551,19660,0
14136,-5.399999999999935,7.200000000000244,37144,19660,0
14137,-6.049999999999944,-2.899999999999899,31742,19660,0
14138,-5.2499999999999325,-4.699999999999925,38106,19660,0
14139,-6.149999999999945,9.150000000000272,31183,19660,0
14140,-5.449999999999935,-8.199999999999974,36436,19660,0
14141,-5.5999999999999375,-1.1499999999998742,35377,19660,0
14142,-7.399999999999963,-0.14999999999986002,20997,19660,0
14143,-5.499999999999936,8.750000000000266,36375,19660,0
14144,-6.699999999999953,-0.7499999999998685,26585,19660,0
14145,-6.899999999999956,9.70000000000028,25194,19660,0
14146,-5.399999999999935,4.900000000000212,37098,19660,0
14147,-6.7999999999999545,-5.2499999999999325,25695,19660,0
14148,-6.7999999999999545,-4.199999999999918,25716,19660,0
14149,-5.79999999999994,4.300000000000203,33886,19660,0
14150,-5.04999999999993,-6.099999999999945,39678,19660,0
14151,-5.04999999999993,-9.399999999999991,39612,19660,0
14152,-5.499999999999936,-5.199999999999932,36096,19660,0
14153,-5.899999999999942,-1.9499999999998856,32961,19660,0
14154,-5.149999999999931,-8.499999999999979,38830,19660,0
14155,-6.699999999999953,-6.49999999999995,26470,19660,0
14156,-7.049999999999958,4.1000000000002,23882,19660,0
14157,-6.199999999999946,0.6000000000001506,30612,19660,0
14158,-5.149999999999931,1.4210854715202004e-13,39000,19660,0
14159,-6.349999999999948,3.500000000000192,29470,19660,0
14160,-7.099999999999959,1.1000000000001577,23422,19660,0
14161,-6.099999999999945,5.650000000000222,31513,19660,0
14162,-6.149999999999945,-0.5499999999998657,30989,19660,0
14163,-5.699999999999939,-8.499999999999979,34430,19660,0
14164,-5.999999999999943,2.3500000000001755,32247,19660,0
14165,-7.299999999999962,7.850000000000254,21957,19660,0
14166,-6.249999999999947,-8.499999999999979,30030,19660,0
14167,-6.699999999999953,9.300000000000274,26786,19660,0
14168,-6.149999999999945,-4.949999999999928,30901,19660,0
14169,-7.249999999999961,8.050000000000257,22361,19660,0
14170,-5.349999999999934,3.9000000000001975,37478,19660,0
14171,-7.399999999999963,-0.499999999999865,20990,19660,0
14172,-5.04999999999993,-6.049999999999944,39679,19660,0
14173,-6.49999999999995,-7.749999999999968,28045,19660,0
14174,-5.649999999999938,0.3500000000001471,35007,19660,0
14175,-5.349999999999934,-8.849999999999984,37223,19660,0
14176,-7.299999999999962,-6.949999999999957,21661,19660,0
14177,-5.649999999999938,-9.549999999999994,34809,19660,0
14178,-6.7999999999999545,8.650000000000265,25973,19660,0
14179,-5.299999999999933,0.25000000000014566,37805,19660,0
14180,-6.899999999999956,-0.7499999999998685,24985,19660,0
14181,-5.499999999999936,-9.149999999999988,36017,19660,0
14182,-7.349999999999962,-3.9999999999999147,21320,19660,0
14183,-7.1499999999999595,-4.8999999999999275,22902,19660,0
14184,-7.049999999999958,7.350000000000247,23947,19660,0
14185,-5.449999999999935,-6.549999999999951,36469,19660,0
14186,-6.999999999999957,9.500000000000277,24390,19660,0
14187,-6.49999999999995,6.5000000000002345,28330,19660,0
14188,-7.1499999999999595,8.900000000000269,23178,19660,0
14189,-5.9499999999999424,4.1000000000002,32682,19660,0
14190,-5.999999999999943,-7.89999999999997,32042,19660,0
14191,-5.399999999999935,8.750000000000266,37175,19660,0
14192,-7.299999999999962,0.7000000000001521,21814,19660,0
14193,-6.199999999999946,-9.799999999999997,30404,19660,0
14194,-6.949999999999957,-1.899999999999885,24562,19660,0
14195,-7.299999999999962,-8.199999999999974,21636,19660,0
14196,-7.1499999999999595,3.4000000000001904,23068,19660,0
14197,-5.199999999999932,-8.699999999999982,38426,19660,0
14198,-7.399999999999963,3.650000000000194,21073,19660,0
14199,-6.299999999999947,-4.249999999999918,29715,19660,0
14200,-5.74999999999994,4.75000000000021,34295,19660,0
14201,-5.699999999999939,-3.749999999999911,34525,19660,0
14202,-6.399999999999949,5.100000000000215,29102,19660,0
14203,-5.999999999999943,1.9500000000001698,32239,19660,0
14204,-6.249999999999947,8.25000000000026,30365,19660,0
14205,-7.249999999999961,0.5000000000001492,22210,19660,0
14206,-6.099999999999945,-3.6999999999999105,31326,19660,0
14207,-7.249999999999961,4.300000000000203,22286,19660,0
14208,-6.399999999999949,-9.549999999999994,28809,19660,0
14209,-6.899999999999956,-1.7999999999998835,24964,19660,0
14210,-5.999999999999943,5.200000000000216,32304,19660,0
14211,-6.099999999999945,4.9500000000002125,31499,19660,0
14212,-6.349999999999948,-5.399999999999935,29292,19660,0
14213,-5.9499999999999424,-7.649999999999967,32447,19660,0
14214,-5.849999999999941,5.900000000000226,33518,19660,0
14215,-7.249999999999961,-1.5999999999998806,22168,19660,0
14216,-6.599999999999952,9.00000000000027,27580,19660,0
14217,-6.49999999999995,7.300000000000246,28346,19660,0
14218,-7.099999999999959,3.2000000000001876,23464,19660,0
14219,-5.9499999999999424,-0.19999999999986073,32596,19660,0
14220,-5.149999999999931,9.70000000000028,39194,19660,0
14221,-7.299999999999962,-5.2499999999999325,21695,19660,0
14222,-6.949999999999957,-8.749999999999982,24425,19660,0
14223,-5.649999999999938,5.100000000000215,35102,19660,0
14224,-7.399999999999963,-4.699999999999925,20906,19660,0
14225,-7.449999999999964,-2.199999999999889,20556,19660,0
14226,-7.399999999999963,-2.399999999999892,20952,19660,0
14227,-5.299999999999933,-3.6499999999999098,37727,19660,0
14228,-5.549999999999937,-2.4499999999998927,35751,19660,0
14229,-5.649999999999938,5.400000000000219,35108,19660,0
14230,-7.449999999999964,-5.149999999999931,20497,19660,0
14231,-7.19999999999996,-1.5999999999998806,22568,19660,0
14232,-6.7999999999999545,0.5000000000001492,25810,19660,0
14233,-6.549999999999951,-0.5999999999998664,27788,19660,0
14234,-6.999999999999957,-3.449999999999907,24131,19660,0
14235,-7.1499999999999595,7.650000000000251,23153,19660,0
14236,-5.74999999999994,-9.95,34001,19660,0
14237,-6.349999999999948,5.8000000000002245,29516,19660,0
14238,-6.649999999999952,2.300000000000175,27046,19660,0
14239,-6.949999999999957,8.100000000000257,24762,19660,0
14240,-6.949999999999957,6.1500000000002295,24723,19660,0
14241,-5.79999999999994,1.750000000000167,33835,19660,0
14242,-7.449999999999964,-5.74999999999994,20485,19660,0
14243,-7.299999999999962,3.2000000000001876,21864,19660,0
14244,-5.349999999999934,9.300000000000274,37586,19660,0
14245,-5.74999999999994,-7.89999999999997,34042,19660,0
14246,-5.09999999999993,4.400000000000205,39488,19660,0
14247,-6.49999999999995,-6.599999999999952,28068,19660,0
14248,-6.7999999999999545,7.60000000000025,25952,19660,0
14249,-5.499999999999936,-6.549999999999951,36069,19660,0
14250,-7.449999999999964,8.25000000000026,20765,19660,0
14251,-5.74999999999994,-3.949999999999914,34121,19660,0
14252,-5.849999999999941,2.7000000000001805,33454,19660,0
14253,-7.4999999999999645,-4.799999999999926,20104,19660,0
14254,-6.999999999999957,-0.0499999999998586,24199,19660,0
14255,-5.449999999999935,7.150000000000244,36743,19660,0
14256,-6.649999999999952,8.100000000000257,27162,19660,0
14257,-5.649999999999938,8.900000000000269,35178,19660,0
14258,-5.899999999999942,8.95000000000027,33179,19660,0
14259,-7.449999999999964,2.5500000000001783,20651,19660,0
14260,-7.4999999999999645,-5.79999999999994,20084,19660,0
14261,-5.449999999999935,2.400000000000176,36648,19660,0
14262,-7.19999999999996,8.95000000000027,22779,19660,0
14263,-6.999999999999957,8.500000000000263,24370,19660,0
14264,-6.849999999999955,3.800000000000196,25476,19660,0
14265,-5.2499999999999325,-6.399999999999949,38072,19660,0
14266,-5.74999999999994,4.2500000000002025,34285,19660,0
14267,-5.149999999999931,5.900000000000226,39118,19660,0
14268,-5.499999999999936,-1.4999999999998792,36170,19660,0
14269,-5.9499999999999424,3.9000000000001975,32678,19660,0
14270,-6.349999999999948,2.250000000000174,29445,19660,0
14271,-5.999999999999943,5.100000000000215,32302,19660,0
14272,-5.349999999999934,5.200000000000216,37504,19660,0
14273,-5.9499999999999424,3.800000000000196,32676,19660,0
14274,-5.2499999999999325,-9.199999999999989,38016,19660,0
14275,-5.349999999999934,8.600000000000264,37572,19660,0
14276,-6.4499999999999496,3.7000000000001947,28674,19660,0
14277,-5.399999999999935,0.20000000000014495,37004,19660,0
14278,-6.999999999999957,-9.149999999999988,24017,19660,0
14279,-6.049999999999944,-3.949999999999914,31721,19660,0
14280,-7.4999999999999645,-10.0,20000,19660,0
14281,-5.349999999999934,-4.299999999999919,37314,19660,0
14282,-7.099999999999959,-9.699999999999996,23206,19660,0
14283,-5.299999999999933,5.550000000000221,37911,19660,0
14284,-5.299999999999933,0.05000000000014282,37801,19660,0
14285,-6.4499999999999496,-0.8999999999998707,28582,19660,0
14286,-5.09999999999993,8.35000000000026,39567,19660,0
14287,-5.649999999999938,4.150000000000201,35083,19660,0
14288,-5.999999999999943,7.450000000000248,32349,19660,0
14289,-6.299999999999947,5.600000000000222,29912,19660,0
14290,-6.999999999999957,5.150000000000215,24303,19660,0
14291,-7.1499999999999595,2.6500000000001798,23053,19660,0
14292,-5.699999999999939,-3.599999999999909,34528,19660,0
14293,-6.699999999999953,-9.799999999999997,26404,19660,0
14294,-6.199999999999946,0.7000000000001521,30614,19660,0
14295,-5.549999999999937,5.300000000000217,35906,19660,0
14296,-7.399999999999963,-9.749999999999996,20805,19660,0
14297,-5.9499999999999424,-7.449999999999964,32451,19660,0
14298,-5.09999999999993,-2.0999999999998877,39358,19660,0
14299,-6.399999999999949,7.800000000000253,29156,19660,0
14300,-6.249999999999947,-1.4999999999998792,30170,19660,0
14301,-5.9499999999999424,-5.499999999999936,32490,19660,0
14302,-6.199999999999946,4.000000000000199,30680,19660,0
14303,-6.949999999999957,-5.549999999999937,24489,19660,0
14304,-7.099999999999959,9.200000000000273,23584,19660,0
14305,-6.149999999999945,2.600000000000179,31052,19660,0
14306,-5.349999999999934,-8.949999999999985,37221,19660,0
14307,-6.699999999999953,-0.09999999999985931,26598,19660,0
14308,-5.2499999999999325,3.2000000000001876,38264,19660,0
14309,-6.49999999999995,2.450000000000177,28249,19660,0
14310,-5.5999999999999375,-0.19999999999986073,35396,19660,0
14311,-6.899999999999956,-3.299999999999905,24934,19660,0
14312,-6.849999999999955,8.150000000000258,25563,19660,0
14313,-5.899999999999942,0.3500000000001471,33007,19660,0
14314,-7.249999999999961,2.0000000000001705,22240,19660,0
14315,-5.2499999999999325,7.100000000000243,38342,19660,0
14316,-6.099999999999945,-3.099999999999902,31338,19660,0
14317,-7.049999999999958,8.050000000000257,23961,19660,0
14318,-6.349999999999948,-3.0499999999999012,29339,19660,0
14319,-5.9499999999999424,4.650000000000208,32693,19660,0
14320,-5.149999999999931,-3.3499999999999055,38933,19660,0
14321,-7.399999999999963,-1.699999999999882,20966,19660,0
14322,-6.949999999999957,-3.4999999999999076,24530,19660,0
14323,-6.199999999999946,2.7000000000001805,30654,19660,0
14324,-6.349999999999948,4.80000000000021,29496,19660,0
14325,-5.2499999999999325,-3.8499999999999126,38123,19660,0
14326,-5.899999999999942,-1.699999999999882,32966,19660,0
14327,-6.699999999999953,5.100000000000215,26702,19660,0
14328,-6.549999999999951,-3.6499999999999098,27727,19660,0
14329,-7.349999999999962,6.700000000000237,21534,19660,0
14330,-6.4499999999999496,-0.8999999999998707,28582,19660,0
14331,-6.949999999999957,2.3500000000001755,24647,19660,0
14332,-6.249999999999947,-7.19999999999996,30056,19660,0
14333,-5.09999999999993,0.6500000000001513,39413,19660,0
14334,-5.199999999999932,5.8000000000002245,38716,19660,0
14335,-6.649999999999952,-3.449999999999907,26931,19660,0
14336,-6.899999999999956,-5.999999999999943,24880,19660,0
14337,-7.1499999999999595,8.050000000000257,23161,19660,0
14338,-5.74999999999994,-5.999999999999943,34080,19660,0
14339,-6.949999999999957,9.65000000000028,24793,19660,0
14340,-5.09999999999993,-3.9999999999999147,39320,19660,0
14341,-6.549999999999951,8.25000000000026,27965,19660,0
14342,-7.049999999999958,2.250000000000174,23845,19660,0
14343,-6.999999999999957,5.950000000000227,24319,19660,0
14344,-5.399999999999935,0.7500000000001528,37015,19660,0
14345,-5.699999999999939,6.650000000000237,34733,19660,0
14346,-5.149999999999931,1.050000000000157,39021,19660,0
14347,-5.499999999999936,3.9000000000001975,36278,19660,0
14348,-7.349999999999962,7.850000000000254,21557,19660,0
14349,-5.449999999999935,5.100000000000215,36702,19660,0
14350,-6.49999999999995,-2.4999999999998934,28150,19660,0
14351,-6.49999999999995,6.800000000000239,28336,19660,0
14352,-6.749999999999954,3.2000000000001876,26264,19660,0
14353,-5.2499999999999325,9.00000000000027,38380,19660,0
14354,-5.2499999999999325,9.450000000000276,38389,19660,0
14355,-5.499999999999936,2.600000000000179,36252,19660,0
14356,-5.499999999999936,-9.199999999999989,36016,19660,0
14357,-7.449999999999964,-2.2999999999998906,20554,19660,0
14358,-6.099999999999945,7.500000000000249,31550,19660,0
14359,-5.399999999999935,2.9000000000001833,37058,19660,0
14360,-6.849999999999955,-8.099999999999973,25238,19660,0
14361,-7.449999999999964,-6.549999999999951,20469,19660,0
14362,-5.299999999999933,-2.549999999999894,37749,19660,0
14363,-5.649999999999938,3.450000000000191,35069,19660,0
14364,-7.399999999999963,9.75000000000028,21195,19660,0
14365,-6.899999999999956,3.100000000000186,25062,19660,0
14366,-7.349999999999962,3.650000000000194,21473,19660,0
14367,-6.349999999999948,-5.09999999999993,29298,19660,0
14368,-6.349999999999948,8.200000000000259,29564,19660,0
14369,-6.249999999999947,-9.29999999999999,30014,19660,0
14370,-7.4999999999999645,6.050000000000228,20321,19660,0
14371,-5.999999999999943,6.050000000000228,32321,19660,0
14372,-6.999999999999957,-0.7999999999998693,24184,19660,0
14373,-7.349999999999962,-6.199999999999946,21276,19660,0
14374,-6.4499999999999496,0.8000000000001535,28616,19660,0
14375,-5.849999999999941,-2.4499999999998927,33351,19660,0
14376,-5.5999999999999375,-0.29999999999986215,35394,19660,0
14377,-5.449999999999935,-5.399999999999935,36492,19660,0
14378,-6.949999999999957,-4.5499999999999226,24509,19660,0
14379,-6.549999999999951,0.5000000000001492,27810,19660,0
14380,-7.299999999999962,-6.699999999999953,21666,19660,0
14381,-6.849999999999955,3.7500000000001954,25475,19660,0
14382,-7.249999999999961,-6.849999999999955,22063,19660,0
14383,-7.1499999999999595,-1.7999999999998835,22964,19660,0
14384,-7.099999999999959,-4.799999999999926,23304,19660,0
14385,-6.849999999999955,-3.599999999999909,25328,19660,0
14386,-5.699999999999939,-2.6999999999998963,34546,19660,0
14387,-6.4499999999999496,-3.3499999999999055,28533,19660,0
14388,-5.899999999999942,-0.5999999999998664,32988,19660,0
14389,-6.299999999999947,-9.549999999999994,29609,19660,0
14390,-6.649999999999952,-0.14999999999986002,26997,19660,0
14391,-5.74999999999994,-9.149999999999988,34017,19660,0
14392,-5.5999999999999375,0.3500000000001471,35407,19660,0
14393,-5.04999999999993,1.1500000000001585,39823,19660,0
14394,-6.349999999999948,-3.4999999999999076,29330,19660,0
14395,-5.74999999999994,-6.399999999999949,34072,19660,0
14396,-6.049999999999944,5.300000000000217,31906,19660,0
14397,-7.349999999999962,-9.599999999999994,21208,19660,0
14398,-7.449999999999964,-7.599999999999966,20448,19660,0
14399,-5.999999999999943,-7.649999999999967,32047,19660,0
14400,-5.299999999999933,1.6000000000001648,37832,19660,0
14401,-6.049999999999944,-3.1999999999999034,31736,19660,0
14402,-5.79999999999994,-8.849999999999984,33623,19660,0
14403,-5.849999999999941,1.7000000000001663,33434,19660,0
14404,-6.099999999999945,-4.299999999999919,31314,19660,0
14405,-7.049999999999958,-5.849999999999941,23683,19660,0
14406,-6.599999999999952,-2.8499999999998984,27343,19660,0
14407,-5.499999999999936,-8.299999999999976,36034,19660,0
14408,-6.299999999999947,3.7500000000001954,29875,19660,0
14409,-5.5999999999999375,-3.1499999999999027,35337,19660,0
14410,-7.4999999999999645,0.05000000000014282,20201,19660,0
14411,-6.599999999999952,-8.499999999999979,27230,19660,0
14412,-5.199999999999932,1.400000000000162,38628,19660,0
14413,-6.349999999999948,-1.8499999999998842,29363,19660,0
14414,-5.399999999999935,-3.3499999999999055,36933,19660,0
14415,-5.499999999999936,-6.149999999999945,36077,19660,0
14416,-5.9499999999999424,-9.099999999999987,32418,19660,0
14417,-5.499999999999936,-9.099999999999987,36018,19660,0
14418,-5.399999999999935,-6.599999999999952,36868,19660,0
14419,-5.899999999999942,-5.04999999999993,32899,19660,0
14420,-7.299999999999962,2.750000000000181,21855,19660,0
14421,-6.7999999999999545,3.5500000000001926,25871,19660,0
14422,-5.79999999999994,9.950000000000284,33999,19660,0
14423,-5.2499999999999325,-6.749999999999954,38065,19660,0
14424,-6.949999999999957,-0.19999999999986073,24596,19660,0
14425,-5.2499999999999325,6.750000000000238,38335,19660,0
14426,-6.999999999999957,7.050000000000242,24341,19660,0
14427,-6.399999999999949,-1.9499999999998856,28961,19660,0
14428,-5.199999999999932,-8.399999999999977,38432,19660,0
14429,-6.099999999999945,-0.34999999999986287,31393,19660,0
14430,-7.399999999999963,-2.1499999999998884,20957,19660,0
14431,-7.399999999999963,-3.599999999999909,20928,19660,0
14432,-6.349999999999948,-9.649999999999995,29207,19660,0
14433,-5.849999999999941,9.75000000000028,33595,19660,0
14434,-6.4499999999999496,-0.0499999999998586,28599,19660,0
14435,-6.049999999999944,-2.1499999999998884,31757,19660,0
14436,-5.199999999999932,-0.4499999999998643,38591,19660,0
14437,-6.549999999999951,7.900000000000254,27958,19660,0
14438,-6.7999999999999545,-6.249999999999947,25675,19660,0
14439,-7.099999999999959,-1.699999999999882,23366,19660,0
14440,-7.399999999999963,9.05000000000027,21181,19660,0
14441,-7.449999999999964,-6.399999999999949,20472,19660,0
14442,-5.199999999999932,-9.099999999999987,38418,19660,0
14443,-6.899999999999956,-8.299999999999976,24834,19660,0
14444,-5.09999999999993,-0.24999999999986144,39395,19660,0
14445,-5.299999999999933,4.150000000000201,37883,19660,0
14446,-7.049999999999958,-0.7999999999998693,23784,19660,0
14447,-6.599999999999952,-0.24999999999986144,27395,19660,0
14448,-5.699999999999939,6.400000000000233,34728,19660,0
14449,-5.349999999999934,-6.099999999999945,37278,19660,0
14450,-6.149999999999945,-0.4499999999998643,30991,19660,0
14451,-6.699999999999953,6.350000000000232,26727,19660,0
14452,-6.749999999999954,7.150000000000244,26343,19660,0
14453,-6.749999999999954,-2.4999999999998934,26150,19660,0
14454,-5.999999999999943,6.250000000000231,32325,19660,0
14455,-5.149999999999931,-0.19999999999986073,38996,19660,0
14456,-6.899999999999956,-1.6499999999998813,24967,19660,0
14457,-6.999999999999957,5.100000000000215,24302,19660,0
14458,-7.249999999999961,1.1000000000001577,22222,19660,0
14459,-6.49999999999995,-6.199999999999946,28076,19660,0
14460,-5.04999999999993,-2.1499999999998884,39757,19660,0
14461,-5.899999999999942,6.650000000000237,33133,19660,0
14462,-6.299999999999947,2.5500000000001783,29851,19660,0
14463,-5.79999999999994,-6.149999999999945,33677,19660,0
14464,-5.399999999999935,8.100000000000257,37162,19660,0
14465,-6.399999999999949,6.050000000000228,29121,19660,0
14466,-6.049999999999944,9.850000000000282,31997,19660,0
14467,-5.649999999999938,2.7000000000001805,35054,19660,0
14468,-5.74999999999994,3.6000000000001933,34272,19660,0
14469,-6.49999999999995,-3.5499999999999083,28129,19660,0
14470,-6.149999999999945,-1.1499999999998742,30977,19660,0
14471,-6.849999999999955,3.300000000000189,25466,19660,0
14472,-5.999999999999943,2.3500000000001755,32247,19660,0
14473,-6.849999999999955,-2.0999999999998877,25358,19660,0
14474,-7.299999999999962,6.550000000000235,21931,19660,0
14475,-5.649999999999938,-4.999999999999929,34900,19660,0
14476,-6.749999999999954,-6.599999999999952,26068,19660,0
14477,-5.899999999999942,5.45000000000022,33109,19660,0
14478,-6.4499999999999496,3.7500000000001954,28675,19660,0
14479,-5.04999999999993,-4.849999999999927,39703,19660,0
14480,-5.349999999999934,-3.9999999999999147,37320,19660,0
14481,-6.099999999999945,8.900000000000269,31578,19660,0
14482,-6.599999999999952,1.4210854715202004e-13,27400,19660,0
14483,-6.649999999999952,0.5000000000001492,27010,19660,0
14484,-6.199999999999946,2.5000000000001776,30650,19660,0
14485,-6.599999999999952,-8.999999999999986,27220,19660,0
14486,-5.04999999999993,-0.6499999999998671,39787,19660,0
14487,-7.349999999999962,8.750000000000266,21575,19660,0
14488,-5.999999999999943,6.100000000000229,32322,19660,0
14489,-5.5999999999999375,1.3000000000001606,35426,19660,0
14490,-7.1499999999999595,-9.799999999999997,22804,19660,0
14491,-5.649999999999938,5.200000000000216,35104,19660,0
14492,-6.599999999999952,5.100000000000215,27502,19660,0
14493,-5.2499999999999325,2.250000000000174,38245,19660,0
14494,-5.649999999999938,-3.299999999999905,34934,19660,0
14495,-6.399999999999949,8.050000000000257,29161,19660,0
14496,-7.1499999999999595,-0.9999999999998721,22980,19660,0
14497,-6.299999999999947,-2.0999999999998877,29758,19660,0
14498,-5.149999999999931,-3.9999999999999147,38920,19660,0
14499,-6.749999999999954,7.550000000000249,26351,19660,0
14500,-6.999999999999957,-4.749999999999925,24105,19660,0
14501,-5.2499999999999325,-8.149999999999974,38037,19660,0
14502,-6.249999999999947,-6.4499999999999496,30071,19660,0
14503,-5.449999999999935,-3.8499999999999126,36523,19660,0
14504,-7.049999999999958,-5.299999999999933,23694,19660,0
14505,-6.999999999999957,2.400000000000176,24248,19660,0
14506,-5.2499999999999325,6.20000000000023,38324,19660,0
14507,-5.449999999999935,0.30000000000014637,36606,19660,0
14508,-6.949999999999957,-7.8499999999999694,24443,19660,0
14509,-7.299999999999962,9.65000000000028,21993,19660,0
14510,-5.74999999999994,5.150000000000215,34303,19660,0
14511,-5.74999999999994,-6.149999999999945,34077,19660,0
14512,-6.7999999999999545,-8.349999999999977,25633,19660,0
14513,-7.099999999999959,-8.59999999999998,23228,19660,0
14514,-5.399999999999935,-2.7999999999998977,36944,19660,0
14515,-7.049999999999958,-5.499999999999936,23690,19660,0
14516,-5.549999999999937,9.250000000000274,35985,19660,0
14517,-6.749999999999954,-3.3499999999999055,26133,19660,0
14518,-6.399999999999949,4.550000000000207,29091,19660,0
14519,-5.999999999999943,-6.199999999999946,32076,19660,0
14520,-6.4499999999999496,7.050000000000242,28741,19660,0
14521,-6.899999999999956,9.800000000000281,25196,19660,0
14522,-5.79999999999994,-6.849999999999955,33663,19660,0
14523,-6.949999999999957,-2.549999999999894,24549,19660,0
14524,-5.09999999999993,7.500000000000249,39550,19660,0
14525,-6.7999999999999545,9.450000000000276,25989,19660,0
14526,-5.5999999999999375,4.450000000000205,35489,19660,0
14527,-5.499999999999936,-3.249999999999904,36135,19660,0
14528,-7.049999999999958,4.80000000000021,23896,19660,0
14529,-7.299999999999962,6.20000000000023,21924,19660,0
14530,-6.849999999999955,8.900000000000269,25578,19660,0
14531,-6.649999999999952,-8.699999999999982,26826,19660,0
14532,-5.899999999999942,-0.14999999999986002,32997,19660,0
14533,-5.649999999999938,4.2500000000002025,35085,19660,0
14534,-5.9499999999999424,8.650000000000265,32773,19660,0
14535,-6.299999999999947,-1.4499999999998785,29771,19660,0
14536,-5.9499999999999424,8.900000000000269,32778,19660,0
14537,-6.749999999999954,-6.049999999999944,26079,19660,0
14538,-5.04999999999993,1.9500000000001698,39839,19660,0
14539,-6.199999999999946,6.450000000000234,30729,19660,0
14540,-7.249999999999961,-0.19999999999986073,22196,19660,0
14541,-5.9499999999999424,-7.999999999999972,32440,19660,0
14542,-6.4499999999999496,-4.0499999999999154,28519,19660,0
14543,-5.09999999999993,3.4000000000001904,39468,19660,0
14544,-6.349999999999948,8.700000000000266,29574,19660,0
14545,-5.74999999999994,9.500000000000277,34390,19660,0
14546,-7.1499999999999595,8.25000000000026,23165,19660,0
14547,-6.49999999999995,-2.6499999999998956,28147,19660,0
14548,-5.699999999999939,-4.999999999999929,34500,19660,0
14549,-5.399999999999935,6.8500000000002395,37137,19660,0
14550,-7.099999999999959,-5.699999999999939,23286,19660,0
14551,-7.049999999999958,7.550000000000249,23951,19660,0
14552,-6.999999999999957,6.600000000000236,24332,19660,0
14553,-6.699999999999953,9.800000000000281,26796,19660,0
14554,-6.749999999999954,-7.799999999999969,26044,19660,0
14555,-6.649999999999952,2.0000000000001705,27040,19660,0
14556,-5.149999999999931,0.4500000000001485,39009,19660,0
14557,-6.849999999999955,-3.799999999999912,25324,19660,0
14558,-6.049999999999944,-5.04999999999993,31699,19660,0
14559,-6.949999999999957,7.60000000000025,24752,19660,0
14560,-5.499999999999936,-2.049999999999887,36159,19660,0
14561,-5.999999999999943,8.050000000000257,32361,19660,0
14562,-5.09999999999993,1.050000000000157,39421,19660,0
14563,-5.849999999999941,-0.6999999999998678,33386,19660,0
14564,-6.199999999999946,-1.2499999999998757,30575,19660,0
14565,-6.199999999999946,-5.899999999999942,30482,19660,0
14566,-7.19999999999996,8.900000000000269,22778,19660,0
14567,-6.299999999999947,0.8000000000001535,29816,19660,0
14568,-7.299999999999962,-6.649999999999952,21667,19660,0
14569,-6.199999999999946,-4.199999999999918,30516,19660,0
14570,-6.299999999999947,-7.4999999999999645,29650,19660,0
14571,-5.2499999999999325,-0.6499999999998671,38187,19660,0
14572,-6.199999999999946,-3.299999999999905,30534,19660,0
14573,-6.849999999999955,-0.5999999999998664,25388,19660,0
14574,-6.399999999999949,1.900000000000169,29038,19660,0
14575,-6.899999999999956,7.7000000000002515,25154,19660,0
14576,-6.299999999999947,0.5500000000001499,29811,19660,0
14577,-6.249999999999947,0.8500000000001542,30217,19660,0
14578,-6.199999999999946,6.600000000000236,30732,19660,0
14579,-6.999999999999957,3.850000000000197,24277,19660,0
14580,-5.349999999999934,6.100000000000229,37522,19660,0
14581,-6.49999999999995,-2.6499999999998956,28147,19660,0
14582,-5.9499999999999424,-4.299999999999919,32514,19660,0
14583,-7.4999999999999645,-3.399999999999906,20132,19660,0
14584,-7.399999999999963,6.100000000000229,21122,19660,0
14585,-6.049999999999944,5.200000000000216,31904,19660,0
14586,-5.299999999999933,0.15000000000014424,37803,19660,0
14587,-6.399999999999949,-0.29999999999986215,28994,19660,0
14588,-5.09999999999993,-2.4999999999998934,39350,19660,0
14589,-6.049999999999944,9.900000000000283,31998,19660,0
14590,-6.849999999999955,-2.599999999999895,25348,19660,0
14591,-6.399999999999949,-4.0499999999999154,28919,19660,0
14592,-6.899999999999956,-2.0999999999998877,24958,19660,0
14593,-6.649999999999952,-5.5999999999999375,26888,19660,0
14594,-5.5999999999999375,-6.849999999999955,35263,19660,0
14595,-6.099999999999945,-2.6499999999998956,31347,19660,0
14596,-5.349999999999934,3.0000000000001847,37460,19660,0
14597,-5.9499999999999424,-7.1499999999999595,32457,19660,0
14598,-6.249999999999947,5.50000000000022,30310,19660,0
14599,-5.2499999999999325,-5.149999999999931,38097,19660,0
14600,-6.599999999999952,7.200000000000244,27544,19660,0
14601,-7.4999999999999645,0.4500000000001485,20209,19660,0
14602,-7.399999999999963,3.450000000000191,21069,19660,0
14603,-5.149999999999931,-9.499999999999993,38810,19660,0
14604,-5.04999999999993,-2.899999999999899,39742,19660,0
14605,-5.04999999999993,-3.749999999999911,39725,19660,0
14606,-5.999999999999943,-8.399999999999977,32032,19660,0
14607,-5.649999999999938,-1.2999999999998764,34974,19660,0
14608,-7.349999999999962,-4.8999999999999275,21302,19660,0
14609,-6.099999999999945,8.100000000000257,31562,19660,0
14610,-6.199999999999946,7.300000000000246,30746,19660,0
14611,-7.049999999999958,3.5500000000001926,23871,19660,0
14612,-7.349999999999962,-0.7499999999998685,21385,19660,0
14613,-6.49999999999995,-9.29999999999999,28014,19660,0
14614,-6.549999999999951,-9.899999999999999,27602,19660,0
14615,-5.549999999999937,3.2000000000001876,35864,19660,0
14616,-5.999999999999943,-6.949999999999957,32061,19660,0
14617,-7.049999999999958,1.050000000000157,23821,19660,0
14618,-5.849999999999941,-3.1999999999999034,33336,19660,0
14619,-5.699999999999939,7.050000000000242,34741,19660,0
14620,-5.449999999999935,2.3500000000001755,36647,19660,0
14621,-7.1499999999999595,-9.399999999999991,22812,19660,0
14622,-6.949999999999957,-5.9499999999999424,24481,19660,0
14623,-6.399999999999949,9.900000000000283,29198,19660,0
14624,-5.499999999999936,4.900000000000212,36298,19660,0
14625,-6.49999999999995,-9.749999999999996,28005,19660,0
14626,-5.199999999999932,-0.34999999999986287,38593,19660,0
14627,-6.899999999999956,-1.7999999999998835,24964,19660,0
14628,-5.399999999999935,5.600000000000222,37112,19660,0
14629,-5.79999999999994,-2.549999999999894,33749,19660,0
14630,-6.349999999999948,4.550000000000207,29491,19660,0
14631,-5.449999999999935,-0.6499999999998671,36587,19660,0
14632,-6.349999999999948,4.350000000000204,29487,19660,0
14633,-6.749999999999954,1.4500000000001627,26229,19660,0
14634,-5.5999999999999375,-7.89999999999997,35242,19660,0
14635,-5.999999999999943,-7.599999999999966,32048,19660,0
14636,-6.4499999999999496,-9.24999999999999,28415,19660,0
14637,-5.74999999999994,-5.199999999999932,34096,19660,0
14638,-5.79999999999994,-8.54999999999998,33629,19660,0
14639,-6.649999999999952,4.2500000000002025,27085,19660,0
14640,-6.149999999999945,-8.59999999999998,30828,19660,0
14641,-6.849999999999955,4.000000000000199,25480,19660,0
14642,-6.699999999999953,-6.699999999999953,26466,19660,0
14643,-7.449999999999964,6.400000000000233,20728,19660,0
14644,-6.7999999999999545,2.9000000000001833,25858,19660,0
14645,-5.09999999999993,-8.999999999999986,39220,19660,0
14646,-7.049999999999958,-6.249999999999947,23675,19660,0
14647,-6.149999999999945,7.750000000000252,31155,19660,0
14648,-5.149999999999931,1.4500000000001627,39029,19660,0
14649,-6.999999999999957,-5.79999999999994,24084,19660,0
14650,-6.399999999999949,-6.7999999999999545,28864,19660,0
14651,-5.79999999999994,-3.1999999999999034,33736,19660,0
14652,-5.09999999999993,8.100000000000257,39562,19660,0
14653,-5.649999999999938,9.250000000000274,35185,19660,0
14654,-6.399999999999949,6.700000000000237,29134,19660,0
14655,-5.999999999999943,-9.799999999999997,32004,19660,0
14656,-6.7999999999999545,6.750000000000238,25935,19660,0
14657,-6.849999999999955,1.1500000000001585,25423,19660,0
14658,-6.599999999999952,-5.499999999999936,27290,19660,0
14659,-5.149999999999931,-5.349999999999934,38893,19660,0
14660,-6.249999999999947,1.3000000000001606,30226,19660,0
14661,-5.449999999999935,5.300000000000217,36706,19660,0
14662,-6.399999999999949,-7.399999999999963,28852,19660,0
14663,-6.099999999999945,3.5500000000001926,31471,19660,0
14664,-5.849999999999941,-0.09999999999985931,33398,19660,0
14665,-5.449999999999935,-7.649999999999967,36447,19660,0
14666,-6.599999999999952,4.350000000000204,27487,19660,0
14667,-7.049999999999958,4.200000000000202,23884,19660,0
14668,-6.999999999999957,4.650000000000208,24293,19660,0
14669,-5.899999999999942,5.100000000000215,33102,19660,0
14670,-5.09999999999993,-8.149999999999974,39237,19660,0
14671,-6.7999999999999545,6.950000000000241,25939,19660,0
14672,-5.2499999999999325,9.00000000000027,38380,19660,0
14673,-5.699999999999939,8.650000000000265,34773,19660,0
14674,-5.449999999999935,7.800000000000253,36756,19660,0
14675,-5.74999999999994,2.450000000000177,34249,19660,0
14676,-5.149999999999931,-1.699999999999882,38966,19660,0
14677,-6.549999999999951,-8.099999999999973,27638,19660,0
14678,-5.5999999999999375,-7.299999999999962,35254,19660,0
14679,-5.649999999999938,-6.049999999999944,34879,19660,0
14680,-6.249999999999947,-9.049999999999986,30019,19660,0
14681,-6.899999999999956,-2.8499999999998984,24943,19660,0
14682,-5.09999999999993,-9.199999999999989,39216,19660,0
14683,-6.149999999999945,-9.599999999999994,30808,19660,0
14684,-6.299999999999947,-4.149999999999917,29717,19660,0
14685,-6.599999999999952,0.9500000000001556,27419,19660,0
14686,-6.4499999999999496,8.25000000000026,28765,19660,0
14687,-7.449999999999964,2.9000000000001833,20658,19660,0
14688,-5.649999999999938,9.75000000000028,35195,19660,0
14689,-6.299999999999947,0.4500000000001485,29809,19660,0
14690,-5.999999999999943,1.4210854715202004e-13,32200,19660,0
14691,-7.249999999999961,-9.399999999999991,22012,19660,0
14692,-6.849999999999955,-4.5499999999999226,25309,19660,0
14693,-7.19999999999996,-6.849999999999955,22463,19660,0
14694,-5.499999999999936,-5.499999999999936,36090,19660,0
14695,-6.349999999999948,8.650000000000265,29573,19660,0
14696,-6.049999999999944,-5.2499999999999325,31695,19660,0
14697,-6.099999999999945,-2.0999999999998877,31358,19660,0
14698,-6.349999999999948,0.4000000000001478,29408,19660,0
14699,-6.199999999999946,5.950000000000227,30719,19660,0
14700,-6.149999999999945,7.7000000000002515,31154,19660,0
14701,-5.699999999999939,-5.9499999999999424,34481,19660,0
14702,-7.099999999999959,-4.8999999999999275,23302,19660,0
14703,-5.04999999999993,-5.999999999999943,39680,19660,0
14704,-6.899999999999956,9.450000000000276,25189,19660,0
14705,-6.7999999999999545,-5.999999999999943,25680,19660,0
14706,-6.749999999999954,-8.54999999999998,26029,19660,0
14707,-6.199999999999946,-5.299999999999933,30494,19660,0
14708,-5.999999999999943,7.900000000000254,32358,19660,0
14709,-5.999999999999943,4.850000000000211,32297,19660,0
14710,-5.74999999999994,-6.299999999999947,34074,19660,0
14711,-6.149999999999945,0.8000000000001535,31016,19660,0
14712,-7.1499999999999595,-10.0,22800,19660,0
14713,-6.249999999999947,9.200000000000273,30384,19660,0
14714,-6.249999999999947,6.700000000000237,30334,19660,0
14715,-6.049999999999944,7.100000000000243,31942,19660,0
14716,-6.7999999999999545,-6.999999999999957,25660,19660,0
14717,-6.849999999999955,-2.599999999999895,25348,19660,0
14718,-7.1499999999999595,6.8500000000002395,23137,19660,0
14719,-5.499999999999936,-4.949999999999928,36101,19660,0
14720,-5.74999999999994,7.400000000000247,34348,19660,0
14721,-6.549999999999951,-6.299999999999947,27674,19660,0
14722,-7.19999999999996,-9.049999999999986,22419,19660,0
14723,-5.74999999999994,3.3500000000001897,34267,19660,0
14724,-7.349999999999962,0.20000000000014495,21404,19660,0
14725,-5.5999999999999375,-5.74999999999994,35285,19660,0
14726,-5.9499999999999424,7.000000000000242,32740,19660,0
14727,-7.049999999999958,-2.2999999999998906,23754,19660,0
14728,-5.9499999999999424,-2.6999999999998963,32546,19660,0
14729,-6.299999999999947,4.1000000000002,29882,19660,0
14730,-7.099999999999959,-5.449999999999935,23291,19660,0
14731,-6.399999999999949,-8.099999999999973,28838,19660,0
14732,-5.199999999999932,-0.3999999999998636,38592,19660,0
14733,-5.549999999999937,9.400000000000276,35988,19660,0
14734,-6.099999999999945,-0.6999999999998678,31386,19660,0
14735,-7.19999999999996,-6.749999999999954,22465,19660,0
14736,-7.099999999999959,1.8500000000001684,23437,19660,0
14737,-6.399999999999949,3.850000000000197,29077,19660,0
14738,-6.7999999999999545,6.050000000000228,25921,19660,0
14739,-7.349999999999962,-4.8999999999999275,21302,19660,0
14740,-7.049999999999958,-7.299999999999962,23654,19660,0
14741,-6.249999999999947,-0.14999999999986002,30197,19660,0
14742,-7.1499999999999595,-0.0499999999998586,22999,19660,0
14743,-7.249999999999961,4.6000000000002075,22292,19660,0
14744,-6.999999999999957,-5.04999999999993,24099,19660,0
14745,-6.399999999999949,-10.0,28800,19660,0
14746,-6.949999999999957,3.9500000000001982,24679,19660,0
14747,-5.349999999999934,7.150000000000244,37543,19660,0
14748,-6.049999999999944,5.950000000000227,31919,19660,0
14749,-5.199999999999932,4.6000000000002075,38692,19660,0
14750,-6.349999999999948,9.00000000000027,29580,19660,0
14751,-5.04999999999993,6.5000000000002345,39930,19660,0
14752,-6.999999999999957,-5.349999999999934,24093,19660,0
14753,-5.74999999999994,3.9500000000001982,34279,19660,0
14754,-5.649999999999938,4.350000000000204,35087,19660,0
14755,-6.849999999999955,9.00000000000027,25580,19660,0
14756,-7.349999999999962,-8.199999999999974,21236,19660,0
14757,-6.4499999999999496,-5.299999999999933,28494,19660,0
14758,-5.699999999999939,-6.349999999999948,34473,19660,0
14759,-6.199999999999946,-9.849999999999998,30403,19660,0
14760,-5.299999999999933,6.800000000000239,37936,19660,0
14761,-5.399999999999935,5.750000000000224,37115,19660,0
14762,-6.849999999999955,-9.749999999999996,25205,19660,0
14763,-6.4499999999999496,7.750000000000252,28755,19660,0
14764,-5.199999999999932,2.7000000000001805,38654,19660,0
14765,-7.19999999999996,2.7000000000001805,22654,19660,0
14766,-5.849999999999941,0.8000000000001535,33416,19660,0
14767,-5.449999999999935,-0.7999999999998693,36584,19660,0
14768,-6.199999999999946,7.800000000000253,30756,19660,0
14769,-7.349999999999962,-0.24999999999986144,21395,19660,0
14770,-6.399999999999949,6.050000000000228,29121,19660,0
14771,-6.349999999999948,-8.149999999999974,29237,19660,0
14772,-6.099999999999945,-4.34999999999992,31313,19660,0
14773,-7.1499999999999595,-0.7999999999998693,22984,19660,0
14774,-7.399999999999963,-2.899999999999899,20942,19660,0
14775,-6.7999999999999545,-2.9999999999999005,25740,19660,0
14776,-7.1499999999999595,-3.749999999999911,22925,19660,0
14777,-6.299999999999947,0.6500000000001513,29813,19660,0
14778,-6.699999999999953,-7.1499999999999595,26457,19660,0
14779,-6.7999999999999545,-5.349999999999934,25693,19660,0
14780,-5.04999999999993,-0.7999999999998693,39784,19660,0
14781,-6.149999999999945,7.900000000000254,31158,19660,0
14782,-5.899999999999942,-6.7999999999999545,32864,19660,0
14783,-6.549999999999951,-2.9499999999999,27741,19660,0
14784,-5.199999999999932,-1.3999999999998778,38572,19660,0
14785,-5.999999999999943,1.3500000000001613,32227,19660,0
14786,-5.09999999999993,-3.4999999999999076,39330,19660,0
14787,-5.04999999999993,-8.699999999999982,39626,19660,0
14788,-5.79999999999994,9.75000000000028,33995,19660,0
14789,-7.049999999999958,6.600000000000236,23932,19660,0
14790,-5.349999999999934,7.7000000000002515,37554,19660,0
14791,-6.199999999999946,7.050000000000242,30741,19660,0
14792,-6.7999999999999545,0.3500000000001471,25807,19660,0
14793,-5.449999999999935,5.300000000000217,36706,19660,0
14794,-6.599999999999952,9.75000000000028,27595,19660,0
14795,-5.449999999999935,1.5500000000001641,36631,19660,0
14796,-5.04999999999993,-4.649999999999924,39707,19660,0
14797,-5.2499999999999325,-7.1499999999999595,38057,19660,0
14798,-5.349999999999934,3.500000000000192,37470,19660,0
14799,-5.349999999999934,4.850000000000211,37497,19660,0
14800,-6.749999999999954,2.250000000000174,26245,19660,0
14801,-5.149999999999931,0.5500000000001499,39011,19660,0
14802,-5.5999999999999375,4.650000000000208,35493,19660,0
14803,-6.699999999999953,-5.79999999999994,26484,19660,0
14804,-5.149999999999931,-7.1499999999999595,38857,19660,0
14805,-6.899999999999956,4.900000000000212,25098,19660,0
14806,-5.149999999999931,-8.64999999999998,38827,19660,0
14807,-6.649999999999952,6.350000000000232,27127,19660,0
14808,-7.4999999999999645,8.650000000000265,20373,19660,0
14809,-6.999999999999957,3.650000000000194,24273,19660,0
14810,-6.949999999999957,-9.099999999999987,24418,19660,0
14811,-5.999999999999943,2.3500000000001755,32247,19660,0
14812,-7.349999999999962,-10.0,21200,19660,0
14813,-5.149999999999931,-8.749999999999982,38825,19660,0
14814,-6.949999999999957,0.6000000000001506,24612,19660,0
14815,-6.099999999999945,1.3000000000001606,31426,19660,0
14816,-6.699999999999953,-4.34999999999992,26513,19660,0
14817,-5.5999999999999375,7.650000000000251,35553,19660,0
14818,-5.399999999999935,6.050000000000228,37121,19660,0
14819,-6.49999999999995,6.550000000000235,28331,19660,0
14820,-5.449999999999935,6.800000000000239,36736,19660,0
14821,-6.249999999999947,-3.9999999999999147,30120,19660,0
14822,-5.349999999999934,-2.749999999999897,37345,19660,0
14823,-5.499999999999936,-7.649999999999967,36047,19660,0
14824,-6.999999999999957,-6.699999999999953,24066,19660,0
14825,-7.349999999999962,5.100000000000215,21502,19660,0
14826,-6.549999999999951,-6.199999999999946,27676,19660,0
14827,-5.899999999999942,2.100000000000172,33042,19660,0
14828,-7.449999999999964,0.4500000000001485,20609,19660,0
14829,-6.4499999999999496,4.6000000000002075,28692,19660,0
14830,-6.49999999999995,-7.799999999999969,28044,19660,0
14831,-5.399999999999935,-4.449999999999921,36911,19660,0
14832,-6.7999999999999545,-9.649999999999995,25607,19660,0
14833,-7.449999999999964,2.750000000000181,20655,19660,0
14834,-6.199999999999946,3.2000000000001876,30664,19660,0
14835,-6.149999999999945,-0.9999999999998721,30980,19660,0
14836,-6.599999999999952,4.500000000000206,27490,19660,0
14837,-5.74999999999994,8.800000000000267,34376,19660,0
14838,-5.449999999999935,1.2000000000001592,36624,19660,0
14839,-7.19999999999996,-1.2999999999998764,22574,19660,0
14840,-5.2499999999999325,5.250000000000217,38305,19660,0
14841,-6.299999999999947,-0.3999999999998636,29792,19660,0
14842,-5.5999999999999375,6.8500000000002395,35537,19660,0
14843,-5.649999999999938,4.0500000000002,35081,19660,0
14844,-5.299999999999933,-5.09999999999993,37698,19660,0
14845,-7.249999999999961,-1.8499999999998842,22163,19660,0
14846,-6.249999999999947,2.0500000000001712,30241,19660,0
14847,-7.1499999999999595,4.850000000000211,23097,19660,0
14848,-7.049999999999958,2.3500000000001755,23847,19660,0
14849,-5.499999999999936,-0.24999999999986144,36195,19660,0
14850,-6.999999999999957,5.950000000000227,24319,19660,0
14851,-6.49999999999995,9.450000000000276,28389,19660,0
14852,-5.499999999999936,-8.999999999999986,36020,19660,0
14853,-5.79999999999994,-7.549999999999965,33649,19660,0
14854,-6.749999999999954,0.15000000000014424,26203,19660,0
14855,-6.949999999999957,6.600000000000236,24732,19660,0
14856,-5.649999999999938,1.5500000000001641,35031,19660,0
14857,-6.299999999999947,2.0500000000001712,29841,19660,0
14858,-7.049999999999958,-6.199999999999946,23676,19660,0
14859,-7.099999999999959,-1.4499999999998785,23371,19660,0
14860,-6.149999999999945,-0.6999999999998678,30986,19660,0
14861,-6.099999999999945,7.900000000000254,31558,19660,0
14862,-7.449999999999964,6.20000000000023,20724,19660,0
14863,-5.999999999999943,-9.449999999999992,32011,19660,0
14864,-5.499999999999936,3.5500000000001926,36271,19660,0
14865,-6.699999999999953,7.800000000000253,26756,19660,0
14866,-5.999999999999943,2.450000000000177,32249,19660,0
14867,-5.299999999999933,-3.1499999999999027,37737,19660,0
14868,-5.449999999999935,9.500000000000277,36790,19660,0
14869,-5.199999999999932,-6.399999999999949,38472,19660,0
14870,-7.049999999999958,4.75000000000021,23895,19660,0
14871,-6.349999999999948,6.20000000000023,29524,19660,0
14872,-6.899999999999956,9.600000000000279,25192,19660,0
14873,-5.74999999999994,9.850000000000282,34397,19660,0
14874,-6.999999999999957,-2.899999999999899,24142,19660,0
14875,-5.399999999999935,9.500000000000277,37190,19660,0
14876,-7.19999999999996,-5.09999999999993,22498,19660,0
14877,-6.149999999999945,5.200000000000216,31104,19660,0
14878,-7.099999999999959,7.450000000000248,23549,19660,0
14879,-7.19999999999996,-4.999999999999929,22500,19660,0
14880,-6.649999999999952,-2.4999999999998934,26950,19660,0
14881,-5.299999999999933,-1.7499999999998828,37765,19660,0
14882,-7.349999999999962,5.650000000000222,21513,19660,0
14883,-6.049999999999944,-5.399999999999935,31692,19660,0
14884,-5.199999999999932,5.550000000000221,38711,19660,0
14885,-5.09999999999993,-9.95,39201,19660,0
14886,-7.399999999999963,-5.74999999999994,20885,19660,0
14887,-7.449999999999964,-6.099999999999945,20478,19660,0
14888,-7.249999999999961,9.100000000000271,22382,19660,0
14889,-5.399999999999935,-0.3999999999998636,36992,19660,0
14890,-5.5999999999999375,-5.299999999999933,35294,19660,0
14891,-7.1499999999999595,-0.09999999999985931,22998,19660,0
14892,-7.19999999999996,-0.3999999999998636,22592,19660,0
14893,-5.849999999999941,-7.249999999999961,33255,19660,0
14894,-7.449999999999964,1.900000000000169,20638,19660,0
14895,-5.349999999999934,7.900000000000254,37558,19660,0
14896,-7.399999999999963,-8.299999999999976,20834,19660,0
14897,-6.649999999999952,-1.0499999999998728,26979,19660,0
14898,-6.299999999999947,6.8500000000002395,29937,19660,0
14899,-6.299999999999947,-2.049999999999887,29759,19660,0
14900,-5.299999999999933,-2.3499999999998913,37753,19660,0
14901,-6.249999999999947,-3.8499999999999126,30123,19660,0
14902,-6.649999999999952,-9.699999999999996,26806,19660,0
14903,-6.349999999999948,1.050000000000157,29421,19660,0
14904,-7.099999999999959,1.0000000000001563,23420,19660,0
14905,-6.749999999999954,-0.19999999999986073,26196,19660,0
14906,-5.299999999999933,9.850000000000282,37997,19660,0
14907,-7.1499999999999595,0.05000000000014282,23001,19660,0
14908,-6.349999999999948,9.250000000000274,29585,19660,0
14909,-7.349999999999962,-2.6499999999998956,21347,19660,0
14910,-7.299999999999962,-2.549999999999894,21749,19660,0
14911,-6.349999999999948,-5.499999999999936,29290,19660,0
14912,-6.549999999999951,-5.649999999999938,27687,19660,0
14913,-7.4999999999999645,8.30000000000026,20366,19660,0
14914,-5.5999999999999375,-4.299999999999919,35314,19660,0
14915,-5.04999999999993,-3.449999999999907,39731,19660,0
14916,-6.899999999999956,-10.0,24800,19660,0
14917,-5.5999999999999375,6.400000000000233,35528,19660,0
14918,-7.049999999999958,1.1500000000001585,23823,19660,0
14919,-5.74999999999994,0.20000000000014495,34204,19660,0
14920,-6.999999999999957,-7.399999999999963,24052,19660,0
14921,-6.949999999999957,6.350000000000232,24727,19660,0
14922,-6.49999999999995,-9.649999999999995,28007,19660,0
14923,-6.149999999999945,-2.3499999999998913,30953,19660,0
14924,-6.4499999999999496,9.65000000000028,28793,19660,0
14925,-5.499999999999936,-1.6499999999998813,36167,19660,0
14926,-6.999999999999957,-5.04999999999993,24099,19660,0
14927,-5.849999999999941,2.250000000000174,33445,19660,0
14928,-6.4499999999999496,-9.649999999999995,28407,19660,0
14929,-7.4999999999999645,-7.649999999999967,20047,19660,0
14930,-7.19999999999996,-3.1499999999999027,22537,19660,0
14931,-5.79999999999994,7.250000000000245,33945,19660,0
14932,-5.9499999999999424,-8.799999999999983,32424,19660,0
14933,-7.099999999999959,6.600000000000236,23532,19660,0
14934,-7.049999999999958,-9.549999999999994,23609,19660,0
14935,-6.749999999999954,0.8000000000001535,26216,19660,0
14936,-6.7999999999999545,0.20000000000014495,25804,19660,0
14937,-5.74999999999994,-6.599999999999952,34068,19660,0
14938,-7.249999999999961,3.300000000000189,22266,19660,0
14939,-5.849999999999941,-0.7999999999998693,33384,19660,0
14940,-5.79999999999994,-3.6499999999999098,33727,19660,0
14941,-5.499999999999936,4.400000000000205,36288,19660,0
14942,-6.599999999999952,-0.0499999999998586,27399,19660,0
14943,-5.04999999999993,7.400000000000247,39948,19660,0
14944,-5.79999999999994,3.2000000000001876,33864,19660,0
14945,-5.9499999999999424,4.80000000000021,32696,19660,0
14946,-5.649999999999938,8.500000000000263,35170,19660,0
14947,-6.299999999999947,9.800000000000281,29996,19660,0
14948,-6.599999999999952,-8.499999999999979,27230,19660,0
14949,-7.1499999999999595,-8.849999999999984,22823,19660,0
14950,-6.649999999999952,-6.399999999999949,26872,19660,0
14951,-5.79999999999994,5.550000000000221,33911,19660,0
14952,-5.849999999999941,-5.449999999999935,33291,19660,0
14953,-7.099999999999959,-2.049999999999887,23359,19660,0
14954,-5.5999999999999375,-9.399999999999991,35212,19660,0
14955,-6.849999999999955,-0.6499999999998671,25387,19660,0
14956,-6.899999999999956,-0.34999999999986287,24993,19660,0
14957,-6.949999999999957,9.200000000000273,24784,19660,0
14958,-6.149999999999945,-4.39999999999992,30912,19660,0
14959,-5.9499999999999424,2.300000000000175,32646,19660,0
14960,-5.79999999999994,-1.9499999999998856,33761,19660,0
14961,-5.5999999999999375,-3.949999999999914,35321,19660,0
14962,-7.19999999999996,5.550000000000221,22711,19660,0
14963,-6.749999999999954,1.5500000000001641,26231,19660,0
14964,-7.349999999999962,2.5000000000001776,21450,19660,0
14965,-5.299999999999933,-3.3499999999999055,37733,19660,0
14966,-6.599999999999952,9.450000000000276,27589,19660,0
14967,-7.049999999999958,-2.2999999999998906,23754,19660,0
14968,-5.699999999999939,-5.449999999999935,34491,19660,0
14969,-5.74999999999994,-6.699999999999953,34066,19660,0
14970,-5.399999999999935,-0.0499999999998586,36999,19660,0
14971,-6.299999999999947,-0.9999999999998721,29780,19660,0
14972,-5.9499999999999424,-9.549999999999994,32409,19660,0
14973,-5.899999999999942,-9.95,32801,19660,0
14974,-6.49999999999995,6.250000000000231,28325,19660,0
14975,-6.899999999999956,-3.949999999999914,24921,19660,0
14976,-5.2499999999999325,1.750000000000167,38235,19660,0
14977,-6.49999999999995,-7.349999999999962,28053,19660,0
14978,-7.1499999999999595,6.20000000000023,23124,19660,0
14979,-7.4999999999999645,6.300000000000232,20326,19660,0
14980,-6.949999999999957,-4.0499999999999154,24519,19660,0
14981,-6.949999999999957,4.000000000000199,24680,19660,0
14982,-6.699999999999953,6.650000000000237,26733,19660,0
14983,-7.4999999999999645,4.1000000000002,20282,19660,0
14984,-7.349999999999962,6.700000000000237,21534,19660,0
14985,-6.649999999999952,-8.849999999999984,26823,19660,0
14986,-7.1499999999999595,3.500000000000192,23070,19660,0
14987,-5.79999999999994,0.5500000000001499,33811,19660,0
14988,-7.449999999999964,-7.399999999999963,20452,19660,0
14989,-7.349999999999962,9.550000000000278,21591,19660,0
14990,-5.649999999999938,-7.449999999999964,34851,19660,0
14991,-5.399999999999935,1.0000000000001563,37020,19660,0
14992,-7.449999999999964,4.300000000000203,20686,19660,0
14993,-7.249999999999961,9.400000000000276,22388,19660,0
14994,-5.499999999999936,2.450000000000177,36249,19660,0
14995,-5.849999999999941,2.750000000000181,33455,19660,0
14996,-7.19999999999996,-4.749999999999925,22505,19660,0
14997,-6.399999999999949,-0.84999999999987,28983,19660,0
14998,-5.399999999999935,-7.749999999999968,36845,19660,0
14999,-5.5999999999999375,-3.5499999999999083,35329,19660,0
15000,-7.349999999999962,-2.6999999999998963,21346,19660,0
15001,-6.749999999999954,7.750000000000252,26355,19660,0
15002,-7.049999999999958,3.0000000000001847,23860,19660,0
15003,-6.049999999999944,6.350000000000232,31927,19660,0
15004,-5.399999999999935,7.750000000000252,37155,19660,0
15005,-7.19999999999996,6.750000000000238,22735,19660,0
15006,-5.899999999999942,-6.7999999999999545,32864,19660,0
15007,-7.4999999999999645,4.000000000000199,20280,19660,0
15008,-5.699999999999939,6.1500000000002295,34723,19660,0
15009,-5.349999999999934,7.250000000000245,37545,19660,0
15010,-6.649999999999952,5.100000000000215,27102,19660,0
15011,-5.549999999999937,0.5500000000001499,35811,19660,0
15012,-6.549999999999951,-9.649999999999995,27607,19660,0
15013,-6.599999999999952,4.150000000000201,27483,19660,0
15014,-6.649999999999952,-9.649999999999995,26807,19660,0
15015,-6.4499999999999496,6.300000000000232,28726,19660,0
15016,-6.849999999999955,1.5000000000001634,25430,19660,0
15017,-6.7999999999999545,2.450000000000177,25849,19660,0
15018,-5.299999999999933,8.650000000000265,37973,19660,0
15019,-6.999999999999957,9.800000000000281,24396,19660,0
15020,-6.949999999999957,-0.0499999999998586,24599,19660,0
15021,-5.09999999999993,-5.699999999999939,39286,19660,0
15022,-5.2499999999999325,1.750000000000167,38235,19660,0
15023,-5.449999999999935,-9.24999999999999,36415,19660,0
15024,-5.74999999999994,1.2000000000001592,34224,19660,0
15025,-7.349999999999962,-8.399999999999977,21232,19660,0
15026,-7.4999999999999645,9.300000000000274,20386,19660,0
15027,-5.74999999999994,-7.799999999999969,34044,19660,0
15028,-5.349999999999934,4.500000000000206,37490,19660,0
15029,-5.9499999999999424,4.9500000000002125,32699,19660,0
15030,-5.74999999999994,-4.649999999999924,34107,19660,0
15031,-6.649999999999952,2.5000000000001776,27050,19660,0
15032,-6.249999999999947,-7.89999999999997,30042,19660,0
15033,-7.1499999999999595,-3.1499999999999027,22937,19660,0
15034,-6.949999999999957,-0.29999999999986215,24594,19660,0
15035,-7.399999999999963,2.600000000000179,21052,19660,0
15036,-6.4499999999999496,-0.5499999999998657,28589,19660,0
15037,-5.549999999999937,0.6500000000001513,35813,19660,0
15038,-6.649999999999952,1.8500000000001684,27037,19660,0
15039,-7.4999999999999645,9.65000000000028,20393,19660,0
15040,-5.74999999999994,5.250000000000217,34305,19660,0
15041,-5.2499999999999325,-5.299999999999933,38094,19660,0
15042,-5.999999999999943,-0.14999999999986002,32197,19660,0
15043,-6.849999999999955,-2.549999999999894,25349,19660,0
15044,-5.04999999999993,-2.8499999999998984,39743,19660,0
15045,-7.1499999999999595,-9.29999999999999,22814,19660,0
15046,-5.999999999999943,-9.099999999999987,32018,19660,0
15047,-6.4499999999999496,7.900000000000254,28758,19660,0
15048,-7.449999999999964,-6.599999999999952,20468,19660,0
15049,-7.19999999999996,4.1000000000002,22682,19660,0
15050,-5.899999999999942,-6.699999999999953,32866,19660,0
15051,-6.199999999999946,7.550000000000249,30751,19660,0
15052,-5.299999999999933,-2.1499999999998884,37757,19660,0
15053,-6.349999999999948,6.350000000000232,29527,19660,0
15054,-6.149999999999945,1.050000000000157,31021,19660,0
15055,-6.999999999999957,-6.099999999999945,24078,19660,0
15056,-5.2499999999999325,7.400000000000247,38348,19660,0
15057,-5.199999999999932,7.900000000000254,38758,19660,0
15058,-6.949999999999957,-4.849999999999927,24503,19660,0
15059,-7.19999999999996,5.200000000000216,22704,19660,0
15060,-6.4499999999999496,0.6000000000001506,28612,19660,0
15061,-6.149999999999945,-9.34999999999999,30813,19660,0
15062,-5.74999999999994,3.850000000000197,34277,19660,0
15063,-5.899999999999942,2.8500000000001826,33057,19660,0
15064,-5.2499999999999325,3.2000000000001876,38264,19660,0
15065,-5.849999999999941,-6.849999999999955,33263,19660,0
15066,-6.049999999999944,-8.449999999999978,31631,19660,0
15067,-6.999999999999957,4.850000000000211,24297,19660,0
15068,-7.249999999999961,-5.199999999999932,22096,19660,0
15069,-5.199999999999932,-2.749999999999897,38545,19660,0
15070,-5.399999999999935,7.250000000000245,37145,19660,0
15071,-6.7999999999999545,-5.899999999999942,25682,19660,0
15072,-7.049999999999958,4.400000000000205,23888,19660,0
15073,-5.699999999999939,5.45000000000022,34709,19660,0
15074,-5.649999999999938,-1.2999999999998764,34974,19660,0
15075,-5.499999999999936,-9.099999999999987,36018,19660,0
15076,-5.74999999999994,-3.949999999999914,34121,19660,0
15077,-7.349999999999962,4.6000000000002075,21492,19660,0
15078,-7.449999999999964,-2.4999999999998934,20550,19660,0
15079,-6.199999999999946,6.100000000000229,30722,19660,0
15080,-5.899999999999942,-6.599999999999952,32868,19660,0
15081,-5.449999999999935,9.65000000000028,36793,19660,0
15082,-5.499999999999936,2.5000000000001776,36250,19660,0
15083,-5.79999999999994,0.3500000000001471,33807,19660,0
15084,-6.4499999999999496,0.5000000000001492,28610,19660,0
15085,-6.299999999999947,-1.4999999999998792,29770,19660,0
15086,-7.249999999999961,5.750000000000224,22315,19660,0
15087,-6.099999999999945,-1.5999999999998806,31368,19660,0
15088,-7.299999999999962,-4.499999999999922,21710,19660,0
15089,-5.349999999999934,6.100000000000229,37522,19660,0
15090,-6.699999999999953,9.500000000000277,26790,19660,0
15091,-6.4499999999999496,7.550000000000249,28751,19660,0
15092,-6.549999999999951,-7.89999999999997,27642,19660,0
15093,-6.649999999999952,-8.64999999999998,26827,19660,0
15094,-5.9499999999999424,-8.299999999999976,32434,19660,0
15095,-5.299999999999933,5.45000000000022,37909,19660,0
15096,-6.399999999999949,-8.349999999999977,28833,19660,0
15097,-5.09999999999993,-0.5499999999998657,39389,19660,0
15098,-7.349999999999962,-8.049999999999972,21239,19660,0
15099,-7.049999999999958,4.0500000000002,23881,19660,0
15100,-5.549999999999937,1.6500000000001656,35833,19660,0
15101,-5.849999999999941,-6.749999999999954,33265,19660,0
15102,-5.399999999999935,-8.949999999999985,36821,19660,0
15103,-6.849999999999955,-1.699999999999882,25366,19660,0
15104,-6.949999999999957,-9.049999999999986,24419,19660,0
15105,-5.899999999999942,-5.299999999999933,32894,19660,0
15106,-6.099999999999945,8.30000000000026,31566,19660,0
15107,-7.299999999999962,2.2000000000001734,21844,19660,0
15108,-5.2499999999999325,-2.049999999999887,38159,19660,0
15109,-7.449999999999964,-6.199999999999946,20476,19660,0
15110,-7.249999999999961,-2.0999999999998877,22158,19660,0
15111,-5.449999999999935,3.300000000000189,36666,19660,0
15112,-5.699999999999939,4.900000000000212,34698,19660,0
15113,-7.1499999999999595,0.3500000000001471,23007,19660,0
15114,-6.649999999999952,-2.9499999999999,26941,19660,0
15115,-7.4999999999999645,-9.24999999999999,20015,19660,0
15116,-5.79999999999994,4.200000000000202,33884,19660,0
15117,-5.9499999999999424,-2.4499999999998927,32551,19660,0
15118,-7.349999999999962,6.000000000000227,21520,19660,0
15119,-7.249999999999961,-9.199999999999989,22016,19660,0
15120,-6.199999999999946,7.550000000000249,30751,19660,0
15121,-6.599999999999952,0.6500000000001513,27413,19660,0
15122,-7.099999999999959,0.9500000000001556,23419,19660,0
15123,-7.1499999999999595,9.350000000000275,23187,19660,0
15124,-6.199999999999946,-5.74999999999994,30485,19660,0
15125,-6.49999999999995,-4.8999999999999275,28102,19660,0
15126,-6.49999999999995,6.750000000000238,28335,19660,0
15127,-5.849999999999941,-5.04999999999993,33299,19660,0
15128,-6.649999999999952,-3.099999999999902,26938,19660,0
15129,-5.09999999999993,4.850000000000211,39497,19660,0
15130,-5.349999999999934,-6.849999999999955,37263,19660,0
15131,-5.399999999999935,7.650000000000251,37153,19660,0
15132,-5.199999999999932,-1.4499999999998785,38571,19660,0
15133,-6.599999999999952,6.1500000000002295,27523,19660,0
15134,-6.599999999999952,3.300000000000189,27466,19660,0
15135,-5.899999999999942,-2.6499999999998956,32947,19660,0
15136,-5.5999999999999375,-4.699999999999925,35306,19660,0
15137,-6.699999999999953,9.150000000000272,26783,19660,0
15138,-5.149999999999931,8.750000000000266,39175,19660,0
15139,-7.4999999999999645,-9.049999999999986,20019,19660,0
15140,-6.199999999999946,-8.799999999999983,30424,19660,0
15141,-6.549999999999951,-7.699999999999967,27646,19660,0
15142,-6.049999999999944,-4.849999999999927,31703,19660,0
15143,-7.449999999999964,5.650000000000222,20713,19660,0
15144,-7.4999999999999645,4.2500000000002025,20285,19660,0
15145,-5.899999999999942,-8.249999999999975,32835,19660,0
15146,-7.399999999999963,-0.14999999999986002,20997,19660,0
15147,-6.7999999999999545,-8.999999999999986,25620,19660,0
15148,-5.299999999999933,7.800000000000253,37956,19660,0
15149,-6.599999999999952,-5.2499999999999325,27295,19660,0
15150,-6.399999999999949,-0.7999999999998693,28984,19660,0
15151,-6.849999999999955,-9.799999999999997,25204,19660,0
15152,-6.099999999999945,8.550000000000264,31571,19660,0
15153,-7.1499999999999595,7.100000000000243,23142,19660,0
15154,-5.499999999999936,9.850000000000282,36397,19660,0
15155,-6.999999999999957,-3.599999999999909,24128,19660,0
15156,-5.449999999999935,-8.399999999999977,36432,19660,0
15157,-6.249999999999947,-4.799999999999926,30104,19660,0
15158,-5.849999999999941,-9.549999999999994,33209,19660,0
15159,-7.399999999999963,-1.6499999999998813,20967,19660,0
15160,-6.349999999999948,0.6500000000001513,29413,19660,0
15161,-6.149999999999945,-2.4999999999998934,30950,19660,0
15162,-7.19999999999996,8.750000000000266,22775,19660,0
15163,-5.74999999999994,5.050000000000214,34301,19660,0
15164,-5.74999999999994,-8.449999999999978,34031,19660,0
15165,-7.399999999999963,-9.049999999999986,20819,19660,0
15166,-5.499999999999936,-1.699999999999882,36166,19660,0
15167,-5.549999999999937,5.45000000000022,35909,19660,0
15168,-7.4999999999999645,-7.549999999999965,20049,19660,0
15169,-7.349999999999962,7.250000000000245,21545,19660,0
15170,-6.599999999999952,9.300000000000274,27586,19660,0
15171,-6.249999999999947,8.450000000000262,30369,19660,0
15172,-5.9499999999999424,-2.6499999999998956,32547,19660,0
15173,-7.399999999999963,0.9500000000001556,21019,19660,0
15174,-6.199999999999946,-7.299999999999962,30454,19660,0
15175,-7.099999999999959,-9.399999999999991,23212,19660,0
15176,-6.249999999999947,3.9000000000001975,30278,19660,0
15177,-7.4999999999999645,-0.499999999999865,20190,19660,0
15178,-6.7999999999999545,8.35000000000026,25967,19660,0
15179,-5.2499999999999325,-2.2999999999998906,38154,19660,0
15180,-7.1499999999999595,-6.099999999999945,22878,19660,0
15181,-6.349999999999948,-5.199999999999932,29296,19660,0
15182,-7.4999999999999645,1.5500000000001641,20231,19660,0
15183,-5.5999999999999375,0.20000000000014495,35404,19660,0
15184,-6.849999999999955,3.150000000000187,25463,19660,0
15185,-5.899999999999942,2.800000000000182,33056,19660,0
15186,-5.349999999999934,0.6500000000001513,37413,19660,0
15187,-6.949999999999957,-3.099999999999902,24538,19660,0
15188,-5.9499999999999424,7.300000000000246,32746,19660,0
15189,-6.599999999999952,-6.649999999999952,27267,19660,0
15190,-5.549999999999937,-9.649999999999995,35607,19660,0
15191,-5.849999999999941,-7.949999999999971,33241,19660,0
15192,-6.549999999999951,9.950000000000284,27999,19660,0
15193,-5.349999999999934,-2.899999999999899,37342,19660,0
15194,-5.9499999999999424,-5.699999999999939,32486,19660,0
15195,-6.4499999999999496,0.3500000000001471,28607,19660,0
15196,-7.249999999999961,-5.5999999999999375,22088,19660,0
15197,-6.849999999999955,-0.34999999999986287,25393,19660,0
15198,-6.099999999999945,7.850000000000254,31557,19660,0
15199,-5.349999999999934,-6.999999999999957,37260,19660,0
15200,-5.5999999999999375,9.850000000000282,35597,19660,0
15201,-5.79999999999994,-2.4999999999998934,33750,19660,0
15202,-5.399999999999935,1.9500000000001698,37039,19660,0
15203,-7.19999999999996,-4.5499999999999226,22509,19660,0
15204,-7.049999999999958,-5.849999999999941,23683,19660,0
15205,-6.49999999999995,3.6000000000001933,28272,19660,0
15206,-6.049999999999944,-3.5499999999999083,31729,19660,0
15207,-6.4499999999999496,-10.0,28400,19660,0
15208,-6.049999999999944,-8.449999999999978,31631,19660,0
15209,-5.499999999999936,0.30000000000014637,36206,19660,0
15210,-5.09999999999993,-1.9499999999998856,39361,19660,0
15211,-5.199999999999932,7.000000000000242,38740,19660,0
15212,-7.049999999999958,9.70000000000028,23994,19660,0
15213,-7.349999999999962,-9.449999999999992,21211,19660,0
15214,-6.299999999999947,-7.449999999999964,29651,19660,0
15215,-6.149999999999945,-3.099999999999902,30938,19660,0
15216,-5.399999999999935,8.25000000000026,37165,19660,0
15217,-5.74999999999994,2.1500000000001727,34243,19660,0
15218,-6.299999999999947,-4.999999999999929,29700,19660,0
15219,-6.399999999999949,6.950000000000241,29139,19660,0
15220,-6.699999999999953,8.900000000000269,26778,19660,0
15221,-6.399999999999949,-0.4499999999998643,28991,19660,0
15222,-5.849999999999941,0.15000000000014424,33403,19660,0
15223,-5.499999999999936,-3.8499999999999126,36123,19660,0
15224,-7.449999999999964,-2.0999999999998877,20558,19660,0
15225,-6.7999999999999545,1.050000000000157,25821,19660,0
15226,-7.349999999999962,-6.4499999999999496,21271,19660,0
15227,-5.399999999999935,-2.049999999999887,36959,19660,0
15228,-6.49999999999995,-1.7999999999998835,28164,19660,0
15229,-5.5999999999999375,2.2000000000001734,35444,19660,0
15230,-5.699999999999939,-7.89999999999997,34442,19660,0
15231,-5.549999999999937,-9.749999999999996,35605,19660,0
15232,-7.099999999999959,-8.099999999999973,23238,19660,0
15233,-7.299999999999962,8.30000000000026,21966,19660,0
15234,-5.04999999999993,-9.95,39601,19660,0
15235,-5.649999999999938,7.450000000000248,35149,19660,0
15236,-6.849999999999955,-2.6499999999998956,25347,19660,0
15237,-6.849999999999955,8.30000000000026,25566,19660,0
15238,-5.149999999999931,-1.6499999999998813,38967,19660,0
15239,-6.49999999999995,-8.899999999999984,28022,19660,0
15240,-7.4999999999999645,-6.699999999999953,20066,19660,0
15241,-7.19999999999996,3.9500000000001982,22679,19660,0
15242,-6.049999999999944,-6.899999999999956,31662,19660,0
15243,-5.899999999999942,5.300000000000217,33106,19660,0
15244,-5.649999999999938,6.350000000000232,35127,19660,0
15245,-6.7999999999999545,-3.5499999999999083,25729,19660,0
15246,-6.699999999999953,-2.4999999999998934,26550,19660,0
15247,-5.999999999999943,-5.399999999999935,32092,19660,0
15248,-6.649999999999952,0.8000000000001535,27016,19660,0
15249,-5.299999999999933,5.750000000000224,37915,19660,0
15250,-6.49999999999995,7.250000000000245,28345,19660,0
15251,-5.899999999999942,5.300000000000217,33106,19660,0
15252,-7.4999999999999645,-7.1499999999999595,20057,19660,0
15253,-7.099999999999959,-0.8999999999998707,23382,19660,0
15254,-5.74999999999994,-5.79999999999994,34084,19660,0
15255,-6.099999999999945,-9.799999999999997,31204,19660,0
15256,-7.19999999999996,-1.2499999999998757,22575,19660,0
15257,-7.399999999999963,-7.099999999999959,20858,19660,0
15258,-5.79999999999994,5.950000000000227,33919,19660,0
15259,-5.399999999999935,-6.299999999999947,36874,19660,0
15260,-7.049999999999958,-3.3499999999999055,23733,19660,0
15261,-6.549999999999951,-5.649999999999938,27687,19660,0
15262,-5.499999999999936,5.650000000000222,36313,19660,0
15263,-7.349999999999962,3.2500000000001883,21465,19660,0
15264,-7.19999999999996,-3.799999999999912,22524,19660,0
15265,-7.299999999999962,-5.849999999999941,21683,19660,0
15266,-7.449999999999964,-1.2499999999998757,20575,19660,0
15267,-6.749999999999954,9.500000000000277,26390,19660,0
15268,-6.099999999999945,-3.5499999999999083,31329,19660,0
15269,-5.9499999999999424,-9.099999999999987,32418,19660,0
15270,-6.299999999999947,5.50000000000022,29910,19660,0
15271,-6.849999999999955,9.800000000000281,25596,19660,0
15272,-7.049999999999958,-0.8999999999998707,23782,19660,0
15273,-5.04999999999993,-4.999999999999929,39700,19660,0
15274,-5.199999999999932,-1.54999999999988,38569,19660,0
15275,-6.4499999999999496,-1.699999999999882,28566,19660,0
15276,-5.499999999999936,9.200000000000273,36384,19660,0
15277,-6.949999999999957,-2.7999999999998977,24544,19660,0
15278,-6.49999999999995,-4.499999999999922,28110,19660,0
15279,-7.099999999999959,-2.749999999999897,23345,19660,0
15280,-7.399999999999963,9.100000000000271,21182,19660,0
15281,-6.249999999999947,-6.649999999999952,30067,19660,0
15282,-7.249999999999961,-0.5499999999998657,22189,19660,0
15283,-6.149999999999945,-5.899999999999942,30882,19660,0
15284,-5.04999999999993,-1.1499999999998742,39777,19660,0
15285,-6.149999999999945,3.800000000000196,31076,19660,0
15286,-6.849999999999955,-6.699999999999953,25266,19660,0
15287,-7.1499999999999595,-5.349999999999934,22893,19660,0
15288,-6.249999999999947,7.800000000000253,30356,19660,0
15289,-7.449999999999964,8.900000000000269,20778,19660,0
15290,-5.499999999999936,6.100000000000229,36322,19660,0
15291,-6.299999999999947,-7.399999999999963,29652,19660,0
15292,-6.299999999999947,7.000000000000242,29940,19660,0
15293,-5.849999999999941,7.950000000000255,33559,19660,0
15294,-6.899999999999956,4.000000000000199,25080,19660,0
15295,-6.099999999999945,-8.049999999999972,31239,19660,0
15296,-7.299999999999962,2.0000000000001705,21840,19660,0
15297,-5.149999999999931,9.450000000000276,39189,19660,0
15298,-5.299999999999933,-5.299999999999933,37694,19660,0
15299,-5.199999999999932,-4.449999999999921,38511,19660,0
15300,-7.19999999999996,8.800000000000267,22776,19660,0
15301,-7.1499999999999595,6.600000000000236,23132,19660,0
15302,-5.699999999999939,-6.549999999999951,34469,19660,0
15303,-5.79999999999994,-8.59999999999998,33628,19660,0
15304,-6.699999999999953,4.1000000000002,26682,19660,0
15305,-5.999999999999943,8.35000000000026,32367,19660,0
15306,-5.899999999999942,4.000000000000199,33080,19660,0
15307,-7.099999999999959,5.850000000000225,23517,19660,0
15308,-5.699999999999939,-3.249999999999904,34535,19660,0
15309,-5.74999999999994,2.8500000000001826,34257,19660,0
15310,-5.04999999999993,9.200000000000273,39984,19660,0
15311,-5.2499999999999325,8.25000000000026,38365,19660,0
15312,-6.999999999999957,-5.649999999999938,24087,19660,0
15313,-6.749999999999954,-2.9999999999999005,26140,19660,0
15314,-6.299999999999947,5.000000000000213,29900,19660,0
15315,-6.949999999999957,1.4500000000001627,24629,19660,0
15316,-6.599999999999952,9.70000000000028,27594,19660,0
15317,-5.349999999999934,-3.449999999999907,37331,19660,0
15318,-5.2499999999999325,0.7000000000001521,38214,19660,0
15319,-6.7999999999999545,0.6500000000001513,25813,19660,0
15320,-6.749999999999954,-1.349999999999877,26173,19660,0
15321,-6.249999999999947,7.7000000000002515,30354,19660,0
15322,-5.04999999999993,3.7000000000001947,39874,19660,0
15323,-6.999999999999957,2.5500000000001783,24251,19660,0
15324,-5.149999999999931,7.800000000000253,39156,19660,0
15325,-5.79999999999994,-4.34999999999992,33713,19660,0
15326,-5.2499999999999325,-9.749999999999996,38005,19660,0
15327,-7.049999999999958,-8.049999999999972,23639,19660,0
15328,-5.299999999999933,9.00000000000027,37980,19660,0
15329,-7.1499999999999595,9.550000000000278,23191,19660,0
15330,-5.2499999999999325,-8.249999999999975,38035,19660,0
15331,-7.049999999999958,8.30000000000026,23966,19660,0
15332,-7.399999999999963,9.250000000000274,21185,19660,0
15333,-5.149999999999931,5.950000000000227,39119,19660,0
15334,-6.899999999999956,5.050000000000214,25101,19660,0
15335,-6.049999999999944,9.550000000000278,31991,19660,0
15336,-5.9499999999999424,1.2000000000001592,32624,19660,0
15337,-6.4499999999999496,-0.9499999999998714,28581,19660,0
15338,-5.149999999999931,5.950000000000227,39119,19660,0
15339,-5.04999999999993,1.2000000000001592,39824,19660,0
15340,-6.049999999999944,-0.3999999999998636,31792,19660,0
15341,-6.999999999999957,-6.249999999999947,24075,19660,0
15342,-5.399999999999935,3.5500000000001926,37071,19660,0
15343,-6.999999999999957,-2.899999999999899,24142,19660,0
15344,-6.999999999999957,9.500000000000277,24390,19660,0
15345,-6.849999999999955,-5.899999999999942,25282,19660,0
15346,-5.699999999999939,5.650000000000222,34713,19660,0
15347,-5.79999999999994,-3.8499999999999126,33723,19660,0
15348,-6.899999999999956,-2.199999999999889,24956,19660,0
15349,-6.299999999999947,8.550000000000264,29971,19660,0
15350,-5.549999999999937,5.600000000000222,35912,19660,0
15351,-6.7999999999999545,-7.049999999999958,25659,19660,0
15352,-6.599999999999952,3.0500000000001855,27461,19660,0
15353,-7.449999999999964,-2.899999999999899,20542,19660,0
15354,-7.099999999999959,1.5000000000001634,23430,19660,0
15355,-7.099999999999959,-9.899999999999999,23202,19660,0
15356,-5.04999999999993,-6.049999999999944,39679,19660,0
15357,-5.9499999999999424,-0.09999999999985931,32598,19660,0
15358,-5.04999999999993,1.6500000000001656,39833,19660,0
15359,-5.699999999999939,-4.099999999999916,34518,19660,0
15360,-6.249999999999947,0.25000000000014566,30205,19660,0
15361,-7.249999999999961,0.5000000000001492,22210,19660,0
15362,-7.19999999999996,-2.899999999999899,22542,19660,0
15363,-6.849999999999955,-5.999999999999943,25280,19660,0
15364,-7.099999999999959,1.400000000000162,23428,19660,0
15365,-5.5999999999999375,6.000000000000227,35520,19660,0
15366,-7.449999999999964,-3.949999999999914,20521,19660,0
15367,-6.4499999999999496,-8.149999999999974,28437,19660,0
15368,-5.699999999999939,2.450000000000177,34649,19660,0
15369,-5.09999999999993,-1.899999999999885,39362,19660,0
15370,-6.7999999999999545,0.4500000000001485,25809,19660,0
15371,-5.649999999999938,-2.599999999999895,34948,19660,0
15372,-5.2499999999999325,4.300000000000203,38286,19660,0
15373,-5.2499999999999325,-8.899999999999984,38022,19660,0
15374,-5.849999999999941,-1.7999999999998835,33364,19660,0
15375,-6.149999999999945,-3.399999999999906,30932,19660,0
15376,-6.749999999999954,-3.8999999999999133,26122,19660,0
15377,-5.199999999999932,-3.9999999999999147,38520,19660,0
15378,-7.19999999999996,-2.9499999999999,22541,19660,0
15379,-5.699999999999939,-2.199999999999889,34556,19660,0
15380,-5.5999999999999375,-1.699999999999882,35366,19660,0
15381,-6.249999999999947,7.500000000000249,30350,19660,0
15382,-6.299999999999947,9.600000000000279,29992,19660,0
15383,-7.1499999999999595,-9.34999999999999,22813,19660,0
15384,-5.79999999999994,7.350000000000247,33947,19660,0
15385,-6.149999999999945,-4.449999999999921,30911,19660,0
15386,-6.049999999999944,-4.999999999999929,31700,19660,0
15387,-5.149999999999931,3.4000000000001904,39068,19660,0
15388,-6.699999999999953,-2.4999999999998934,26550,19660,0
15389,-7.19999999999996,-6.099999999999945,22478,19660,0
15390,-6.399999999999949,9.150000000000272,29183,19660,0
15391,-7.19999999999996,-2.1499999999998884,22557,19660,0
15392,-7.349999999999962,-6.699999999999953,21266,19660,0
15393,-6.399999999999949,-8.59999999999998,28828,19660,0
15394,-5.299999999999933,0.6500000000001513,37813,19660,0
15395,-5.849999999999941,0.5500000000001499,33411,19660,0
15396,-5.899999999999942,-8.099999999999973,32838,19660,0
15397,-6.199999999999946,-3.3499999999999055,30533,19660,0
15398,-6.199999999999946,4.850000000000211,30697,19660,0
15399,-5.9499999999999424,2.950000000000184,32659,19660,0
15400,-5.149999999999931,-7.8499999999999694,38843,19660,0
15401,-6.749999999999954,5.100000000000215,26302,19660,0
15402,-6.899999999999956,-3.6499999999999098,24927,19660,0
15403,-7.1499999999999595,-8.099999999999973,22838,19660,0
15404,-6.949999999999957,7.300000000000246,24746,19660,0
15405,-5.549999999999937,-4.099999999999916,35718,19660,0
15406,-6.699999999999953,-7.549999999999965,26449,19660,0
15407,-7.4999999999999645,-7.749999999999968,20045,19660,0
15408,-5.549999999999937,-6.149999999999945,35677,19660,0
15409,-5.399999999999935,-4.799999999999926,36904,19660,0
15410,-5.299999999999933,4.900000000000212,37898,19660,0
15411,-6.249999999999947,-5.9499999999999424,30081,19660,0
15412,-6.749999999999954,-5.79999999999994,26084,19660,0
15413,-5.2499999999999325,1.400000000000162,38228,19660,0
15414,-5.149999999999931,6.350000000000232,39127,19660,0
15415,-5.649999999999938,4.300000000000203,35086,19660,0
15416,-5.74999999999994,-0.7499999999998685,34185,19660,0
15417,-7.049999999999958,2.400000000000176,23848,19660,0
15418,-5.74999999999994,4.6000000000002075,34292,19660,0
15419,-6.099999999999945,-8.949999999999985,31221,19660,0
15420,-5.499999999999936,-1.2499999999998757,36175,19660,0
15421,-7.049999999999958,-9.899999999999999,23602,19660,0
15422,-7.19999999999996,-0.7999999999998693,22584,19660,0
15423,-5.899999999999942,8.850000000000268,33177,19660,0
15424,-7.449999999999964,4.80000000000021,20696,19660,0
15425,-6.7999999999999545,1.8500000000001684,25837,19660,0
15426,-6.49999999999995,8.95000000000027,28379,19660,0
15427,-7.449999999999964,7.7000000000002515,20754,19660,0
15428,-5.09999999999993,-5.299999999999933,39294,19660,0
15429,-6.299999999999947,4.150000000000201,29883,19660,0
15430,-5.499999999999936,-6.599999999999952,36068,19660,0
15431,-5.2499999999999325,7.000000000000242,38340,19660,0
15432,-7.249999999999961,-8.64999999999998,22027,19660,0
15433,-5.349999999999934,-7.1499999999999595,37257,19660,0
15434,-6.549999999999951,1.0000000000001563,27820,19660,0
15435,-7.349999999999962,-1.9999999999998863,21360,19660,0
15436,-5.79999999999994,-4.949999999999928,33701,19660,0
15437,-5.349999999999934,9.300000000000274,37586,19660,0
15438,-6.399999999999949,9.950000000000284,29199,19660,0
15439,-7.399999999999963,2.9000000000001833,21058,19660,0
15440,-5.2499999999999325,-9.449999999999992,38011,19660,0
15441,-6.099999999999945,-4.5499999999999226,31309,19660,0
15442,-7.249999999999961,5.750000000000224,22315,19660,0
15443,-6.149999999999945,-7.099999999999959,30858,19660,0
15444,-5.5999999999999375,-1.2999999999998764,35374,19660,0
15445,-5.5999999999999375,-5.649999999999938,35287,19660,0
15446,-5.74999999999994,-0.6999999999998678,34186,19660,0
15447,-7.299999999999962,4.0500000000002,21881,19660,0
15448,-7.099999999999959,-4.799999999999926,23304,19660,0
15449,-5.699999999999939,-8.249999999999975,34435,19660,0
15450,-5.199999999999932,-3.399999999999906,38532,19660,0
15451,-6.099999999999945,-3.949999999999914,31321,19660,0
15452,-6.549999999999951,-9.34999999999999,27613,19660,0
15453,-5.899999999999942,-3.9999999999999147,32920,19660,0
15454,-7.249999999999961,-1.349999999999877,22173,19660,0
15455,-5.499999999999936,3.850000000000197,36277,19660,0
15456,-5.79999999999994,-6.4499999999999496,33671,19660,0
15457,-7.1499999999999595,-5.79999999999994,22884,19660,0
15458,-5.399999999999935,9.850000000000282,37197,19660,0
15459,-5.09999999999993,8.800000000000267,39576,19660,0
15460,-5.549999999999937,-7.249999999999961,35655,19660,0
15461,-5.399999999999935,-3.8499999999999126,36923,19660,0
15462,-6.999999999999957,2.9000000000001833,24258,19660,0
15463,-6.899999999999956,-4.34999999999992,24913,19660,0
15464,-5.649999999999938,5.850000000000225,35117,19660,0
15465,-5.09999999999993,-5.649999999999938,39287,19660,0
15466,-5.199999999999932,5.700000000000223,38714,19660,0
15467,-7.249999999999961,-0.29999999999986215,22194,19660,0
15468,-7.349999999999962,7.950000000000255,21559,19660,0
15469,-6.999999999999957,9.300000000000274,24386,19660,0
15470,-6.349999999999948,5.700000000000223,29514,19660,0
15471,-7.1499999999999595,8.25000000000026,23165,19660,0
15472,-6.849999999999955,-3.299999999999905,25334,19660,0
15473,-7.049999999999958,3.0000000000001847,23860,19660,0
15474,-6.149999999999945,-1.0999999999998735,30978,19660,0
15475,-7.4999999999999645,6.700000000000237,20334,19660,0
15476,-6.349999999999948,2.750000000000181,29455,19660,0
15477,-5.399999999999935,-2.9999999999999005,36940,19660,0
15478,-5.449999999999935,-0.9999999999998721,36580,19660,0
15479,-7.1499999999999595,0.6000000000001506,23012,19660,0
15480,-5.499999999999936,-2.8499999999998984,36143,19660,0
15481,-5.5999999999999375,7.450000000000248,35549,19660,0
15482,-7.349999999999962,-3.399999999999906,21332,19660,0
15483,-6.849999999999955,-2.2999999999998906,25354,19660,0
15484,-5.549999999999937,-4.849999999999927,35703,19660,0
15485,-6.149999999999945,6.250000000000231,31125,19660,0
15486,-7.1499999999999595,-1.3999999999998778,22972,19660,0
15487,-6.099999999999945,8.600000000000264,31572,19660,0
15488,-7.1499999999999595,-5.549999999999937,22889,19660,0
15489,-6.299999999999947,5.350000000000218,29907,19660,0
15490,-6.649999999999952,6.050000000000228,27121,19660,0
15491,-5.449999999999935,-4.949999999999928,36501,19660,0
15492,-7.399999999999963,-4.0499999999999154,20919,19660,0
15493,-5.349999999999934,3.850000000000197,37477,19660,0
15494,-7.19999999999996,3.3500000000001897,22667,19660,0
15495,-6.399999999999949,3.2500000000001883,29065,19660,0
15496,-6.099999999999945,1.5500000000001641,31431,19660,0
15497,-5.79999999999994,-1.5999999999998806,33768,19660,0
15498,-6.4499999999999496,6.100000000000229,28722,19660,0
15499,-7.099999999999959,-5.74999999999994,23285,19660,0
15500,-6.249999999999947,-4.449999999999921,30111,19660,0
15501,-6.299999999999947,9.150000000000272,29983,19660,0
15502,-5.499999999999936,0.10000000000014353,36202,19660,0
15503,-6.049999999999944,3.2000000000001876,31864,19660,0
15504,-5.199999999999932,-6.949999999999957,38461,19660,0
15505,-5.74999999999994,-4.199999999999918,34116,19660,0
15506,-6.4499999999999496,-9.049999999999986,28419,19660,0
15507,-5.999999999999943,-7.349999999999962,32053,19660,0
15508,-5.04999999999993,-1.0499999999998728,39779,19660,0
15509,-6.049999999999944,-5.199999999999932,31696,19660,0
15510,-6.49999999999995,7.750000000000252,28355,19660,0
15511,-5.79999999999994,2.7000000000001805,33854,19660,0
15512,-7.349999999999962,5.550000000000221,21511,19660,0
15513,-5.09999999999993,-6.849999999999955,39263,19660,0
15514,-6.949999999999957,5.000000000000213,24700,19660,0
15515,-7.299999999999962,1.2500000000001599,21825,19660,0
15516,-6.299999999999947,5.650000000000222,29913,19660,0
15517,-6.649999999999952,-2.6999999999998963,26946,19660,0
15518,-6.699999999999953,0.5500000000001499,26611,19660,0
15519,-7.399999999999963,-9.29999999999999,20814,19660,0
15520,-5.999999999999943,-6.599999999999952,32068,19660,0
15521,-6.49999999999995,-8.64999999999998,28027,19660,0
15522,-6.649999999999952,-4.099999999999916,26918,19660,0
15523,-5.999999999999943,2.8500000000001826,32257,19660,0
15524,-6.199999999999946,-2.899999999999899,30542,19660,0
15525,-5.2499999999999325,-2.9499999999999,38141,19660,0
15526,-6.699999999999953,-9.749999999999996,26405,19660,0
15527,-6.999999999999957,3.100000000000186,24262,19660,0
15528,-6.849999999999955,-3.9999999999999147,25320,19660,0
15529,-5.899999999999942,-0.29999999999986215,32994,19660,0
15530,-5.849999999999941,7.050000000000242,33541,19660,0
15531,-5.499999999999936,3.300000000000189,36266,19660,0
15532,-7.349999999999962,-4.5499999999999226,21309,19660,0
15533,-5.09999999999993,8.35000000000026,39567,19660,0
15534,-6.4499999999999496,-0.7499999999998685,28585,19660,0
15535,-5.74999999999994,8.750000000000266,34375,19660,0
15536,-7.449999999999964,-0.499999999999865,20590,19660,0
15537,-6.949999999999957,-3.449999999999907,24531,19660,0
15538,-7.19999999999996,1.2000000000001592,22624,19660,0
15539,-6.749999999999954,3.450000000000191,26269,19660,0
15540,-5.5999999999999375,1.9500000000001698,35439,19660,0
15541,-6.249999999999947,5.700000000000223,30314,19660,0
15542,-5.09999999999993,4.200000000000202,39484,19660,0
15543,-6.249999999999947,6.100000000000229,30322,19660,0
15544,-5.199999999999932,-8.099999999999973,38438,19660,0
15545,-7.049999999999958,-1.9999999999998863,23760,19660,0
15546,-6.7999999999999545,-8.749999999999982,25625,19660,0
15547,-5.899999999999942,-5.04999999999993,32899,19660,0
15548,-7.4999999999999645,1.1500000000001585,20223,19660,0
15549,-7.449999999999964,-7.749999999999968,20445,19660,0
15550,-6.999999999999957,3.2000000000001876,24264,19660,0
15551,-5.549999999999937,4.300000000000203,35886,19660,0
15552,-7.399999999999963,-0.6999999999998678,20986,19660,0
15553,-5.899999999999942,-9.699999999999996,32806,19660,0
15554,-6.7999999999999545,3.800000000000196,25876,19660,0
15555,-6.899999999999956,-3.4999999999999076,24930,19660,0
15556,-7.4999999999999645,-9.399999999999991,20012,19660,0
15557,-5.09999999999993,4.6000000000002075,39492,19660,0
15558,-5.09999999999993,3.500000000000192,39470,19660,0
15559,-6.49999999999995,-5.399999999999935,28092,19660,0
15560,-6.699999999999953,-2.6499999999998956,26547,19660,0
15561,-6.7999999999999545,7.000000000000242,25940,19660,0
15562,-5.199999999999932,-0.4499999999998643,38591,19660,0
15563,-5.04999999999993,2.7000000000001805,39854,19660,0
15564,-6.899999999999956,4.200000000000202,25084,19660,0
15565,-6.849999999999955,7.650000000000251,25553,19660,0
15566,-5.899999999999942,-3.799999999999912,32924,19660,0
15567,-6.949999999999957,-5.349999999999934,24493,19660,0
15568,-5.899999999999942,-0.7999999999998693,32984,19660,0
15569,-7.349999999999962,-7.299999999999962,21254,19660,0
15570,-6.699999999999953,8.600000000000264,26772,19660,0
15571,-5.399999999999935,4.150000000000201,37083,19660,0
15572,-6.399999999999949,5.700000000000223,29114,19660,0
15573,-7.399999999999963,7.300000000000246,21146,19660,0
15574,-6.349999999999948,-6.149999999999945,29277,19660,0
15575,-5.449999999999935,1.4210854715202004e-13,36600,19660,0
15576,-6.49999999999995,-10.0,28000,19660,0
15577,-5.2499999999999325,2.9000000000001833,38258,19660,0
15578,-6.299999999999947,6.8500000000002395,29937,19660,0
15579,-5.2499999999999325,-3.749999999999911,38125,19660,0
15580,-5.149999999999931,-9.599999999999994,38808,19660,0
15581,-7.349999999999962,3.500000000000192,21470,19660,0
15582,-5.699999999999939,9.100000000000271,34782,19660,0
15583,-6.49999999999995,-4.099999999999916,28118,19660,0
15584,-5.499999999999936,-10.0,36000,19660,0
15585,-6.099999999999945,8.850000000000268,31577,19660,0
15586,-5.199999999999932,-2.4499999999998927,38551,19660,0
15587,-6.199999999999946,-4.149999999999917,30517,19660,0
15588,-6.4499999999999496,-9.049999999999986,28419,19660,0
15589,-7.049999999999958,0.9500000000001556,23819,19660,0
15590,-6.299999999999947,9.800000000000281,29996,19660,0
15591,-5.5999999999999375,7.350000000000247,35547,19660,0
15592,-6.299999999999947,8.450000000000262,29969,19660,0
15593,-7.1499999999999595,2.5000000000001776,23050,19660,0
15594,-5.199999999999932,8.000000000000256,38760,19660,0
15595,-7.299999999999962,4.350000000000204,21887,19660,0
15596,-6.049999999999944,-2.199999999999889,31756,19660,0
15597,-7.299999999999962,-9.149999999999988,21617,19660,0
15598,-6.699999999999953,4.6000000000002075,26692,19660,0
15599,-6.149999999999945,-9.34999999999999,30813,19660,0
15600,-7.19999999999996,5.550000000000221,22711,19660,0
15601,-5.449999999999935,-4.39999999999992,36512,19660,0
15602,-7.1499999999999595,-8.249999999999975,22835,19660,0
15603,-6.149999999999945,-1.1499999999998742,30977,19660,0
15604,-5.5999999999999375,6.700000000000237,35534,19660,0
15605,-6.149999999999945,8.500000000000263,31170,19660,0
15606,-7.349999999999962,0.25000000000014566,21405,19660,0
15607,-5.649999999999938,-6.099999999999945,34878,19660,0
15608,-5.449999999999935,7.800000000000253,36756,19660,0
15609,-7.049999999999958,-4.999999999999929,23700,19660,0
15610,-6.399999999999949,-2.399999999999892,28952,19660,0
15611,-7.4999999999999645,1.8500000000001684,20237,19660,0
15612,-7.1499999999999595,-2.749999999999897,22945,19660,0
15613,-5.499999999999936,-9.34999999999999,36013,19660,0
15614,-6.199999999999946,1.3500000000001613,30627,19660,0
15615,-6.999999999999957,-3.3499999999999055,24133,19660,0
15616,-5.399999999999935,8.500000000000263,37170,19660,0
15617,-6.649999999999952,-0.5999999999998664,26988,19660,0
15618,-7.399999999999963,-4.999999999999929,20900,19660,0
15619,-5.699999999999939,-8.349999999999977,34433,19660,0
15620,-6.849999999999955,5.950000000000227,25519,19660,0
15621,-5.5999999999999375,-9.799999999999997,35204,19660,0
15622,-5.899999999999942,-4.34999999999992,32913,19660,0
15623,-5.2499999999999325,-0.0499999999998586,38199,19660,0
15624,-7.4999999999999645,-0.9499999999998714,20181,19660,0
15625,-6.849999999999955,6.100000000000229,25522,19660,0
15626,-5.849999999999941,-5.04999999999993,33299,19660,0
15627,-6.599999999999952,1.2500000000001599,27425,19660,0
15628,-6.949999999999957,9.200000000000273,24784,19660,0
15629,-5.04999999999993,3.6000000000001933,39872,19660,0
15630,-7.449999999999964,-2.4499999999998927,20551,19660,0
15631,-6.949999999999957,-2.8499999999998984,24543,19660,0
15632,-5.499999999999936,9.500000000000277,36390,19660,0
15633,-5.699999999999939,-6.699999999999953,34466,19660,0
15634,-7.299999999999962,-6.099999999999945,21678,19660,0
15635,-6.599999999999952,-3.399999999999906,27332,19660,0
15636,-5.299999999999933,-1.0499999999998728,37779,19660,0
15637,-7.19999999999996,-0.499999999999865,22590,19660,0
15638,-5.399999999999935,-1.699999999999882,36966,19660,0
15639,-6.999999999999957,2.300000000000175,24246,19660,0
15640,-7.1499999999999595,4.150000000000201,23083,19660,0
15641,-6.949999999999957,-7.1499999999999595,24457,19660,0
15642,-5.999999999999943,7.850000000000254,32357,19660,0
15643,-7.399999999999963,-2.8499999999998984,20943,19660,0
15644,-7.399999999999963,9.200000000000273,21184,19660,0
15645,-5.74999999999994,9.600000000000279,34392,19660,0
15646,-7.399999999999963,2.5000000000001776,21050,19660,0
15647,-6.849999999999955,7.150000000000244,25543,19660,0
15648,-6.249999999999947,-6.849999999999955,30063,19660,0
15649,-5.04999999999993,-5.399999999999935,39692,19660,0
15650,-5.149999999999931,3.500000000000192,39070,19660,0
15651,-5.04999999999993,-6.949999999999957,39661,19660,0
15652,-7.4999999999999645,-6.849999999999955,20063,19660,0
15653,-6.249999999999947,7.350000000000247,30347,19660,0
15654,-5.449999999999935,8.700000000000266,36774,19660,0
15655,-5.999999999999943,-3.6999999999999105,32126,19660,0
15656,-6.699999999999953,-8.199999999999974,26436,19660,0
15657,-5.999999999999943,-5.299999999999933,32094,19660,0
15658,-6.549999999999951,-0.6499999999998671,27787,19660,0
15659,-5.9499999999999424,2.950000000000184,32659,19660,0
15660,-5.299999999999933,2.400000000000176,37848,19660,0
15661,-5.149999999999931,5.300000000000217,39106,19660,0
15662,-5.04999999999993,2.750000000000181,39855,19660,0
15663,-6.649999999999952,-8.449999999999978,26831,19660,0
15664,-5.399999999999935,-4.999999999999929,36900,19660,0
15665,-5.04999999999993,-3.099999999999902,39738,19660,0
15666,-6.249999999999947,-5.899999999999942,30082,19660,0
15667,-6.049999999999944,3.7000000000001947,31874,19660,0
15668,-6.899999999999956,-2.7999999999998977,24944,19660,0
15669,-7.4999999999999645,-6.199999999999946,20076,19660,0
15670,-5.499999999999936,-8.049999999999972,36039,19660,0
15671,-7.1499999999999595,8.450000000000262,23169,19660,0
15672,-7.349999999999962,-0.29999999999986215,21394,19660,0
15673,-6.949999999999957,-2.6999999999998963,24546,19660,0
15674,-5.499999999999936,6.5000000000002345,36330,19660,0
15675,-6.199999999999946,9.100000000000271,30782,19660,0
15676,-6.549999999999951,-2.8499999999998984,27743,19660,0
15677,-7.299999999999962,2.400000000000176,21848,19660,0
15678,-5.649999999999938,5.350000000000218,35107,19660,0
15679,-5.74999999999994,-4.39999999999992,34112,19660,0
15680,-7.19999999999996,-1.6499999999998813,22567,19660,0
15681,-6.199999999999946,-9.95,30401,19660,0
15682,-6.749999999999954,1.9500000000001698,26239,19660,0
15683,-6.49999999999995,5.850000000000225,28317,19660,0
15684,-7.399999999999963,-2.2999999999998906,20954,19660,0
15685,-6.299999999999947,-1.5999999999998806,29768,19660,0
15686,-6.699999999999953,5.950000000000227,26719,19660,0
15687,-6.849999999999955,-8.799999999999983,25224,19660,0
15688,-7.399999999999963,0.05000000000014282,21001,19660,0
15689,-5.9499999999999424,7.400000000000247,32748,19660,0
15690,-6.7999999999999545,3.9500000000001982,25879,19660,0
15691,-5.74999999999994,-4.949999999999928,34101,19660,0
15692,-5.9499999999999424,-2.8499999999998984,32543,19660,0
15693,-7.349999999999962,4.80000000000021,21496,19660,0
15694,-7.399999999999963,-1.7499999999998828,20965,19660,0
15695,-6.049999999999944,-6.849999999999955,31663,19660,0
15696,-7.349999999999962,8.30000000000026,21566,19660,0
15697,-5.649999999999938,-5.899999999999942,34882,19660,0
15698,-5.9499999999999424,8.400000000000261,32768,19660,0
15699,-5.9499999999999424,-8.749999999999982,32425,19660,0
15700,-7.349999999999962,-0.9999999999998721,21380,19660,0
15701,-5.399999999999935,-4.199999999999918,36916,19660,0
15702,-5.699999999999939,9.850000000000282,34797,19660,0
15703,-5.149999999999931,-8.64999999999998,38827,19660,0
15704,-6.049999999999944,-4.749999999999925,31705,19660,0
15705,-6.4499999999999496,5.200000000000216,28704,19660,0
15706,-7.1499999999999595,-3.1499999999999027,22937,19660,0
15707,-5.849999999999941,5.350000000000218,33507,19660,0
15708,-6.299999999999947,0.30000000000014637,29806,19660,0
15709,-6.899999999999956,2.7000000000001805,25054,19660,0
15710,-5.09999999999993,-6.099999999999945,39278,19660,0
15711,-6.49999999999995,4.700000000000209,28294,19660,0
15712,-6.599999999999952,2.600000000000179,27452,19660,0
15713,-6.749999999999954,4.000000000000199,26280,19660,0
15714,-5.299999999999933,1.4210854715202004e-13,37800,19660,0
15715,-5.699999999999939,9.400000000000276,34788,19660,0
15716,-7.349999999999962,-3.9999999999999147,21320,19660,0
15717,-7.4999999999999645,8.650000000000265,20373,19660,0
15718,-5.5999999999999375,3.500000000000192,35470,19660,0
15719,-6.949999999999957,4.000000000000199,24680,19660,0
15720,-5.79999999999994,-1.4999999999998792,33770,19660,0
15721,-7.349999999999962,7.000000000000242,21540,19660,0
15722,-5.149999999999931,5.200000000000216,39104,19660,0
15723,-7.399999999999963,-0.499999999999865,20990,19660,0
15724,-5.899999999999942,0.7500000000001528,33015,19660,0
15725,-7.099999999999959,1.1000000000001577,23422,19660,0
15726,-5.449999999999935,5.000000000000213,36700,19660,0
15727,-5.149999999999931,-2.2999999999998906,38954,19660,0
15728,-7.249999999999961,5.350000000000218,22307,19660,0
15729,-7.449999999999964,8.30000000000026,20766,19660,0
15730,-6.049999999999944,0.20000000000014495,31804,19660,0
15731,-5.5999999999999375,-0.7499999999998685,35385,19660,0
15732,-7.099999999999959,-5.9499999999999424,23281,19660,0
15733,-6.249999999999947,2.3500000000001755,30247,19660,0
15734,-5.649999999999938,6.050000000000228,35121,19660,0
15735,-6.649999999999952,1.750000000000167,27035,19660,0
15736,-5.399999999999935,-2.24999999999989,36955,19660,0
15737,-7.1499999999999595,-3.9999999999999147,22920,19660,0
15738,-6.249999999999947,7.800000000000253,30356,19660,0
15739,-5.899999999999942,1.6000000000001648,33032,19660,0
15740,-5.699999999999939,2.100000000000172,34642,19660,0
15741,-7.049999999999958,0.20000000000014495,23804,19660,0
15742,-6.099999999999945,-1.2499999999998757,31375,19660,0
15743,-7.099999999999959,-9.899999999999999,23202,19660,0
15744,-6.149999999999945,6.950000000000241,31139,19660,0
15745,-6.49999999999995,-1.9999999999998863,28160,19660,0
15746,-5.199999999999932,7.400000000000247,38748,19660,0
15747,-6.049999999999944,-5.349999999999934,31693,19660,0
15748,-5.449999999999935,8.500000000000263,36770,19660,0
15749,-7.299999999999962,2.450000000000177,21849,19660,0
15750,-6.749999999999954,0.30000000000014637,26206,19660,0
15751,-6.599999999999952,-4.34999999999992,27313,19660,0
15752,-5.899999999999942,4.450000000000205,33089,19660,0
15753,-7.4999999999999645,2.8500000000001826,20257,19660,0
15754,-7.449999999999964,8.700000000000266,20774,19660,0
15755,-7.399999999999963,-6.549999999999951,20869,19660,0
15756,-5.849999999999941,4.650000000000208,33493,19660,0
15757,-6.699999999999953,-6.649999999999952,26467,19660,0
15758,-6.049999999999944,8.650000000000265,31973,19660,0
15759,-6.699999999999953,-2.7999999999998977,26544,19660,0
15760,-5.199999999999932,1.1500000000001585,38623,19660,0
15761,-6.249999999999947,-1.7999999999998835,30164,19660,0
15762,-6.399999999999949,8.750000000000266,29175,19660,0
15763,-5.149999999999931,3.850000000000197,39077,19660,0
15764,-5.74999999999994,-1.3999999999998778,34172,19660,0
15765,-5.899999999999942,-7.349999999999962,32853,19660,0
15766,-5.9499999999999424,-4.499999999999922,32510,19660,0
15767,-7.19999999999996,-9.29999999999999,22414,19660,0
15768,-5.149999999999931,-2.8499999999998984,38943,19660,0
15769,-5.699999999999939,3.0000000000001847,34660,19660,0
15770,-5.74999999999994,5.350000000000218,34307,19660,0
15771,-5.899999999999942,8.500000000000263,33170,19660,0
15772,-6.4499999999999496,-9.749999999999996,28405,19660,0
15773,-5.09999999999993,8.200000000000259,39564,19660,0
15774,-5.199999999999932,6.600000000000236,38732,19660,0
15775,-7.449999999999964,1.2500000000001599,20625,19660,0
15776,-5.9499999999999424,7.900000000000254,32758,19660,0
15777,-5.449999999999935,-4.749999999999925,36505,19660,0
15778,-5.499999999999936,-4.0499999999999154,36119,19660,0
15779,-5.04999999999993,1.8500000000001684,39837,19660,0
15780,-7.399999999999963,-1.699999999999882,20966,19660,0
15781,-6.7999999999999545,-8.099999999999973,25638,19660,0
15782,-5.899999999999942,-6.999999999999957,32860,19660,0
15783,-5.649999999999938,-2.9999999999999005,34940,19660,0
15784,-5.549999999999937,-1.5999999999998806,35768,19660,0
15785,-5.74999999999994,-6.099999999999945,34078,19660,0
15786,-7.049999999999958,4.500000000000206,23890,19660,0
15787,-5.09999999999993,-6.199999999999946,39276,19660,0
15788,-7.19999999999996,8.600000000000264,22772,19660,0
15789,-6.4499999999999496,9.850000000000282,28797,19660,0
15790,-6.599999999999952,-1.2499999999998757,27375,19660,0
15791,-6.7999999999999545,6.550000000000235,25931,19660,0
15792,-5.449999999999935,5.400000000000219,36708,19660,0
15793,-5.449999999999935,-0.3999999999998636,36592,19660,0
15794,-5.149999999999931,7.750000000000252,39155,19660,0
15795,-7.249999999999961,-5.5999999999999375,22088,19660,0
15796,-7.19999999999996,-2.549999999999894,22549,19660,0
15797,-5.499999999999936,-5.9499999999999424,36081,19660,0
15798,-6.749999999999954,-2.0999999999998877,26158,19660,0
15799,-5.199999999999932,-8.299999999999976,38434,19660,0
15800,-6.899999999999956,-8.799999999999983,24824,19660,0
15801,-6.299999999999947,2.400000000000176,29848,19660,0
15802,-6.399999999999949,6.5000000000002345,29130,19660,0
15803,-6.249999999999947,1.5000000000001634,30230,19660,0
15804,-6.899999999999956,1.6500000000001656,25033,19660,0
15805,-6.599999999999952,7.000000000000242,27540,19660,0
15806,-6.249999999999947,-5.79999999999994,30084,19660,0
15807,-7.049999999999958,8.900000000000269,23978,19660,0
15808,-6.349999999999948,0.6500000000001513,29413,19660,0
15809,-6.399999999999949,2.800000000000182,29056,19660,0
15810,-5.449999999999935,-6.899999999999956,36462,19660,0
15811,-6.7999999999999545,-0.9999999999998721,25780,19660,0
15812,-7.099999999999959,9.450000000000276,23589,19660,0
15813,-7.19999999999996,-3.599999999999909,22528,19660,0
15814,-5.2499999999999325,-7.1499999999999595,38057,19660,0
15815,-5.09999999999993,-9.549999999999994,39209,19660,0
15816,-6.199999999999946,8.050000000000257,30761,19660,0
15817,-6.4499999999999496,9.300000000000274,28786,19660,0
15818,-5.149999999999931,4.850000000000211,39097,19660,0
15819,-6.599999999999952,7.100000000000243,27542,19660,0
15820,-7.099999999999959,-4.949999999999928,23301,19660,0
15821,-5.79999999999994,-1.7999999999998835,33764,19660,0
15822,-5.5999999999999375,-3.4999999999999076,35330,19660,0
15823,-7.449999999999964,-4.8999999999999275,20502,19660,0
15824,-5.74999999999994,1.4210854715202004e-13,34200,19660,0
15825,-6.349999999999948,-3.6499999999999098,29327,19660,0
15826,-7.349999999999962,5.600000000000222,21512,19660,0
15827,-6.349999999999948,-8.999999999999986,29220,19660,0
15828,-6.299999999999947,-0.6499999999998671,29787,19660,0
15829,-7.249999999999961,-1.4999999999998792,22170,19660,0
15830,-7.099999999999959,3.4000000000001904,23468,19660,0
15831,-6.849999999999955,1.1000000000001577,25422,19660,0
15832,-6.749999999999954,-5.549999999999937,26089,19660,0
15833,-5.299999999999933,3.9000000000001975,37878,19660,0
15834,-6.699999999999953,-5.9499999999999424,26481,19660,0
15835,-6.349999999999948,-3.449999999999907,29331,19660,0
15836,-6.699999999999953,1.0000000000001563,26620,19660,0
15837,-6.699999999999953,-0.84999999999987,26583,19660,0
15838,-7.449999999999964,9.150000000000272,20783,19660,0
15839,-5.299999999999933,-2.549999999999894,37749,19660,0
15840,-5.699999999999939,-8.699999999999982,34426,19660,0
15841,-5.5999999999999375,5.700000000000223,35514,19660,0
15842,-6.399999999999949,-9.24999999999999,28815,19660,0
15843,-6.599999999999952,-1.9499999999998856,27361,19660,0
15844,-6.049999999999944,-4.39999999999992,31712,19660,0
15845,-6.49999999999995,7.050000000000242,28341,19660,0
15846,-5.04999999999993,1.5500000000001641,39831,19660,0
15847,-6.749999999999954,-9.849999999999998,26003,19660,0
15848,-6.7999999999999545,-7.4999999999999645,25650,19660,0
15849,-5.79999999999994,6.300000000000232,33926,19660,0
15850,-6.4499999999999496,4.200000000000202,28684,19660,0
15851,-6.549999999999951,2.0000000000001705,27840,19660,0
15852,-5.299999999999933,-5.2499999999999325,37695,19660,0
15853,-6.299999999999947,3.850000000000197,29877,19660,0
15854,-7.19999999999996,4.9500000000002125,22699,19660,0
15855,-5.9499999999999424,-1.8499999999998842,32563,19660,0
15856,-5.999999999999943,-9.099999999999987,32018,19660,0
15857,-6.349999999999948,-3.6999999999999105,29326,19660,0
15858,-6.749999999999954,2.0000000000001705,26240,19660,0
15859,-6.849999999999955,-1.2999999999998764,25374,19660,0
15860,-6.049999999999944,-6.749999999999954,31665,19660,0
15861,-6.999999999999957,6.050000000000228,24321,19660,0
15862,-5.09999999999993,-2.4999999999998934,39350,19660,0
15863,-5.79999999999994,-3.599999999999909,33728,19660,0
15864,-5.5999999999999375,-7.8499999999999694,35243,19660,0
15865,-6.849999999999955,7.800000000000253,25556,19660,0
15866,-6.399999999999949,-4.149999999999917,28917,19660,0
15867,-7.19999999999996,0.3500000000001471,22607,19660,0
15868,-5.149999999999931,4.0500000000002,39081,19660,0
15869,-6.849999999999955,8.35000000000026,25567,19660,0
15870,-6.049999999999944,8.600000000000264,31972,19660,0
15871,-5.199999999999932,0.8000000000001535,38616,19660,0
15872,-6.249999999999947,9.600000000000279,30392,19660,0
15873,-7.349999999999962,2.5000000000001776,21450,19660,0
15874,-7.349999999999962,6.5000000000002345,21530,19660,0
15875,-6.899999999999956,8.700000000000266,25174,19660,0
15876,-5.499999999999936,-8.749999999999982,36025,19660,0
15877,-6.849999999999955,8.150000000000258,25563,19660,0
15878,-5.499999999999936,2.100000000000172,36242,19660,0
15879,-6.099999999999945,-6.249999999999947,31275,19660,0
15880,-6.899999999999956,6.400000000000233,25128,19660,0
15881,-5.149999999999931,-2.9999999999999005,38940,19660,0
15882,-5.999999999999943,7.450000000000248,32349,19660,0
15883,-5.09999999999993,-7.449999999999964,39251,19660,0
15884,-6.049999999999944,-8.799999999999983,31624,19660,0
15885,-7.299999999999962,-3.599999999999909,21728,19660,0
15886,-5.74999999999994,-4.849999999999927,34103,19660,0
15887,-5.699999999999939,-3.399999999999906,34532,19660,0
15888,-7.349999999999962,7.200000000000244,21544,19660,0
15889,-7.249999999999961,-1.5999999999998806,22168,19660,0
15890,-5.09999999999993,-5.899999999999942,39282,19660,0
15891,-7.099999999999959,-1.9999999999998863,23360,19660,0
15892,-5.999999999999943,4.450000000000205,32289,19660,0
15893,-6.349999999999948,-7.1499999999999595,29257,19660,0
15894,-6.749999999999954,-4.39999999999992,26112,19660,0
15895,-6.49999999999995,-3.299999999999905,28134,19660,0
15896,-7.19999999999996,6.450000000000234,22729,19660,0
15897,-6.149999999999945,-0.7999999999998693,30984,19660,0
15898,-5.899999999999942,5.45000000000022,33109,19660,0
15899,-7.049999999999958,-7.8499999999999694,23643,19660,0
15900,-7.4999999999999645,6.700000000000237,20334,19660,0
15901,-5.499999999999936,6.750000000000238,36335,19660,0
15902,-6.249999999999947,-0.6499999999998671,30187,19660,0
15903,-5.899999999999942,2.750000000000181,33055,19660,0
15904,-6.049999999999944,2.450000000000177,31849,19660,0
15905,-6.749999999999954,0.9000000000001549,26218,19660,0
15906,-6.599999999999952,-6.399999999999949,27272,19660,0
15907,-5.199999999999932,-8.399999999999977,38432,19660,0
15908,-5.2499999999999325,-3.749999999999911,38125,19660,0
15909,-6.199999999999946,3.5500000000001926,30671,19660,0
15910,-6.4499999999999496,1.0000000000001563,28620,19660,0
15911,-7.049999999999958,7.000000000000242,23940,19660,0
15912,-7.349999999999962,6.8500000000002395,21537,19660,0
15913,-5.549999999999937,8.150000000000258,35963,19660,0
15914,-6.399999999999949,2.1500000000001727,29043,19660,0
15915,-5.899999999999942,6.050000000000228,33121,19660,0
15916,-7.399999999999963,-8.59999999999998,20828,19660,0
15917,-6.649999999999952,-0.5499999999998657,26989,19660,0
15918,-6.349999999999948,0.20000000000014495,29404,19660,0
15919,-6.099999999999945,4.300000000000203,31486,19660,0
15920,-5.09999999999993,8.900000000000269,39578,19660,0
15921,-6.849999999999955,-5.699999999999939,25286,19660,0
15922,-5.04999999999993,-7.1499999999999595,39657,19660,0
15923,-5.999999999999943,6.100000000000229,32322,19660,0
15924,-5.649999999999938,-1.7999999999998835,34964,19660,0
15925,-5.9499999999999424,-1.349999999999877,32573,19660,0
15926,-5.349999999999934,9.550000000000278,37591,19660,0
15927,-5.5999999999999375,-2.549999999999894,35349,19660,0
15928,-5.9499999999999424,-6.49999999999995,32470,19660,0
15929,-5.74999999999994,9.350000000000275,34387,19660,0
15930,-6.249999999999947,-8.949999999999985,30021,19660,0
15931,-6.299999999999947,-3.099999999999902,29738,19660,0
15932,-7.349999999999962,-6.7999999999999545,21264,19660,0
15933,-5.2499999999999325,-9.199999999999989,38016,19660,0
15934,-6.849999999999955,6.650000000000237,25533,19660,0
15935,-7.349999999999962,-9.95,21201,19660,0
15936,-5.04999999999993,-7.099999999999959,39658,19660,0
15937,-6.299999999999947,-0.9999999999998721,29780,19660,0
15938,-5.199999999999932,2.100000000000172,38642,19660,0
15939,-7.19999999999996,-4.849999999999927,22503,19660,0
15940,-6.249999999999947,-3.8499999999999126,30123,19660,0
15941,-6.349999999999948,-4.099999999999916,29318,19660,0
15942,-5.349999999999934,-6.899999999999956,37262,19660,0
15943,-6.299999999999947,1.5500000000001641,29831,19660,0
15944,-5.449999999999935,-6.7999999999999545,36464,19660,0
15945,-6.249999999999947,8.95000000000027,30379,19660,0
15946,-6.099999999999945,4.550000000000207,31491,19660,0
15947,-6.199999999999946,4.0500000000002,30681,19660,0
15948,-5.199999999999932,9.350000000000275,38787,19660,0
15949,-5.899999999999942,1.6000000000001648,33032,19660,0
15950,-5.549999999999937,-8.849999999999984,35623,19660,0
15951,-7.249999999999961,3.2000000000001876,22264,19660,0
15952,-5.74999999999994,-3.1999999999999034,34136,19660,0
15953,-7.4999999999999645,-7.1499999999999595,20057,19660,0
15954,-7.19999999999996,-1.4499999999998785,22571,19660,0
15955,-6.099999999999945,5.400000000000219,31508,19660,0
15956,-5.149999999999931,3.450000000000191,39069,19660,0
15957,-6.699999999999953,-1.7999999999998835,26564,19660,0
15958,-7.1499999999999595,-9.29999999999999,22814,19660,0
15959,-5.449999999999935,6.300000000000232,36726,19660,0
15960,-7.4999999999999645,4.350000000000204,20287,19660,0
15961,-7.349999999999962,5.000000000000213,21500,19660,0
15962,-6.149999999999945,1.2000000000001592,31024,19660,0
15963,-5.899999999999942,7.350000000000247,33147,19660,0
15964,-7.249999999999961,0.15000000000014424,22203,19660,0
15965,-5.79999999999994,-8.449999999999978,33631,19660,0
15966,-6.349999999999948,-9.899999999999999,29202,19660,0
15967,-6.349999999999948,-4.8999999999999275,29302,19660,0
15968,-6.7999999999999545,1.2500000000001599,25825,19660,0
15969,-6.649999999999952,-7.799999999999969,26844,19660,0
15970,-6.649999999999952,0.20000000000014495,27004,19660,0
15971,-5.549999999999937,3.2500000000001883,35865,19660,0
15972,-5.299999999999933,7.000000000000242,37940,19660,0
15973,-5.74999999999994,5.8000000000002245,34316,19660,0
15974,-7.1499999999999595,-1.54999999999988,22969,19660,0
15975,-5.649999999999938,1.1000000000001577,35022,19660,0
15976,-7.299999999999962,0.15000000000014424,21803,19660,0
15977,-6.349999999999948,6.250000000000231,29525,19660,0
15978,-5.04999999999993,6.100000000000229,39922,19660,0
15979,-5.09999999999993,4.650000000000208,39493,19660,0
15980,-7.099999999999959,5.300000000000217,23506,19660,0
15981,-5.549999999999937,-0.29999999999986215,35794,19660,0
15982,-5.449999999999935,-8.849999999999984,36423,19660,0
15983,-5.549999999999937,6.8500000000002395,35937,19660,0
15984,-7.1499999999999595,5.950000000000227,23119,19660,0
15985,-5.2499999999999325,-8.699999999999982,38026,19660,0
15986,-6.7999999999999545,3.9500000000001982,25879,19660,0
15987,-5.449999999999935,-8.59999999999998,36428,19660,0
15988,-5.999999999999943,6.90000000000024,32338,19660,0
15989,-5.899999999999942,0.30000000000014637,33006,19660,0
15990,-6.749999999999954,-4.949999999999928,26101,19660,0
15991,-5.74999999999994,5.550000000000221,34311,19660,0
15992,-6.649999999999952,-3.3499999999999055,26933,19660,0
15993,-5.299999999999933,6.600000000000236,37932,19660,0
15994,-5.649999999999938,3.150000000000187,35063,19660,0
15995,-5.349999999999934,-3.6999999999999105,37326,19660,0
15996,-5.649999999999938,4.650000000000208,35093,19660,0
15997,-5.849999999999941,-6.49999999999995,33270,19660,0
15998,-7.1499999999999595,8.600000000000264,23172,19660,0
15999,-5.299999999999933,6.1500000000002295,37923,19660,0
16000,-5.699999999999939,3.7500000000001954,34675,19660,0
16001,-5.349999999999934,-6.299999999999947,37274,19660,0
16002,-5.04999999999993,-2.7999999999998977,39744,19660,0
16003,-6.349999999999948,-6.49999999999995,29270,19660,0
16004,-5.849999999999941,-6.949999999999957,33261,19660,0
16005,-6.899999999999956,-5.349999999999934,24893,19660,0
16006,-6.899999999999956,-6.749999999999954,24865,19660,0
16007,-6.949999999999957,6.300000000000232,24726,19660,0
16008,-5.9499999999999424,-9.449999999999992,32411,19660,0
16009,-5.09999999999993,2.5500000000001783,39451,19660,0
16010,-5.549999999999937,9.250000000000274,35985,19660,0
16011,-6.949999999999957,1.1000000000001577,24622,19660,0
16012,-6.599999999999952,8.200000000000259,27564,19660,0
16013,-6.999999999999957,-7.249999999999961,24055,19660,0
16014,-7.049999999999958,-8.249999999999975,23635,19660,0
16015,-6.999999999999957,-4.949999999999928,24101,19660,0
16016,-6.899999999999956,-9.749999999999996,24805,19660,0
16017,-6.199999999999946,-1.2999999999998764,30574,19660,0
16018,-6.999999999999957,-1.8499999999998842,24163,19660,0
16019,-5.849999999999941,2.0000000000001705,33440,19660,0
16020,-6.999999999999957,-3.949999999999914,24121,19660,0
16021,-7.099999999999959,8.700000000000266,23574,19660,0
16022,-6.999999999999957,1.3000000000001606,24226,19660,0
16023,-6.349999999999948,5.250000000000217,29505,19660,0
16024,-6.999999999999957,-5.349999999999934,24093,19660,0
16025,-6.899999999999956,0.4500000000001485,25009,19660,0
16026,-5.09999999999993,0.9000000000001549,39418,19660,0
16027,-5.449999999999935,2.250000000000174,36645,19660,0
16028,-6.999999999999957,8.800000000000267,24376,19660,0
16029,-6.949999999999957,3.450000000000191,24669,19660,0
16030,-6.849999999999955,-2.0999999999998877,25358,19660,0
16031,-5.499999999999936,-8.749999999999982,36025,19660,0
16032,-5.04999999999993,5.050000000000214,39901,19660,0
16033,-5.849999999999941,7.950000000000255,33559,19660,0
16034,-7.1499999999999595,-8.049999999999972,22839,19660,0
16035,-6.399999999999949,-8.049999999999972,28839,19660,0
16036,-5.349999999999934,9.05000000000027,37581,19660,0
16037,-5.2499999999999325,1.4210854715202004e-13,38200,19660,0
16038,-5.5999999999999375,-1.1499999999998742,35377,19660,0
16039,-6.7999999999999545,-7.699999999999967,25646,19660,0
16040,-5.199999999999932,7.850000000000254,38757,19660,0
16041,-6.849999999999955,1.4210854715202004e-13,25400,19660,0
16042,-6.699999999999953,-3.1499999999999027,26537,19660,0
16043,-6.749999999999954,2.5000000000001776,26250,19660,0
16044,-5.999999999999943,7.60000000000025,32352,19660,0
16045,-7.349999999999962,8.050000000000257,21561,19660,0
16046,-6.649999999999952,9.300000000000274,27186,19660,0
16047,-5.09999999999993,-2.9999999999999005,39340,19660,0
16048,-5.999999999999943,-7.549999999999965,32049,19660,0
16049,-7.249999999999961,-1.899999999999885,22162,19660,0
16050,-6.899999999999956,-7.399999999999963,24852,19660,0
16051,-6.599999999999952,-5.499999999999936,27290,19660,0
16052,-5.499999999999936,-3.399999999999906,36132,19660,0
16053,-7.399999999999963,-8.799999999999983,20824,19660,0
16054,-6.7999999999999545,-7.699999999999967,25646,19660,0
16055,-7.099999999999959,-6.4499999999999496,23271,19660,0
16056,-6.599999999999952,-6.049999999999944,27279,19660,0
16057,-7.299999999999962,3.450000000000191,21869,19660,0
16058,-7.449999999999964,5.700000000000223,20714,19660,0
16059,-6.749999999999954,4.500000000000206,26290,19660,0
16060,-7.1499999999999595,-1.7499999999998828,22965,19660,0
16061,-5.09999999999993,-7.89999999999997,39242,19660,0
16062,-6.7999999999999545,0.6000000000001506,25812,19660,0
16063,-7.1499999999999595,-9.649999999999995,22807,19660,0
16064,-6.7999999999999545,1.3000000000001606,25826,19660,0
16065,-6.099999999999945,2.600000000000179,31452,19660,0
16066,-5.549999999999937,-2.049999999999887,35759,19660,0
16067,-7.249999999999961,-9.599999999999994,22008,19660,0
16068,-7.399999999999963,-7.649999999999967,20847,19660,0
16069,-6.549999999999951,5.350000000000218,27907,19660,0
16070,-5.999999999999943,3.9000000000001975,32278,19660,0
16071,-6.549999999999951,0.4000000000001478,27808,19660,0
16072,-7.049999999999958,-1.3999999999998778,23772,19660,0
16073,-7.449999999999964,5.550000000000221,20711,19660,0
16074,-5.74999999999994,-6.899999999999956,34062,19660,0
16075,-5.699999999999939,-9.099999999999987,34418,19660,0
16076,-5.499999999999936,2.5500000000001783,36251,19660,0
16077,-6.299999999999947,2.3500000000001755,29847,19660,0
16078,-5.199999999999932,-2.9999999999999005,38540,19660,0
16079,-5.9499999999999424,-0.5499999999998657,32589,19660,0
16080,-5.499999999999936,7.350000000000247,36347,19660,0
16081,-6.599999999999952,7.800000000000253,27556,19660,0
16082,-6.749999999999954,3.3500000000001897,26267,19660,0
16083,-6.7999999999999545,2.600000000000179,25852,19660,0
16084,-5.849999999999941,8.750000000000266,33575,19660,0
16085,-5.2499999999999325,7.100000000000243,38342,19660,0
16086,-5.09999999999993,-9.749999999999996,39205,19660,0
16087,-5.549999999999937,-0.14999999999986002,35797,19660,0
16088,-6.49999999999995,9.00000000000027,28380,19660,0
16089,-6.199999999999946,8.400000000000261,30768,19660,0
16090,-5.699999999999939,6.600000000000236,34732,19660,0
16091,-5.2499999999999325,-8.999999999999986,38020,19660,0
16092,-7.249999999999961,-6.849999999999955,22063,19660,0
16093,-7.19999999999996,-8.999999999999986,22420,19660,0
16094,-7.099999999999959,6.800000000000239,23536,19660,0
16095,-6.699999999999953,-7.449999999999964,26451,19660,0
16096,-5.149999999999931,-6.49999999999995,38870,19660,0
16097,-6.999999999999957,-9.599999999999994,24008,19660,0
16098,-5.5999999999999375,-3.9999999999999147,35320,19660,0
16099,-7.049999999999958,9.350000000000275,23987,19660,0
16100,-6.949999999999957,-2.9999999999999005,24540,19660,0
16101,-6.549999999999951,6.400000000000233,27928,19660,0
16102,-6.949999999999957,-0.499999999999865,24590,19660,0
16103,-7.349999999999962,-8.749999999999982,21225,19660,0
16104,-7.049999999999958,5.50000000000022,23910,19660,0
16105,-5.449999999999935,9.250000000000274,36785,19660,0
16106,-7.4999999999999645,-6.099999999999945,20078,19660,0
16107,-6.7999999999999545,9.800000000000281,25996,19660,0
16108,-7.049999999999958,5.850000000000225,23917,19660,0
16109,-5.149999999999931,-7.349999999999962,38853,19660,0
16110,-6.4499999999999496,2.5500000000001783,28651,19660,0
16111,-7.19999999999996,-0.8999999999998707,22582,19660,0
16112,-7.1499999999999595,7.60000000000025,23152,19660,0
16113,-5.149999999999931,8.000000000000256,39160,19660,0
16114,-6.949999999999957,3.7500000000001954,24675,19660,0
16115,-6.7999999999999545,-5.199999999999932,25696,19660,0
16116,-7.1499999999999595,0.8500000000001542,23017,19660,0
16117,-7.4999999999999645,7.200000000000244,20344,19660,0
16118,-7.249999999999961,5.350000000000218,22307,19660,0
16119,-6.899999999999956,-8.149999999999974,24837,19660,0
16120,-6.749999999999954,-1.2499999999998757,26175,19660,0
16121,-6.999999999999957,1.5000000000001634,24230,19660,0
16122,-7.19999999999996,9.500000000000277,22790,19660,0
16123,-7.1499999999999595,9.350000000000275,23187,19660,0
16124,-5.299999999999933,1.0000000000001563,37820,19660,0
16125,-6.549999999999951,-1.2499999999998757,27775,19660,0
16126,-6.099999999999945,0.20000000000014495,31404,19660,0
16127,-5.2499999999999325,-0.19999999999986073,38196,19660,0
16128,-7.4999999999999645,-3.4999999999999076,20130,19660,0
16129,-7.249999999999961,-0.7499999999998685,22185,19660,0
16130,-7.299999999999962,4.400000000000205,21888,19660,0
16131,-5.149999999999931,-10.0,38800,19660,0
16132,-6.749999999999954,5.700000000000223,26314,19660,0
16133,-5.79999999999994,-6.149999999999945,33677,19660,0
16134,-5.999999999999943,-1.6499999999998813,32167,19660,0
16135,-5.999999999999943,0.9000000000001549,32218,19660,0
16136,-5.04999999999993,6.450000000000234,39929,19660,0
16137,-7.399999999999963,-5.199999999999932,20896,19660,0
16138,-5.04999999999993,-9.049999999999986,39619,19660,0
16139,-5.9499999999999424,-6.349999999999948,32473,19660,0
16140,-7.249999999999961,6.20000000000023,22324,19660,0
16141,-6.949999999999957,-5.399999999999935,24492,19660,0
16142,-6.249999999999947,5.900000000000226,30318,19660,0
16143,-5.2499999999999325,-3.099999999999902,38138,19660,0
16144,-5.2499999999999325,9.850000000000282,38397,19660,0
16145,-6.599999999999952,1.8500000000001684,27437,19660,0
16146,-7.349999999999962,-2.599999999999895,21348,19660,0
16147,-5.549999999999937,3.5500000000001926,35871,19660,0
16148,-6.849999999999955,6.000000000000227,25520,19660,0
16149,-7.049999999999958,9.00000000000027,23980,19660,0
16150,-6.899999999999956,-0.0499999999998586,24999,19660,0
16151,-7.249999999999961,-0.6499999999998671,22187,19660,0
16152,-5.299999999999933,-3.6499999999999098,37727,19660,0
16153,-5.549999999999937,-2.9999999999999005,35740,19660,0
16154,-6.299999999999947,-7.599999999999966,29648,19660,0
16155,-5.399999999999935,-6.299999999999947,36874,19660,0
16156,-6.949999999999957,1.9500000000001698,24639,19660,0
16157,-5.299999999999933,2.250000000000174,37845,19660,0
16158,-5.699999999999939,-0.6499999999998671,34587,19660,0
16159,-5.549999999999937,-8.499999999999979,35630,19660,0
16160,-5.149999999999931,-1.2999999999998764,38974,19660,0
16161,-5.299999999999933,-5.79999999999994,37684,19660,0
16162,-5.9499999999999424,-3.1999999999999034,32536,19660,0
16163,-7.449999999999964,4.650000000000208,20693,19660,0
16164,-5.699999999999939,-2.6499999999998956,34547,19660,0
16165,-5.649999999999938,-0.5999999999998664,34988,19660,0
16166,-7.1499999999999595,-2.1499999999998884,22957,19660,0
16167,-5.899999999999942,-6.249999999999947,32875,19660,0
16168,-6.849999999999955,-4.949999999999928,25301,19660,0
16169,-5.849999999999941,-7.399999999999963,33252,19660,0
16170,-5.999999999999943,6.20000000000023,32324,19660,0
16171,-5.09999999999993,4.9500000000002125,39499,19660,0
16172,-5.349999999999934,0.6000000000001506,37412,19660,0
16173,-6.749999999999954,-6.49999999999995,26070,19660,0
16174,-5.09999999999993,-6.149999999999945,39277,19660,0
16175,-5.9499999999999424,1.2500000000001599,32625,19660,0
16176,-5.999999999999943,4.9500000000002125,32299,19660,0
16177,-5.2499999999999325,-8.149999999999974,38037,19660,0
16178,-5.2499999999999325,-2.9999999999999005,38140,19660,0
16179,-5.649999999999938,7.650000000000251,35153,19660,0
16180,-5.449999999999935,0.4000000000001478,36608,19660,0
16181,-6.999999999999957,-4.649999999999924,24107,19660,0
16182,-6.49999999999995,1.8500000000001684,28237,19660,0
16183,-6.49999999999995,8.30000000000026,28366,19660,0
16184,-5.2499999999999325,3.9000000000001975,38278,19660,0
16185,-6.899999999999956,-1.1499999999998742,24977,19660,0
16186,-6.299999999999947,8.400000000000261,29968,19660,0
16187,-5.149999999999931,-1.7499999999998828,38965,19660,0
16188,-7.1499999999999595,6.800000000000239,23136,19660,0
16189,-5.2499999999999325,-0.9999999999998721,38180,19660,0
16190,-6.4499999999999496,1.2000000000001592,28624,19660,0
16191,-7.449999999999964,5.100000000000215,20702,19660,0
16192,-6.749999999999954,-5.74999999999994,26085,19660,0
16193,-5.04999999999993,-8.59999999999998,39628,19660,0
16194,-7.4999999999999645,2.6500000000001798,20253,19660,0
16195,-7.399999999999963,-7.549999999999965,20849,19660,0
16196,-5.899999999999942,0.6000000000001506,33012,19660,0
16197,-7.1499999999999595,9.75000000000028,23195,19660,0
16198,-6.4499999999999496,-4.649999999999924,28507,19660,0
16199,-5.399999999999935,-0.19999999999986073,36996,19660,0
16200,-6.099999999999945,-0.7499999999998685,31385,19660,0
16201,-5.499999999999936,-2.049999999999887,36159,19660,0
16202,-7.099999999999959,-8.999999999999986,23220,19660,0
16203,-6.349999999999948,6.350000000000232,29527,19660,0
16204,-6.149999999999945,-6.899999999999956,30862,19660,0
16205,-6.199999999999946,8.650000000000265,30773,19660,0
16206,-6.7999999999999545,1.3500000000001613,25827,19660,0
16207,-7.1499999999999595,6.550000000000235,23131,19660,0
16208,-5.74999999999994,-0.5499999999998657,34189,19660,0
16209,-6.299999999999947,0.4500000000001485,29809,19660,0
16210,-5.449999999999935,5.600000000000222,36712,19660,0
16211,-6.949999999999957,9.70000000000028,24794,19660,0
16212,-6.199999999999946,9.00000000000027,30780,19660,0
16213,-6.999999999999957,-8.64999999999998,24027,19660,0
16214,-7.399999999999963,-9.049999999999986,20819,19660,0
16215,-6.849999999999955,-3.449999999999907,25331,19660,0
16216,-6.7999999999999545,-5.499999999999936,25690,19660,0
16217,-6.849999999999955,-7.299999999999962,25254,19660,0
16218,-6.199999999999946,-9.499999999999993,30410,19660,0
16219,-5.499999999999936,-4.34999999999992,36113,19660,0
16220,-5.349999999999934,6.050000000000228,37521,19660,0
16221,-6.749999999999954,0.4500000000001485,26209,19660,0
16222,-5.349999999999934,4.550000000000207,37491,19660,0
16223,-5.149999999999931,7.400000000000247,39148,19660,0
16224,-7.349999999999962,7.7000000000002515,21554,19660,0
16225,-5.2499999999999325,8.30000000000026,38366,19660,0
16226,-5.399999999999935,-0.0499999999998586,36999,19660,0
16227,-6.49999999999995,-6.949999999999957,28061,19660,0
16228,-6.599999999999952,3.0500000000001855,27461,19660,0
16229,-5.699999999999939,5.700000000000223,34714,19660,0
16230,-5.199999999999932,-7.999999999999972,38440,19660,0
16231,-5.04999999999993,2.9000000000001833,39858,19660,0
16232,-6.699999999999953,2.950000000000184,26659,19660,0
16233,-6.749999999999954,6.5000000000002345,26330,19660,0
16234,-6.049999999999944,-7.099999999999959,31658,19660,0
16235,-5.349999999999934,-6.399999999999949,37272,19660,0
16236,-7.399999999999963,3.5500000000001926,21071,19660,0
16237,-6.249999999999947,-7.699999999999967,30046,19660,0
16238,-5.999999999999943,9.70000000000028,32394,19660,0
16239,-7.19999999999996,0.20000000000014495,22604,19660,0
16240,-5.09999999999993,5.850000000000225,39517,19660,0
16241,-5.349999999999934,7.7000000000002515,37554,19660,0
16242,-5.899999999999942,6.100000000000229,33122,19660,0
16243,-6.549999999999951,7.200000000000244,27944,19660,0
16244,-5.399999999999935,4.450000000000205,37089,19660,0
16245,-6.699999999999953,-5.649999999999938,26487,19660,0
16246,-6.199999999999946,-2.6499999999998956,30547,19660,0
16247,-5.04999999999993,-7.1499999999999595,39657,19660,0
16248,-6.099999999999945,1.5000000000001634,31430,19660,0
16249,-6.599999999999952,3.850000000000197,27477,19660,0
16250,-6.699999999999953,8.750000000000266,26775,19660,0
16251,-5.04999999999993,-8.049999999999972,39639,19660,0
16252,-5.199999999999932,9.150000000000272,38783,19660,0
16253,-6.949999999999957,-0.4499999999998643,24591,19660,0
16254,-6.4499999999999496,4.700000000000209,28694,19660,0
16255,-5.699999999999939,-3.799999999999912,34524,19660,0
16256,-5.09999999999993,-6.49999999999995,39270,19660,0
16257,-7.4999999999999645,6.700000000000237,20334,19660,0
16258,-6.049999999999944,0.30000000000014637,31806,19660,0
16259,-6.699999999999953,-0.7999999999998693,26584,19660,0
16260,-6.599999999999952,6.950000000000241,27539,19660,0
16261,-6.049999999999944,-9.849999999999998,31603,19660,0
16262,-7.049999999999958,3.4000000000001904,23868,19660,0
16263,-6.199999999999946,-9.849999999999998,30403,19660,0
16264,-5.899999999999942,3.800000000000196,33076,19660,0
16265,-6.399999999999949,-3.8999999999999133,28922,19660,0
16266,-5.04999999999993,7.550000000000249,39951,19660,0
16267,-7.1499999999999595,-2.549999999999894,22949,19660,0
16268,-5.999999999999943,9.550000000000278,32391,19660,0
16269,-5.449999999999935,8.500000000000263,36770,19660,0
16270,-5.849999999999941,5.600000000000222,33512,19660,0
16271,-5.549999999999937,0.10000000000014353,35802,19660,0
16272,-5.449999999999935,8.000000000000256,36760,19660,0
16273,-6.249999999999947,7.60000000000025,30352,19660,0
16274,-6.599999999999952,1.4500000000001627,27429,19660,0
16275,-5.999999999999943,-5.5999999999999375,32088,19660,0
16276,-7.049999999999958,9.250000000000274,23985,19660,0
16277,-5.74999999999994,-7.649999999999967,34047,19660,0
16278,-5.5999999999999375,-6.699999999999953,35266,19660,0
16279,-5.899999999999942,6.300000000000232,33126,19660,0
16280,-5.899999999999942,3.7000000000001947,33074,19660,0
16281,-5.04999999999993,-6.849999999999955,39663,19660,0
16282,-7.4999999999999645,-2.4499999999998927,20151,19660,0
16283,-5.199999999999932,4.200000000000202,38684,19660,0
16284,-5.5999999999999375,4.400000000000205,35488,19660,0
16285,-6.099999999999945,9.150000000000272,31583,19660,0
16286,-6.649999999999952,-9.049999999999986,26819,19660,0
16287,-6.4499999999999496,-4.499999999999922,28510,19660,0
16288,-5.699999999999939,2.2000000000001734,34644,19660,0
16289,-6.999999999999957,6.450000000000234,24329,19660,0
16290,-7.1499999999999595,-2.1499999999998884,22957,19660,0
16291,-7.049999999999958,3.4000000000001904,23868,19660,0
16292,-5.849999999999941,2.750000000000181,33455,19660,0
16293,-6.299999999999947,2.5000000000001776,29850,19660,0
16294,-6.4499999999999496,2.3500000000001755,28647,19660,0
16295,-7.099999999999959,0.5000000000001492,23410,19660,0
16296,-6.849999999999955,-2.1499999999998884,25357,19660,0
16297,-6.299999999999947,-3.3499999999999055,29733,19660,0
16298,-7.249999999999961,-7.449999999999964,22051,19660,0
16299,-6.649999999999952,-7.599999999999966,26848,19660,0
16300,-5.199999999999932,2.5000000000001776,38650,19660,0
16301,-5.549999999999937,0.10000000000014353,35802,19660,0
16302,-5.399999999999935,-7.599999999999966,36848,19660,0
16303,-5.649999999999938,-3.6999999999999105,34926,19660,0
16304,-5.74999999999994,4.6000000000002075,34292,19660,0
16305,-5.399999999999935,2.800000000000182,37056,19660,0
16306,-6.899999999999956,-2.199999999999889,24956,19660,0
16307,-5.499999999999936,1.900000000000169,36238,19660,0
16308,-5.349999999999934,0.20000000000014495,37404,19660,0
16309,-5.04999999999993,5.850000000000225,39917,19660,0
16310,-6.749999999999954,-7.949999999999971,26041,19660,0
16311,-7.1499999999999595,-5.199999999999932,22896,19660,0
16312,-6.149999999999945,-6.7999999999999545,30864,19660,0
16313,-6.849999999999955,0.6000000000001506,25412,19660,0
16314,-6.849999999999955,9.950000000000284,25599,19660,0
16315,-7.349999999999962,-8.099999999999973,21238,19660,0
16316,-5.199999999999932,3.5500000000001926,38671,19660,0
16317,-5.04999999999993,-5.699999999999939,39686,19660,0
16318,-5.699999999999939,0.3500000000001471,34607,19660,0
16319,-7.049999999999958,9.350000000000275,23987,19660,0
16320,-7.099999999999959,-6.549999999999951,23269,19660,0
16321,-5.649999999999938,7.750000000000252,35155,19660,0
16322,-5.149999999999931,7.250000000000245,39145,19660,0
16323,-5.2499999999999325,-1.9499999999998856,38161,19660,0
16324,-6.849999999999955,-4.199999999999918,25316,19660,0
16325,-6.099999999999945,5.8000000000002245,31516,19660,0
16326,-6.649999999999952,6.000000000000227,27120,19660,0
16327,-5.699999999999939,-9.599999999999994,34408,19660,0
16328,-6.49999999999995,1.400000000000162,28228,19660,0
16329,-6.699999999999953,4.400000000000205,26688,19660,0
16330,-6.249999999999947,-9.149999999999988,30017,19660,0
16331,-6.7999999999999545,0.25000000000014566,25805,19660,0
16332,-6.349999999999948,3.650000000000194,29473,19660,0
16333,-6.949999999999957,-8.749999999999982,24425,19660,0
16334,-5.649999999999938,3.9000000000001975,35078,19660,0
16335,-5.649999999999938,-7.749999999999968,34845,19660,0
16336,-5.699999999999939,0.05000000000014282,34601,19660,0
16337,-7.099999999999959,-6.949999999999957,23261,19660,0
16338,-5.499999999999936,-8.849999999999984,36023,19660,0
16339,-5.349999999999934,-5.2499999999999325,37295,19660,0
16340,-6.649999999999952,-0.7499999999998685,26985,19660,0
16341,-6.099999999999945,-5.649999999999938,31287,19660,0
16342,-5.9499999999999424,9.200000000000273,32784,19660,0
16343,-6.599999999999952,4.1000000000002,27482,19660,0
16344,-7.19999999999996,1.1500000000001585,22623,19660,0
16345,-5.449999999999935,2.250000000000174,36645,19660,0
16346,-6.549999999999951,2.1500000000001727,27843,19660,0
16347,-5.5999999999999375,-3.249999999999904,35335,19660,0
16348,-6.599999999999952,3.800000000000196,27476,19660,0
16349,-5.5999999999999375,1.4500000000001627,35429,19660,0
16350,-5.04999999999993,0.7500000000001528,39815,19660,0
16351,-7.299999999999962,-3.6499999999999098,21727,19660,0
16352,-6.49999999999995,-0.19999999999986073,28196,19660,0
16353,-6.599999999999952,3.0500000000001855,27461,19660,0
16354,-6.7999999999999545,-4.8999999999999275,25702,19660,0
16355,-6.949999999999957,-9.499999999999993,24410,19660,0
16356,-7.19999999999996,2.0500000000001712,22641,19660,0
16357,-6.999999999999957,4.850000000000211,24297,19660,0
16358,-7.049999999999958,-8.399999999999977,23632,19660,0
16359,-6.7999999999999545,-3.8999999999999133,25722,19660,0
16360,-6.999999999999957,-8.799999999999983,24024,19660,0
16361,-6.49999999999995,9.300000000000274,28386,19660,0
16362,-5.299999999999933,5.400000000000219,37908,19660,0
16363,-5.2499999999999325,-2.049999999999887,38159,19660,0
16364,-6.199999999999946,4.300000000000203,30686,19660,0
16365,-6.849999999999955,3.0500000000001855,25461,19660,0
16366,-5.849999999999941,-1.8499999999998842,33363,19660,0
16367,-6.849999999999955,7.60000000000025,25552,19660,0
16368,-6.599999999999952,4.900000000000212,27498,19660,0
16369,-6.049999999999944,-9.449999999999992,31611,19660,0
16370,-5.899999999999942,1.050000000000157,33021,19660,0
16371,-6.149999999999945,9.350000000000275,31187,19660,0
16372,-6.7999999999999545,6.600000000000236,25932,19660,0
16373,-7.4999999999999645,3.2500000000001883,20265,19660,0
16374,-5.299999999999933,0.6500000000001513,37813,19660,0
16375,-6.049999999999944,-9.29999999999999,31614,19660,0
16376,-6.749999999999954,3.850000000000197,26277,19660,0
16377,-7.249999999999961,1.2000000000001592,22224,19660,0
16378,-6.899999999999956,7.650000000000251,25153,19660,0
16379,-5.349999999999934,-2.7999999999998977,37344,19660,0
16380,-7.099999999999959,-0.84999999999987,23383,19660,0
16381,-5.79999999999994,3.0000000000001847,33860,19660,0
16382,-5.549999999999937,9.850000000000282,35997,19660,0
16383,-7.249999999999961,7.900000000000254,22358,19660,0
16384,-6.49999999999995,9.800000000000281,28396,19660,0
16385,-5.09999999999993,-8.149999999999974,39237,19660,0
16386,-5.649999999999938,5.550000000000221,35111,19660,0
16387,-6.099999999999945,6.8500000000002395,31537,19660,0
16388,-7.349999999999962,-1.5999999999998806,21368,19660,0
16389,-6.049999999999944,-5.04999999999993,31699,19660,0
16390,-7.249999999999961,-10.0,22000,19660,0
16391,-5.149999999999931,-8.999999999999986,38820,19660,0
16392,-7.049999999999958,-3.8999999999999133,23722,19660,0
16393,-5.899999999999942,4.700000000000209,33094,19660,0
16394,-6.549999999999951,-0.499999999999865,27790,19660,0
16395,-5.449999999999935,-0.84999999999987,36583,19660,0
16396,-6.699999999999953,0.30000000000014637,26606,19660,0
16397,-5.999999999999943,-2.399999999999892,32152,19660,0
16398,-5.399999999999935,-3.1999999999999034,36936,19660,0
16399,-6.949999999999957,-2.4999999999998934,24550,19660,0
16400,-7.349999999999962,5.700000000000223,21514,19660,0
16401,-5.199999999999932,3.300000000000189,38666,19660,0
16402,-5.149999999999931,1.2000000000001592,39024,19660,0
16403,-5.699999999999939,-4.749999999999925,34505,19660,0
16404,-6.849999999999955,-8.249999999999975,25235,19660,0
16405,-6.199999999999946,-7.299999999999962,30454,19660,0
16406,-7.399999999999963,-9.29999999999999,20814,19660,0
16407,-5.199999999999932,-1.899999999999885,38562,19660,0
16408,-6.699999999999953,-6.699999999999953,26466,19660,0
16409,-6.199999999999946,-5.149999999999931,30497,19660,0
16410,-7.1499999999999595,3.4000000000001904,23068,19660,0
16411,-5.09999999999993,7.000000000000242,39540,19660,0
16412,-7.249999999999961,1.9500000000001698,22239,19660,0
16413,-5.149999999999931,0.25000000000014566,39005,19660,0
16414,-7.399999999999963,7.7000000000002515,21154,19660,0
16415,-5.899999999999942,-5.79999999999994,32884,19660,0
16416,-5.04999999999993,7.900000000000254,39958,19660,0
16417,-5.9499999999999424,2.250000000000174,32645,19660,0
16418,-7.299999999999962,2.6500000000001798,21853,19660,0
16419,-5.549999999999937,8.000000000000256,35960,19660,0
16420,-5.549999999999937,-5.399999999999935,35692,19660,0
16421,-5.9499999999999424,-6.349999999999948,32473,19660,0
16422,-5.399999999999935,-5.5999999999999375,36888,19660,0
16423,-6.699999999999953,-5.849999999999941,26483,19660,0
16424,-5.5999999999999375,-5.549999999999937,35289,19660,0
16425,-6.949999999999957,-8.349999999999977,24433,19660,0
16426,-7.1499999999999595,4.650000000000208,23093,19660,0
16427,-5.09999999999993,8.150000000000258,39563,19660,0
16428,-5.999999999999943,-8.799999999999983,32024,19660,0
16429,-5.09999999999993,5.050000000000214,39501,19660,0
16430,-5.2499999999999325,8.95000000000027,38379,19660,0
16431,-6.849999999999955,-4.249999999999918,25315,19660,0
16432,-6.999999999999957,-9.749999999999996,24005,19660,0
16433,-5.299999999999933,-4.499999999999922,37710,19660,0
16434,-6.549999999999951,4.150000000000201,27883,19660,0
16435,-5.9499999999999424,-1.899999999999885,32562,19660,0
16436,-6.149999999999945,2.300000000000175,31046,19660,0
16437,-5.349999999999934,-5.899999999999942,37282,19660,0
16438,-6.299999999999947,7.750000000000252,29955,19660,0
16439,-6.149999999999945,5.950000000000227,31119,19660,0
16440,-7.4999999999999645,6.5000000000002345,20330,19660,0
16441,-6.649999999999952,8.400000000000261,27168,19660,0
16442,-5.699999999999939,0.5500000000001499,34611,19660,0
16443,-6.849999999999955,7.7000000000002515,25554,19660,0
16444,-6.849999999999955,0.05000000000014282,25401,19660,0
16445,-5.349999999999934,7.60000000000025,37552,19660,0
16446,-6.949999999999957,-3.6499999999999098,24527,19660,0
16447,-7.1499999999999595,-2.24999999999989,22955,19660,0
16448,-7.19999999999996,2.0500000000001712,22641,19660,0
16449,-5.849999999999941,-0.7499999999998685,33385,19660,0
16450,-6.899999999999956,-8.59999999999998,24828,19660,0
16451,-7.349999999999962,-6.299999999999947,21274,19660,0
16452,-5.849999999999941,-2.4499999999998927,33351,19660,0
16453,-5.299999999999933,6.250000000000231,37925,19660,0
16454,-6.699999999999953,-4.5499999999999226,26509,19660,0
16455,-6.4499999999999496,-6.7999999999999545,28464,19660,0
16456,-7.099999999999959,-6.599999999999952,23268,19660,0
16457,-7.399999999999963,-9.29999999999999,20814,19660,0
16458,-5.2499999999999325,5.50000000000022,38310,19660,0
16459,-5.349999999999934,3.450000000000191,37469,19660,0
16460,-6.999999999999957,9.800000000000281,24396,19660,0
16461,-6.49999999999995,-8.399999999999977,28032,19660,0
16462,-5.299999999999933,7.900000000000254,37958,19660,0
16463,-5.849999999999941,9.00000000000027,33580,19660,0
16464,-5.499999999999936,-7.699999999999967,36046,19660,0
16465,-7.1499999999999595,-3.799999999999912,22924,19660,0
16466,-7.249999999999961,8.750000000000266,22375,19660,0
16467,-6.149999999999945,-6.699999999999953,30866,19660,0
16468,-6.999999999999957,-9.799999999999997,24004,19660,0
16469,-7.449999999999964,-0.5499999999998657,20589,19660,0
16470,-6.7999999999999545,-5.399999999999935,25692,19660,0
16471,-5.74999999999994,-3.6999999999999105,34126,19660,0
16472,-6.299999999999947,-2.6999999999998963,29746,19660,0
16473,-5.699999999999939,2.400000000000176,34648,19660,0
16474,-6.49999999999995,-9.95,28001,19660,0
16475,-6.299999999999947,-1.6499999999998813,29767,19660,0
16476,-6.299999999999947,-3.3499999999999055,29733,19660,0
16477,-6.699999999999953,0.6500000000001513,26613,19660,0
16478,-6.7999999999999545,-7.1499999999999595,25657,19660,0
16479,-6.249999999999947,7.650000000000251,30353,19660,0
16480,-5.999999999999943,-3.099999999999902,32138,19660,0
16481,-6.249999999999947,-0.9499999999998714,30181,19660,0
16482,-5.699999999999939,-0.19999999999986073,34596,19660,0
16483,-7.1499999999999595,0.9000000000001549,23018,19660,0
16484,-5.199999999999932,-0.3999999999998636,38592,19660,0
16485,-5.399999999999935,0.10000000000014353,37002,19660,0
16486,-5.5999999999999375,-5.349999999999934,35293,19660,0
16487,-7.19999999999996,5.150000000000215,22703,19660,0
16488,-5.449999999999935,8.700000000000266,36774,19660,0
16489,-6.599999999999952,-0.19999999999986073,27396,19660,0
16490,-6.049999999999944,2.5000000000001776,31850,19660,0
16491,-5.349999999999934,-5.849999999999941,37283,19660,0
16492,-7.049999999999958,-0.34999999999986287,23793,19660,0
16493,-6.899999999999956,-9.149999999999988,24817,19660,0
16494,-5.999999999999943,-1.899999999999885,32162,19660,0
16495,-5.899999999999942,-7.549999999999965,32849,19660,0
16496,-6.549999999999951,-9.749999999999996,27605,19660,0
16497,-6.49999999999995,-2.2999999999998906,28154,19660,0
16498,-5.74999999999994,-7.799999999999969,34044,19660,0
16499,-5.199999999999932,7.000000000000242,38740,19660,0
16500,-5.74999999999994,-0.7999999999998693,34184,19660,0
16501,-6.399999999999949,-0.6499999999998671,28987,19660,0
16502,-6.099999999999945,9.450000000000276,31589,19660,0
16503,-5.149999999999931,-3.4999999999999076,38930,19660,0
16504,-7.449999999999964,0.15000000000014424,20603,19660,0
16505,-5.899999999999942,-8.049999999999972,32839,19660,0
16506,-5.399999999999935,3.5500000000001926,37071,19660,0
16507,-7.4999999999999645,4.450000000000205,20289,19660,0
16508,-6.549999999999951,-2.4999999999998934,27750,19660,0
16509,-5.149999999999931,-3.1499999999999027,38937,19660,0
16510,-5.899999999999942,-6.899999999999956,32862,19660,0
16511,-6.249999999999947,-3.749999999999911,30125,19660,0
16512,-6.899999999999956,9.500000000000277,25190,19660,0
16513,-7.049999999999958,-4.949999999999928,23701,19660,0
16514,-5.499999999999936,-8.399999999999977,36032,19660,0
16515,-6.049999999999944,1.8500000000001684,31837,19660,0
16516,-6.49999999999995,6.950000000000241,28339,19660,0
16517,-5.649999999999938,-0.09999999999985931,34998,19660,0
16518,-5.849999999999941,-9.749999999999996,33205,19660,0
16519,-5.999999999999943,-4.499999999999922,32110,19660,0
16520,-5.649999999999938,6.450000000000234,35129,19660,0
16521,-5.449999999999935,9.00000000000027,36780,19660,0
16522,-5.499999999999936,5.850000000000225,36317,19660,0
16523,-6.399999999999949,7.200000000000244,29144,19660,0
16524,-6.199999999999946,-8.399999999999977,30432,19660,0
16525,-5.549999999999937,-3.449999999999907,35731,19660,0
16526,-5.549999999999937,-4.5499999999999226,35709,19660,0
16527,-5.04999999999993,9.250000000000274,39985,19660,0
16528,-5.299999999999933,4.9500000000002125,37899,19660,0
16529,-6.849999999999955,-5.74999999999994,25285,19660,0
16530,-6.399999999999949,0.15000000000014424,29003,19660,0
16531,-7.449999999999964,-1.699999999999882,20566,19660,0
16532,-5.9499999999999424,-5.449999999999935,32491,19660,0
16533,-6.4499999999999496,-1.0499999999998728,28579,19660,0
16534,-6.999999999999957,6.550000000000235,24331,19660,0
16535,-6.199999999999946,-1.199999999999875,30576,19660,0
16536,-6.149999999999945,-1.6499999999998813,30967,19660,0
16537,-7.249999999999961,-6.699999999999953,22066,19660,0
16538,-5.849999999999941,-9.34999999999999,33213,19660,0
16539,-5.299999999999933,6.250000000000231,37925,19660,0
16540,-7.399999999999963,-7.349999999999962,20853,19660,0
16541,-5.199999999999932,-3.949999999999914,38521,19660,0
16542,-6.4499999999999496,-3.249999999999904,28535,19660,0
16543,-5.849999999999941,-6.949999999999957,33261,19660,0
16544,-7.399999999999963,-2.1499999999998884,20957,19660,0
16545,-5.2499999999999325,-3.3499999999999055,38133,19660,0
16546,-5.549999999999937,-6.399999999999949,35672,19660,0
16547,-7.249999999999961,8.95000000000027,22379,19660,0
16548,-6.299999999999947,0.9000000000001549,29818,19660,0
16549,-6.699999999999953,0.4000000000001478,26608,19660,0
16550,-7.4999999999999645,4.400000000000205,20288,19660,0
16551,-5.79999999999994,-3.249999999999904,33735,19660,0
16552,-5.09999999999993,-9.799999999999997,39204,19660,0
16553,-7.049999999999958,-6.4499999999999496,23671,19660,0
16554,-6.399999999999949,2.5000000000001776,29050,19660,0
16555,-6.699999999999953,-8.199999999999974,26436,19660,0
16556,-6.349999999999948,5.700000000000223,29514,19660,0
16557,-6.999999999999957,-6.849999999999955,24063,19660,0
16558,-6.999999999999957,-4.0499999999999154,24119,19660,0
16559,-5.199999999999932,-0.09999999999985931,38598,19660,0
16560,-5.549999999999937,-1.4499999999998785,35771,19660,0
16561,-6.099999999999945,-0.29999999999986215,31394,19660,0
16562,-7.249999999999961,-3.949999999999914,22121,19660,0
16563,-7.19999999999996,-9.849999999999998,22403,19660,0
16564,-5.349999999999934,-4.8999999999999275,37302,19660,0
16565,-6.149999999999945,-7.049999999999958,30859,19660,0
16566,-5.79999999999994,2.6500000000001798,33853,19660,0
16567,-5.149999999999931,-2.549999999999894,38949,19660,0
16568,-5.499999999999936,-4.849999999999927,36103,19660,0
16569,-5.899999999999942,5.250000000000217,33105,19660,0
16570,-5.149999999999931,-6.149999999999945,38877,19660,0
16571,-6.349999999999948,9.200000000000273,29584,19660,0
16572,-5.549999999999937,-4.34999999999992,35713,19660,0
16573,-5.849999999999941,-7.249999999999961,33255,19660,0
16574,-7.099999999999959,-2.199999999999889,23356,19660,0
16575,-7.1499999999999595,2.7000000000001805,23054,19660,0
16576,-7.1499999999999595,-3.3499999999999055,22933,19660,0
16577,-5.79999999999994,-5.79999999999994,33684,19660,0
16578,-5.449999999999935,3.6000000000001933,36672,19660,0
16579,-7.1499999999999595,4.550000000000207,23091,19660,0
16580,-6.749999999999954,-3.799999999999912,26124,19660,0
16581,-6.699999999999953,-0.499999999999865,26590,19660,0
16582,-6.649999999999952,3.7000000000001947,27074,19660,0
16583,-6.099999999999945,-2.549999999999894,31349,19660,0
16584,-7.4999999999999645,5.50000000000022,20310,19660,0
16585,-6.7999999999999545,2.250000000000174,25845,19660,0
16586,-7.449999999999964,2.7000000000001805,20654,19660,0
16587,-6.099999999999945,1.7000000000001663,31434,19660,0
16588,-6.199999999999946,-4.149999999999917,30517,19660,0
16589,-5.5999999999999375,-4.799999999999926,35304,19660,0
16590,-5.849999999999941,-7.699999999999967,33246,19660,0
16591,-6.049999999999944,5.8000000000002245,31916,19660,0
16592,-5.09999999999993,2.400000000000176,39448,19660,0
16593,-5.399999999999935,3.7500000000001954,37075,19660,0
16594,-6.299999999999947,-9.24999999999999,29615,19660,0
16595,-7.19999999999996,8.200000000000259,22764,19660,0
16596,-7.349999999999962,-1.2499999999998757,21375,19660,0
16597,-5.09999999999993,-6.899999999999956,39262,19660,0
16598,-5.399999999999935,-7.649999999999967,36847,19660,0
16599,-5.2499999999999325,3.9000000000001975,38278,19660,0
16600,-7.049999999999958,-8.449999999999978,23631,19660,0
16601,-5.299999999999933,-2.749999999999897,37745,19660,0
16602,-6.999999999999957,-3.599999999999909,24128,19660,0
16603,-6.4499999999999496,7.650000000000251,28753,19660,0
16604,-5.9499999999999424,1.4210854715202004e-13,32600,19660,0
16605,-5.79999999999994,5.900000000000226,33918,19660,0
16606,-6.849999999999955,4.2500000000002025,25485,19660,0
16607,-6.349999999999948,-4.499999999999922,29310,19660,0
16608,-5.9499999999999424,-2.2999999999998906,32554,19660,0
16609,-5.79999999999994,1.5000000000001634,33830,19660,0
16610,-7.099999999999959,-6.249999999999947,23275,19660,0
16611,-7.349999999999962,-0.6999999999998678,21386,19660,0
16612,-7.349999999999962,-2.0999999999998877,21358,19660,0
16613,-7.1499999999999595,3.650000000000194,23073,19660,0
16614,-5.499999999999936,-7.049999999999958,36059,19660,0
16615,-5.74999999999994,-7.999999999999972,34040,19660,0
16616,-7.249999999999961,6.100000000000229,22322,19660,0
16617,-6.399999999999949,6.5000000000002345,29130,19660,0
16618,-6.549999999999951,-0.84999999999987,27783,19660,0
16619,-5.299999999999933,1.1500000000001585,37823,19660,0
16620,-5.09999999999993,2.8500000000001826,39457,19660,0
16621,-7.19999999999996,4.6000000000002075,22692,19660,0
16622,-7.249999999999961,7.950000000000255,22359,19660,0
16623,-6.749999999999954,2.8500000000001826,26257,19660,0
16624,-6.149999999999945,1.6000000000001648,31032,19660,0
16625,-6.199999999999946,-6.949999999999957,30461,19660,0
16626,-6.099999999999945,-3.449999999999907,31331,19660,0
16627,-6.999999999999957,-7.8499999999999694,24043,19660,0
16628,-5.149999999999931,4.9500000000002125,39099,19660,0
16629,-6.549999999999951,6.700000000000237,27934,19660,0
16630,-7.299999999999962,-2.4999999999998934,21750,19660,0
16631,-7.099999999999959,2.950000000000184,23459,19660,0
16632,-6.899999999999956,5.750000000000224,25115,19660,0
16633,-6.849999999999955,1.3000000000001606,25426,19660,0
16634,-5.149999999999931,3.650000000000194,39073,19660,0
16635,-7.1499999999999595,-7.949999999999971,22841,19660,0
16636,-5.699999999999939,1.3500000000001613,34627,19660,0
16637,-6.099999999999945,-7.099999999999959,31258,19660,0
16638,-6.049999999999944,-9.599999999999994,31608,19660,0
16639,-5.849999999999941,-3.4999999999999076,33330,19660,0
16640,-5.299999999999933,-4.999999999999929,37700,19660,0
16641,-6.649999999999952,8.650000000000265,27173,19660,0
16642,-6.099999999999945,-4.749999999999925,31305,19660,0
16643,-5.449999999999935,-4.799999999999926,36504,19660,0
16644,-7.19999999999996,5.950000000000227,22719,19660,0
16645,-6.7999999999999545,8.450000000000262,25969,19660,0
16646,-5.699999999999939,5.45000000000022,34709,19660,0
16647,-5.399999999999935,-5.999999999999943,36880,19660,0
16648,-5.149999999999931,-6.999999999999957,38860,19660,0
16649,-6.699999999999953,-0.5999999999998664,26588,19660,0
16650,-5.199999999999932,8.600000000000264,38772,19660,0
16651,-7.449999999999964,1.3500000000001613,20627,19660,0
16652,-6.299999999999947,-5.499999999999936,29690,19660,0
16653,-5.649999999999938,-9.149999999999988,34817,19660,0
16654,-5.499999999999936,6.400000000000233,36328,19660,0
16655,-6.399999999999949,6.750000000000238,29135,19660,0
16656,-6.149999999999945,4.300000000000203,31086,19660,0
16657,-6.49999999999995,-3.9999999999999147,28120,19660,0
16658,-5.699999999999939,-7.799999999999969,34444,19660,0
16659,-7.249999999999961,3.850000000000197,22277,19660,0
16660,-6.049999999999944,-8.949999999999985,31621,19660,0
16661,-5.849999999999941,3.0500000000001855,33461,19660,0
16662,-6.999999999999957,-3.9999999999999147,24120,19660,0
16663,-5.449999999999935,-7.4999999999999645,36450,19660,0
16664,-6.399999999999949,-1.6499999999998813,28967,19660,0
16665,-7.049999999999958,-8.64999999999998,23627,19660,0
16666,-5.449999999999935,3.0000000000001847,36660,19660,0
16667,-5.299999999999933,2.300000000000175,37846,19660,0
16668,-6.199999999999946,4.0500000000002,30681,19660,0
16669,-7.049999999999958,-8.399999999999977,23632,19660,0
16670,-6.649999999999952,-1.9999999999998863,26960,19660,0
16671,-7.4999999999999645,7.450000000000248,20349,19660,0
16672,-6.549999999999951,9.00000000000027,27980,19660,0
16673,-5.699999999999939,-9.749999999999996,34405,19660,0
16674,-7.249999999999961,0.5000000000001492,22210,19660,0
16675,-7.1499999999999595,-8.099999999999973,22838,19660,0
16676,-7.349999999999962,8.30000000000026,21566,19660,0
16677,-6.099999999999945,-0.0499999999998586,31399,19660,0
16678,-6.849999999999955,0.5500000000001499,25411,19660,0
16679,-6.7999999999999545,3.800000000000196,25876,19660,0
16680,-5.399999999999935,6.250000000000231,37125,19660,0
16681,-6.999999999999957,4.000000000000199,24280,19660,0
16682,-7.049999999999958,0.30000000000014637,23806,19660,0
16683,-6.349999999999948,5.250000000000217,29505,19660,0
16684,-5.649999999999938,-4.099999999999916,34918,19660,0
16685,-5.09999999999993,3.9000000000001975,39478,19660,0
16686,-5.9499999999999424,2.100000000000172,32642,19660,0
16687,-6.199999999999946,-7.89999999999997,30442,19660,0
16688,-6.849999999999955,3.800000000000196,25476,19660,0
16689,-5.79999999999994,-1.9499999999998856,33761,19660,0
16690,-7.4999999999999645,1.2500000000001599,20225,19660,0
16691,-5.699999999999939,-6.549999999999951,34469,19660,0
16692,-6.49999999999995,7.100000000000243,28342,19660,0
16693,-5.79999999999994,-3.8499999999999126,33723,19660,0
16694,-6.099999999999945,8.700000000000266,31574,19660,0
16695,-6.349999999999948,-1.4499999999998785,29371,19660,0
16696,-6.49999999999995,4.300000000000203,28286,19660,0
16697,-7.399999999999963,5.45000000000022,21109,19660,0
16698,-5.449999999999935,-9.849999999999998,36403,19660,0
16699,-7.1499999999999595,-0.5499999999998657,22989,19660,0
16700,-5.849999999999941,3.800000000000196,33476,19660,0
16701,-6.649999999999952,7.7000000000002515,27154,19660,0
16702,-7.349999999999962,-6.099999999999945,21278,19660,0
16703,-5.9499999999999424,3.0500000000001855,32661,19660,0
16704,-5.349999999999934,0.20000000000014495,37404,19660,0
16705,-5.399999999999935,3.3500000000001897,37067,19660,0
16706,-5.5999999999999375,-7.699999999999967,35246,19660,0
16707,-5.5999999999999375,5.300000000000217,35506,19660,0
16708,-7.449999999999964,-9.599999999999994,20408,19660,0
16709,-6.999999999999957,5.200000000000216,24304,19660,0
16710,-6.199999999999946,6.650000000000237,30733,19660,0
16711,-6.299999999999947,-5.79999999999994,29684,19660,0
16712,-5.299999999999933,9.600000000000279,37992,19660,0
16713,-6.249999999999947,-8.59999999999998,30028,19660,0
16714,-6.849999999999955,6.550000000000235,25531,19660,0
16715,-7.19999999999996,9.500000000000277,22790,19660,0
16716,-5.999999999999943,8.500000000000263,32370,19660,0
16717,-6.649999999999952,-6.349999999999948,26873,19660,0
16718,-6.7999999999999545,-7.449999999999964,25651,19660,0
16719,-6.149999999999945,0.7000000000001521,31014,19660,0
16720,-7.4999999999999645,-5.999999999999943,20080,19660,0
16721,-6.099999999999945,9.400000000000276,31588,19660,0
16722,-5.79999999999994,3.650000000000194,33873,19660,0
16723,-7.299999999999962,9.150000000000272,21983,19660,0
16724,-7.099999999999959,-6.099999999999945,23278,19660,0
16725,-6.399999999999949,5.550000000000221,29111,19660,0
16726,-5.449999999999935,-9.899999999999999,36402,19660,0
16727,-6.4499999999999496,-3.6999999999999105,28526,19660,0
16728,-7.4999999999999645,4.200000000000202,20284,19660,0
16729,-5.499999999999936,4.75000000000021,36295,19660,0
16730,-6.999999999999957,7.200000000000244,24344,19660,0
16731,-6.399999999999949,-10.0,28800,19660,0
16732,-5.299999999999933,4.300000000000203,37886,19660,0
16733,-5.649999999999938,5.850000000000225,35117,19660,0
16734,-6.299999999999947,-4.649999999999924,29707,19660,0
16735,-7.249999999999961,2.950000000000184,22259,19660,0
16736,-5.999999999999943,-0.3999999999998636,32192,19660,0
16737,-5.549999999999937,-3.5499999999999083,35729,19660,0
16738,-5.5999999999999375,8.050000000000257,35561,19660,0
16739,-6.999999999999957,-1.2499999999998757,24175,19660,0
16740,-6.4499999999999496,-4.0499999999999154,28519,19660,0
16741,-6.749999999999954,-3.799999999999912,26124,19660,0
16742,-6.7999999999999545,4.350000000000204,25887,19660,0
16743,-7.249999999999961,-6.649999999999952,22067,19660,0
16744,-5.899999999999942,5.300000000000217,33106,19660,0
16745,-5.449999999999935,-5.199999999999932,36496,19660,0
16746,-5.999999999999943,6.350000000000232,32327,19660,0
16747,-6.549999999999951,4.400000000000205,27888,19660,0
16748,-6.149999999999945,6.350000000000232,31127,19660,0
16749,-7.399999999999963,2.5500000000001783,21051,19660,0
16750,-6.049999999999944,3.0000000000001847,31860,19660,0
16751,-6.4499999999999496,9.75000000000028,28795,19660,0
16752,-5.299999999999933,-1.3999999999998778,37772,19660,0
16753,-5.999999999999943,-3.449999999999907,32131,19660,0
16754,-6.249999999999947,-7.1499999999999595,30057,19660,0
16755,-6.249999999999947,4.650000000000208,30293,19660,0
16756,-5.449999999999935,-3.8999999999999133,36522,19660,0
16757,-7.349999999999962,-4.199999999999918,21316,19660,0
16758,-5.9499999999999424,-7.049999999999958,32459,19660,0
16759,-6.699999999999953,-8.59999999999998,26428,19660,0
16760,-6.549999999999951,5.8000000000002245,27916,19660,0
16761,-6.049999999999944,2.300000000000175,31846,19660,0
16762,-7.299999999999962,-1.0999999999998735,21778,19660,0
16763,-5.04999999999993,-7.649999999999967,39647,19660,0
16764,-7.249999999999961,7.800000000000253,22356,19660,0
16765,-5.399999999999935,-5.499999999999936,36890,19660,0
16766,-6.149999999999945,4.350000000000204,31087,19660,0
16767,-6.4499999999999496,4.200000000000202,28684,19660,0
16768,-5.899999999999942,6.800000000000239,33136,19660,0
16769,-7.399999999999963,-9.899999999999999,20802,19660,0
16770,-6.249999999999947,-7.299999999999962,30054,19660,0
16771,-6.899999999999956,9.900000000000283,25198,19660,0
16772,-5.74999999999994,7.950000000000255,34359,19660,0
16773,-6.849999999999955,2.1500000000001727,25443,19660,0
16774,-5.299999999999933,-8.049999999999972,37639,19660,0
16775,-6.349999999999948,-2.549999999999894,29349,19660,0
16776,-5.5999999999999375,9.550000000000278,35591,19660,0
16777,-7.049999999999958,8.400000000000261,23968,19660,0
16778,-5.349999999999934,8.850000000000268,37577,19660,0
16779,-7.4999999999999645,6.600000000000236,20332,19660,0
16780,-6.649999999999952,-4.5499999999999226,26909,19660,0
16781,-5.9499999999999424,-7.749999999999968,32445,19660,0
16782,-5.849999999999941,0.5500000000001499,33411,19660,0
16783,-5.449999999999935,-8.999999999999986,36420,19660,0
16784,-5.999999999999943,-3.9999999999999147,32120,19660,0
16785,-7.349999999999962,-7.4999999999999645,21250,19660,0
16786,-5.74999999999994,9.100000000000271,34382,19660,0
16787,-7.349999999999962,-0.4499999999998643,21391,19660,0
16788,-5.499999999999936,8.750000000000266,36375,19660,0
16789,-5.149999999999931,7.950000000000255,39159,19660,0
16790,-6.199999999999946,-6.249999999999947,30475,19660,0
16791,-6.949999999999957,-4.649999999999924,24507,19660,0
16792,-6.699999999999953,-3.749999999999911,26525,19660,0
16793,-6.099999999999945,-3.449999999999907,31331,19660,0
16794,-5.499999999999936,-7.89999999999997,36042,19660,0
16795,-5.699999999999939,8.000000000000256,34760,19660,0
16796,-6.899999999999956,1.900000000000169,25038,19660,0
16797,-5.74999999999994,4.500000000000206,34290,19660,0
16798,-5.2499999999999325,-9.29999999999999,38014,19660,0
16799,-5.299999999999933,-0.3999999999998636,37792,19660,0
16800,-7.19999999999996,9.75000000000028,22795,19660,0
16801,-7.19999999999996,-6.249999999999947,22475,19660,0
16802,-6.249999999999947,-1.1499999999998742,30177,19660,0
16803,-5.349999999999934,4.900000000000212,37498,19660,0
16804,-7.1499999999999595,4.6000000000002075,23092,19660,0
16805,-6.599999999999952,-8.349999999999977,27233,19660,0
16806,-6.299999999999947,7.7000000000002515,29954,19660,0
16807,-7.19999999999996,-0.34999999999986287,22593,19660,0
16808,-7.19999999999996,-10.0,22400,19660,0
16809,-5.09999999999993,8.600000000000264,39572,19660,0
16810,-5.2499999999999325,-0.5999999999998664,38188,19660,0
16811,-6.049999999999944,6.950000000000241,31939,19660,0
16812,-6.549999999999951,-1.1499999999998742,27777,19660,0
16813,-5.04999999999993,-3.9999999999999147,39720,19660,0
16814,-5.999999999999943,-7.949999999999971,32041,19660,0
16815,-5.349999999999934,2.1500000000001727,37443,19660,0
16816,-6.399999999999949,-7.749999999999968,28845,19660,0
16817,-7.349999999999962,5.550000000000221,21511,19660,0
16818,-5.09999999999993,8.550000000000264,39571,19660,0
16819,-6.749999999999954,4.2500000000002025,26285,19660,0
16820,-7.249999999999961,4.300000000000203,22286,19660,0
16821,-6.599999999999952,-7.749999999999968,27245,19660,0
16822,-5.2499999999999325,7.350000000000247,38347,19660,0
16823,-5.149999999999931,0.05000000000014282,39001,19660,0
16824,-6.199999999999946,9.70000000000028,30794,19660,0
16825,-5.5999999999999375,-9.149999999999988,35217,19660,0
16826,-6.49999999999995,-0.09999999999985931,28198,19660,0
16827,-6.699999999999953,-0.499999999999865,26590,19660,0
16828,-7.099999999999959,9.70000000000028,23594,19660,0
16829,-6.249999999999947,-8.399999999999977,30032,19660,0
16830,-7.449999999999964,-3.099999999999902,20538,19660,0
16831,-6.249999999999947,3.2500000000001883,30265,19660,0
16832,-6.549999999999951,-3.8499999999999126,27723,19660,0
16833,-7.399999999999963,-8.349999999999977,20833,19660,0
16834,-6.4499999999999496,1.1500000000001585,28623,19660,0
16835,-6.899999999999956,-4.299999999999919,24914,19660,0
16836,-5.2499999999999325,8.000000000000256,38360,19660,0
16837,-5.5999999999999375,-1.4499999999998785,35371,19660,0
16838,-6.349999999999948,2.2000000000001734,29444,19660,0
16839,-5.5999999999999375,-6.099999999999945,35278,19660,0
16840,-5.499999999999936,-5.699999999999939,36086,19660,0
16841,-6.399999999999949,-0.4499999999998643,28991,19660,0
16842,-5.499999999999936,4.150000000000201,36283,19660,0
16843,-5.5999999999999375,6.100000000000229,35522,19660,0
16844,-7.049999999999958,3.850000000000197,23877,19660,0
16845,-5.199999999999932,-1.9999999999998863,38560,19660,0
16846,-6.699999999999953,5.850000000000225,26717,19660,0
16847,-6.7999999999999545,6.90000000000024,25938,19660,0
16848,-5.849999999999941,-9.099999999999987,33218,19660,0
16849,-6.249999999999947,1.3500000000001613,30227,19660,0
16850,-5.79999999999994,-9.24999999999999,33615,19660,0
16851,-6.899999999999956,-1.4499999999998785,24971,19660,0
16852,-7.049999999999958,2.6500000000001798,23853,19660,0
16853,-5.399999999999935,0.20000000000014495,37004,19660,0
16854,-7.299999999999962,-0.6999999999998678,21786,19660,0
16855,-6.749999999999954,-5.349999999999934,26093,19660,0
16856,-5.9499999999999424,-7.89999999999997,32442,19660,0
16857,-5.699999999999939,-9.29999999999999,34414,19660,0
16858,-5.549999999999937,1.750000000000167,35835,19660,0
16859,-6.349999999999948,6.20000000000023,29524,19660,0
16860,-5.499999999999936,-3.1499999999999027,36137,19660,0
16861,-7.099999999999959,7.950000000000255,23559,19660,0
16862,-5.5999999999999375,3.3500000000001897,35467,19660,0
16863,-7.1499999999999595,1.7000000000001663,23034,19660,0
16864,-5.349999999999934,-8.699999999999982,37226,19660,0
16865,-6.849999999999955,-4.649999999999924,25307,19660,0
16866,-6.149999999999945,-3.6999999999999105,30926,19660,0
16867,-6.749999999999954,-6.7999999999999545,26064,19660,0
16868,-6.749999999999954,-8.849999999999984,26023,19660,0
16869,-5.499999999999936,5.150000000000215,36303,19660,0
16870,-5.2499999999999325,1.4500000000001627,38229,19660,0
16871,-6.4499999999999496,0.30000000000014637,28606,19660,0
16872,-7.449999999999964,4.850000000000211,20697,19660,0
16873,-6.7999999999999545,-8.749999999999982,25625,19660,0
16874,-5.199999999999932,8.150000000000258,38763,19660,0
16875,-5.199999999999932,2.100000000000172,38642,19660,0
16876,-5.449999999999935,4.700000000000209,36694,19660,0
16877,-5.499999999999936,5.300000000000217,36306,19660,0
16878,-5.849999999999941,9.550000000000278,33591,19660,0
16879,-5.899999999999942,-5.79999999999994,32884,19660,0
16880,-7.249999999999961,2.6500000000001798,22253,19660,0
16881,-6.849999999999955,7.850000000000254,25557,19660,0
16882,-5.499999999999936,-1.899999999999885,36162,19660,0
16883,-7.299999999999962,2.1500000000001727,21843,19660,0
16884,-7.299999999999962,6.100000000000229,21922,19660,0
16885,-6.599999999999952,-2.749999999999897,27345,19660,0
16886,-5.499999999999936,2.450000000000177,36249,19660,0
16887,-5.299999999999933,3.2000000000001876,37864,19660,0
16888,-7.099999999999959,6.950000000000241,23539,19660,0
16889,-6.599999999999952,-0.9999999999998721,27380,19660,0
16890,-5.849999999999941,-3.949999999999914,33321,19660,0
16891,-6.249999999999947,0.10000000000014353,30202,19660,0
16892,-7.049999999999958,2.600000000000179,23852,19660,0
16893,-7.099999999999959,3.6000000000001933,23472,19660,0
16894,-5.399999999999935,2.7000000000001805,37054,19660,0
16895,-6.399999999999949,-2.3499999999998913,28953,19660,0
16896,-6.349999999999948,-5.699999999999939,29286,19660,0
16897,-5.649999999999938,-4.299999999999919,34914,19660,0
16898,-6.899999999999956,8.25000000000026,25165,19660,0
16899,-7.4999999999999645,6.050000000000228,20321,19660,0
16900,-7.449999999999964,-0.6499999999998671,20587,19660,0
16901,-7.449999999999964,7.250000000000245,20745,19660,0
16902,-6.549999999999951,8.30000000000026,27966,19660,0
16903,-7.1499999999999595,6.750000000000238,23135,19660,0
16904,-5.5999999999999375,4.300000000000203,35486,19660,0
16905,-6.749999999999954,9.05000000000027,26381,19660,0
16906,-5.349999999999934,0.9000000000001549,37418,19660,0
16907,-7.1499999999999595,7.400000000000247,23148,19660,0
16908,-5.999999999999943,2.9000000000001833,32258,19660,0
16909,-5.5999999999999375,-3.8999999999999133,35322,19660,0
16910,-5.349999999999934,5.950000000000227,37519,19660,0
16911,-5.149999999999931,0.20000000000014495,39004,19660,0
16912,-5.2499999999999325,-7.649999999999967,38047,19660,0
16913,-6.149999999999945,-6.4499999999999496,30871,19660,0
16914,-6.749999999999954,-9.34999999999999,26013,19660,0
16915,-5.649999999999938,-2.899999999999899,34942,19660,0
16916,-6.899999999999956,3.800000000000196,25076,19660,0
16917,-5.79999999999994,-6.399999999999949,33672,19660,0
16918,-6.199999999999946,-9.149999999999988,30417,19660,0
16919,-5.149999999999931,8.35000000000026,39167,19660,0
16920,-7.249999999999961,9.70000000000028,22394,19660,0
16921,-5.9499999999999424,5.550000000000221,32711,19660,0
16922,-7.1499999999999595,-2.599999999999895,22948,19660,0
16923,-5.999999999999943,-6.349999999999948,32073,19660,0
16924,-7.449999999999964,3.450000000000191,20669,19660,0
16925,-6.299999999999947,-1.0499999999998728,29779,19660,0
16926,-5.04999999999993,-0.19999999999986073,39796,19660,0
16927,-7.399999999999963,0.5500000000001499,21011,19660,0
16928,-6.099999999999945,6.450000000000234,31529,19660,0
16929,-5.9499999999999424,-8.64999999999998,32427,19660,0
16930,-5.04999999999993,5.300000000000217,39906,19660,0
16931,-6.599999999999952,8.000000000000256,27560,19660,0
16932,-6.549999999999951,-4.0499999999999154,27719,19660,0
16933,-5.349999999999934,-7.349999999999962,37253,19660,0
16934,-7.049999999999958,1.5000000000001634,23830,19660,0
16935,-5.999999999999943,-8.449999999999978,32031,19660,0
16936,-6.399999999999949,3.2500000000001883,29065,19660,0
16937,-6.749999999999954,-5.649999999999938,26087,19660,0
16938,-7.099999999999959,3.4000000000001904,23468,19660,0
16939,-5.79999999999994,5.8000000000002245,33916,19660,0
16940,-7.19999999999996,-8.299999999999976,22434,19660,0
16941,-6.349999999999948,5.8000000000002245,29516,19660,0
16942,-6.949999999999957,3.850000000000197,24677,19660,0
16943,-5.399999999999935,-5.499999999999936,36890,19660,0
16944,-6.199999999999946,-0.8999999999998707,30582,19660,0
16945,-6.199999999999946,1.0000000000001563,30620,19660,0
16946,-7.449999999999964,5.200000000000216,20704,19660,0
16947,-5.699999999999939,0.8500000000001542,34617,19660,0
16948,-6.149999999999945,-9.499999999999993,30810,19660,0
16949,-7.4999999999999645,3.0500000000001855,20261,19660,0
16950,-6.649999999999952,-7.599999999999966,26848,19660,0
16951,-6.849999999999955,-4.5499999999999226,25309,19660,0
16952,-6.199999999999946,1.1000000000001577,30622,19660,0
16953,-6.7999999999999545,-2.2999999999998906,25754,19660,0
16954,-5.899999999999942,2.450000000000177,33049,19660,0
16955,-5.499999999999936,5.300000000000217,36306,19660,0
16956,-5.299999999999933,0.6500000000001513,37813,19660,0
16957,-7.1499999999999595,5.50000000000022,23110,19660,0
16958,-5.499999999999936,2.5500000000001783,36251,19660,0
16959,-6.199999999999946,-7.999999999999972,30440,19660,0
16960,-7.299999999999962,-8.399999999999977,21632,19660,0
16961,-5.199999999999932,-9.699999999999996,38406,19660,0
16962,-5.79999999999994,-1.2999999999998764,33774,19660,0
16963,-6.599999999999952,-3.1499999999999027,27337,19660,0
16964,-6.599999999999952,6.050000000000228,27521,19660,0
16965,-5.849999999999941,6.600000000000236,33532,19660,0
16966,-5.999999999999943,2.5000000000001776,32250,19660,0
16967,-7.19999999999996,-1.9999999999998863,22560,19660,0
16968,-7.299999999999962,5.600000000000222,21912,19660,0
16969,-5.399999999999935,-5.549999999999937,36889,19660,0
16970,-5.699999999999939,-4.39999999999992,34512,19660,0
16971,-5.849999999999941,6.300000000000232,33526,19660,0
16972,-6.199999999999946,-3.099999999999902,30538,19660,0
16973,-6.649999999999952,7.450000000000248,27149,19660,0
16974,-6.49999999999995,1.0000000000001563,28220,19660,0
16975,-5.9499999999999424,3.850000000000197,32677,19660,0
16976,-6.299999999999947,-4.249999999999918,29715,19660,0
16977,-7.1499999999999595,0.25000000000014566,23005,19660,0
16978,-7.4999999999999645,-4.5499999999999226,20109,19660,0
16979,-7.4999999999999645,-1.349999999999877,20173,19660,0
16980,-6.699999999999953,0.15000000000014424,26603,19660,0
16981,-5.299999999999933,4.9500000000002125,37899,19660,0
16982,-5.149999999999931,5.300000000000217,39106,19660,0
16983,-6.049999999999944,6.650000000000237,31933,19660,0
16984,-5.9499999999999424,7.100000000000243,32742,19660,0
16985,-7.399999999999963,1.4210854715202004e-13,21000,19660,0
16986,-5.699999999999939,-8.64999999999998,34427,19660,0
16987,-5.349999999999934,0.9000000000001549,37418,19660,0
16988,-7.399999999999963,2.5000000000001776,21050,19660,0
16989,-6.299999999999947,9.850000000000282,29997,19660,0
16990,-6.849999999999955,-3.449999999999907,25331,19660,0
16991,-7.049999999999958,-9.699999999999996,23606,19660,0
16992,-5.2499999999999325,-9.95,38001,19660,0
16993,-6.749999999999954,4.75000000000021,26295,19660,0
16994,-6.149999999999945,-6.299999999999947,30874,19660,0
16995,-5.649999999999938,-1.199999999999875,34976,19660,0
16996,-5.299999999999933,-5.349999999999934,37693,19660,0
16997,-6.349999999999948,-6.949999999999957,29261,19660,0
16998,-5.449999999999935,0.7000000000001521,36614,19660,0
16999,-6.7999999999999545,-2.399999999999892,25752,19660,0
17000,-6.7999999999999545,4.650000000000208,25893,19660,0
17001,-5.199999999999932,9.200000000000273,38784,19660,0
17002,-6.4499999999999496,0.5000000000001492,28610,19660,0
17003,-5.74999999999994,9.900000000000283,34398,19660,0
17004,-6.649999999999952,-7.699999999999967,26846,19660,0
17005,-5.199999999999932,5.050000000000214,38701,19660,0
17006,-6.549999999999951,5.45000000000022,27909,19660,0
17007,-6.999999999999957,5.50000000000022,24310,19660,0
17008,-5.899999999999942,-6.849999999999955,32863,19660,0
17009,-7.399999999999963,9.800000000000281,21196,19660,0
17010,-5.199999999999932,-6.199999999999946,38476,19660,0
17011,-6.949999999999957,6.050000000000228,24721,19660,0
17012,-6.949999999999957,-2.7999999999998977,24544,19660,0
17013,-5.699999999999939,3.7000000000001947,34674,19660,0
17014,-5.199999999999932,-5.349999999999934,38493,19660,0
17015,-7.4999999999999645,-3.099999999999902,20138,19660,0
17016,-5.9499999999999424,0.4000000000001478,32608,19660,0
17017,-6.899999999999956,5.000000000000213,25100,19660,0
17018,-6.7999999999999545,6.700000000000237,25934,19660,0
17019,-6.4499999999999496,5.700000000000223,28714,19660,0
17020,-6.7999999999999545,2.0500000000001712,25841,19660,0
17021,-5.499999999999936,-5.09999999999993,36098,19660,0
17022,-5.649999999999938,-0.9999999999998721,34980,19660,0
17023,-6.49999999999995,6.250000000000231,28325,19660,0
17024,-7.249999999999961,-1.4499999999998785,22171,19660,0
17025,-5.199999999999932,-5.349999999999934,38493,19660,0
17026,-6.649999999999952,8.600000000000264,27172,19660,0
17027,-6.699999999999953,-7.799999999999969,26444,19660,0
17028,-5.549999999999937,-3.0499999999999012,35739,19660,0
17029,-6.899999999999956,-3.299999999999905,24934,19660,0
17030,-5.699999999999939,-3.0499999999999012,34539,19660,0
17031,-6.999999999999957,-4.799999999999926,24104,19660,0
17032,-5.79999999999994,4.500000000000206,33890,19660,0
17033,-5.9499999999999424,0.9500000000001556,32619,19660,0
17034,-5.999999999999943,-1.2499999999998757,32175,19660,0
17035,-6.899999999999956,-3.4999999999999076,24930,19660,0
17036,-7.4999999999999645,-1.349999999999877,20173,19660,0
17037,-7.399999999999963,3.150000000000187,21063,19660,0
17038,-6.4499999999999496,-1.5999999999998806,28568,19660,0
17039,-5.9499999999999424,8.600000000000264,32772,19660,0
17040,-5.149999999999931,-9.699999999999996,38806,19660,0
17041,-6.099999999999945,5.850000000000225,31517,19660,0
17042,-7.4999999999999645,5.50000000000022,20310,19660,0
17043,-5.499999999999936,5.050000000000214,36301,19660,0
17044,-7.4999999999999645,-0.5999999999998664,20188,19660,0
17045,-5.499999999999936,6.050000000000228,36321,19660,0
17046,-6.49999999999995,0.6000000000001506,28212,19660,0
17047,-5.04999999999993,1.3000000000001606,39826,19660,0
17048,-6.4499999999999496,-2.6499999999998956,28547,19660,0
17049,-6.949999999999957,-9.449999999999992,24411,19660,0
17050,-7.249999999999961,2.450000000000177,22249,19660,0
17051,-5.299999999999933,7.050000000000242,37941,19660,0
17052,-5.499999999999936,-9.449999999999992,36011,19660,0
17053,-5.149999999999931,5.000000000000213,39100,19660,0
17054,-7.449999999999964,-0.24999999999986144,20595,19660,0
17055,-7.19999999999996,-3.3499999999999055,22533,19660,0
17056,-6.049999999999944,4.000000000000199,31880,19660,0
17057,-6.049999999999944,-8.249999999999975,31635,19660,0
17058,-5.849999999999941,-8.099999999999973,33238,19660,0
17059,-6.899999999999956,8.450000000000262,25169,19660,0
17060,-6.749999999999954,-0.09999999999985931,26198,19660,0
17061,-6.049999999999944,8.850000000000268,31977,19660,0
17062,-7.4999999999999645,7.500000000000249,20350,19660,0
17063,-5.449999999999935,5.100000000000215,36702,19660,0
17064,-6.949999999999957,8.550000000000264,24771,19660,0
17065,-5.79999999999994,-4.299999999999919,33714,19660,0
17066,-5.349999999999934,-7.349999999999962,37253,19660,0
17067,-5.9499999999999424,-4.599999999999923,32508,19660,0
17068,-6.199999999999946,7.000000000000242,30740,19660,0
17069,-5.699999999999939,-7.049999999999958,34459,19660,0
17070,-5.299999999999933,2.800000000000182,37856,19660,0
17071,-5.499999999999936,4.300000000000203,36286,19660,0
17072,-5.199999999999932,-1.54999999999988,38569,19660,0
17073,-6.349999999999948,0.4000000000001478,29408,19660,0
17074,-6.599999999999952,7.200000000000244,27544,19660,0
17075,-5.299999999999933,2.8500000000001826,37857,19660,0
17076,-5.09999999999993,-3.8499999999999126,39323,19660,0
17077,-6.699999999999953,2.0000000000001705,26640,19660,0
17078,-5.74999999999994,-2.7999999999998977,34144,19660,0
17079,-5.299999999999933,0.25000000000014566,37805,19660,0
17080,-6.49999999999995,-2.599999999999895,28148,19660,0
17081,-6.099999999999945,-5.649999999999938,31287,19660,0
17082,-6.4499999999999496,6.1500000000002295,28723,19660,0
17083,-6.349999999999948,-1.8499999999998842,29363,19660,0
17084,-6.049999999999944,-0.5499999999998657,31789,19660,0
17085,-5.899999999999942,9.450000000000276,33189,19660,0
17086,-5.349999999999934,-3.799999999999912,37324,19660,0
17087,-5.74999999999994,4.6000000000002075,34292,19660,0
17088,-6.199999999999946,-7.599999999999966,30448,19660,0
17089,-6.699999999999953,5.350000000000218,26707,19660,0
17090,-7.4999999999999645,-8.249999999999975,20035,19660,0
17091,-6.4499999999999496,-1.349999999999877,28573,19660,0
17092,-6.299999999999947,-6.749999999999954,29665,19660,0
17093,-7.249999999999961,-6.349999999999948,22073,19660,0
17094,-5.649999999999938,-4.299999999999919,34914,19660,0
17095,-6.549999999999951,7.60000000000025,27952,19660,0
17096,-5.999999999999943,0.6500000000001513,32213,19660,0
17097,-6.349999999999948,0.5000000000001492,29410,19660,0
17098,-7.249999999999961,-4.149999999999917,22117,19660,0
17099,-5.04999999999993,-8.799999999999983,39624,19660,0
17100,-7.249999999999961,-5.499999999999936,22090,19660,0
17101,-5.349999999999934,-7.4999999999999645,37250,19660,0
17102,-6.49999999999995,4.2500000000002025,28285,19660,0
17103,-6.949999999999957,9.400000000000276,24788,19660,0
17104,-6.299999999999947,1.2000000000001592,29824,19660,0
17105,-5.5999999999999375,-5.199999999999932,35296,19660,0
17106,-6.299999999999947,-7.1499999999999595,29657,19660,0
17107,-7.1499999999999595,-6.4499999999999496,22871,19660,0
17108,-6.4499999999999496,-5.499999999999936,28490,19660,0
17109,-5.74999999999994,6.350000000000232,34327,19660,0
17110,-6.199999999999946,-9.399999999999991,30412,19660,0
17111,-6.849999999999955,4.900000000000212,25498,19660,0
17112,-6.399999999999949,-8.299999999999976,28834,19660,0
17113,-6.49999999999995,0.7500000000001528,28215,19660,0
17114,-5.04999999999993,-1.0499999999998728,39779,19660,0
17115,-6.849999999999955,-7.549999999999965,25249,19660,0
17116,-7.249999999999961,-9.549999999999994,22009,19660,0
17117,-6.7999999999999545,7.100000000000243,25942,19660,0
17118,-6.599999999999952,7.250000000000245,27545,19660,0
17119,-5.199999999999932,-6.899999999999956,38462,19660,0
17120,-6.949999999999957,4.550000000000207,24691,19660,0
17121,-5.79999999999994,-0.09999999999985931,33798,19660,0
17122,-6.049999999999944,5.550000000000221,31911,19660,0
17123,-7.1499999999999595,-3.249999999999904,22935,19660,0
17124,-7.1499999999999595,6.450000000000234,23129,19660,0
17125,-6.049999999999944,4.9500000000002125,31899,19660,0
17126,-6.199999999999946,-3.1999999999999034,30536,19660,0
17127,-6.099999999999945,6.550000000000235,31531,19660,0
17128,-5.149999999999931,-9.149999999999988,38817,19660,0
17129,-7.1499999999999595,-4.299999999999919,22914,19660,0
17130,-5.399999999999935,9.05000000000027,37181,19660,0
17131,-5.149999999999931,-8.499999999999979,38830,19660,0
17132,-5.399999999999935,-1.5999999999998806,36968,19660,0
17133,-5.499999999999936,-0.7499999999998685,36185,19660,0
17134,-5.149999999999931,6.000000000000227,39120,19660,0
17135,-7.249999999999961,-1.5999999999998806,22168,19660,0
17136,-6.949999999999957,1.7000000000001663,24634,19660,0
17137,-5.9499999999999424,-6.149999999999945,32477,19660,0
17138,-7.099999999999959,-8.249999999999975,23235,19660,0
17139,-5.999999999999943,9.550000000000278,32391,19660,0
17140,-6.149999999999945,-9.149999999999988,30817,19660,0
17141,-5.199999999999932,-8.699999999999982,38426,19660,0
17142,-5.999999999999943,2.800000000000182,32256,19660,0
17143,-6.349999999999948,3.800000000000196,29476,19660,0
17144,-5.2499999999999325,5.850000000000225,38317,19660,0
17145,-5.149999999999931,5.50000000000022,39110,19660,0
17146,-5.699999999999939,3.800000000000196,34676,19660,0
17147,-6.899999999999956,-3.5499999999999083,24929,19660,0
17148,-5.79999999999994,-3.3499999999999055,33733,19660,0
17149,-5.79999999999994,2.0000000000001705,33840,19660,0
17150,-6.149999999999945,-4.499999999999922,30910,19660,0
17151,-7.1499999999999595,3.9500000000001982,23079,19660,0
17152,-5.849999999999941,7.800000000000253,33556,19660,0
17153,-7.049999999999958,1.4500000000001627,23829,19660,0
17154,-6.999999999999957,9.250000000000274,24385,19660,0
17155,-6.049999999999944,-7.699999999999967,31646,19660,0
17156,-6.649999999999952,-3.799999999999912,26924,19660,0
17157,-6.299999999999947,2.6500000000001798,29853,19660,0
17158,-5.74999999999994,-5.2499999999999325,34095,19660,0
17159,-6.649999999999952,3.0000000000001847,27060,19660,0
17160,-6.899999999999956,0.9000000000001549,25018,19660,0
17161,-7.399999999999963,2.300000000000175,21046,19660,0
17162,-7.349999999999962,-2.6999999999998963,21346,19660,0
17163,-5.449999999999935,-2.6999999999998963,36546,19660,0
17164,-7.449999999999964,-9.649999999999995,20407,19660,0
17165,-7.1499999999999595,4.450000000000205,23089,19660,0
17166,-7.449999999999964,0.6000000000001506,20612,19660,0
17167,-5.849999999999941,7.900000000000254,33558,19660,0
17168,-6.4499999999999496,9.250000000000274,28785,19660,0
17169,-7.4999999999999645,0.15000000000014424,20203,19660,0
17170,-7.049999999999958,9.350000000000275,23987,19660,0
17171,-5.79999999999994,5.150000000000215,33903,19660,0
17172,-5.699999999999939,-4.649999999999924,34507,19660,0
17173,-7.249999999999961,3.100000000000186,22262,19660,0
17174,-5.649999999999938,6.250000000000231,35125,19660,0
17175,-5.9499999999999424,9.75000000000028,32795,19660,0
17176,-5.299999999999933,-6.399999999999949,37672,19660,0
17177,-6.599999999999952,9.500000000000277,27590,19660,0
17178,-7.399999999999963,8.600000000000264,21172,19660,0
17179,-5.299999999999933,5.050000000000214,37901,19660,0
17180,-7.19999999999996,-5.79999999999994,22484,19660,0
17181,-7.19999999999996,-4.0499999999999154,22519,19660,0
17182,-7.049999999999958,-6.349999999999948,23673,19660,0
17183,-5.5999999999999375,1.6000000000001648,35432,19660,0
17184,-7.249999999999961,5.50000000000022,22310,19660,0
17185,-6.549999999999951,-6.699999999999953,27666,19660,0
17186,-6.049999999999944,-7.89999999999997,31642,19660,0
17187,-5.299999999999933,4.9500000000002125,37899,19660,0
17188,-6.749999999999954,8.000000000000256,26360,19660,0
17189,-6.149999999999945,1.7000000000001663,31034,19660,0
17190,-6.49999999999995,2.300000000000175,28246,19660,0
17191,-7.049999999999958,3.2500000000001883,23865,19660,0
17192,-7.19999999999996,3.5500000000001926,22671,19660,0
17193,-6.899999999999956,-8.699999999999982,24826,19660,0
17194,-6.049999999999944,-3.5499999999999083,31729,19660,0
17195,-5.549999999999937,8.25000000000026,35965,19660,0
17196,-6.149999999999945,8.400000000000261,31168,19660,0
17197,-5.149999999999931,-4.849999999999927,38903,19660,0
17198,-7.1499999999999595,-6.849999999999955,22863,19660,0
17199,-6.249999999999947,6.100000000000229,30322,19660,0
17200,-7.449999999999964,-6.099999999999945,20478,19660,0
17201,-6.749999999999954,-7.649999999999967,26047,19660,0
17202,-5.699999999999939,9.450000000000276,34789,19660,0
17203,-6.099999999999945,8.050000000000257,31561,19660,0
17204,-7.19999999999996,-5.349999999999934,22493,19660,0
17205,-6.349999999999948,-7.1499999999999595,29257,19660,0
17206,-7.19999999999996,-5.699999999999939,22486,19660,0
17207,-5.999999999999943,-2.549999999999894,32149,19660,0
17208,-5.149999999999931,-9.24999999999999,38815,19660,0
17209,-5.149999999999931,-0.24999999999986144,38995,19660,0
17210,-6.7999999999999545,8.30000000000026,25966,19660,0
17211,-5.849999999999941,-9.899999999999999,33202,19660,0
17212,-5.449999999999935,0.5500000000001499,36611,19660,0
17213,-6.649999999999952,-8.099999999999973,26838,19660,0
17214,-7.1499999999999595,5.950000000000227,23119,19660,0
17215,-7.1499999999999595,-8.399999999999977,22832,19660,0
17216,-6.849999999999955,-7.999999999999972,25240,19660,0
17217,-5.09999999999993,2.0000000000001705,39440,19660,0
17218,-7.4999999999999645,5.50000000000022,20310,19660,0
17219,-6.7999999999999545,0.20000000000014495,25804,19660,0
17220,-7.399999999999963,-5.5999999999999375,20888,19660,0
17221,-6.4499999999999496,-5.399999999999935,28492,19660,0
17222,-7.249999999999961,-7.249999999999961,22055,19660,0
17223,-6.49999999999995,1.900000000000169,28238,19660,0
17224,-5.9499999999999424,-2.749999999999897,32545,19660,0
17225,-5.999999999999943,3.0000000000001847,32260,19660,0
17226,-6.149999999999945,-4.649999999999924,30907,19660,0
17227,-5.649999999999938,3.9500000000001982,35079,19660,0
17228,-7.299999999999962,-5.899999999999942,21682,19660,0
17229,-5.9499999999999424,-4.39999999999992,32512,19660,0
17230,-6.099999999999945,-6.7999999999999545,31264,19660,0
17231,-6.649999999999952,-8.449999999999978,26831,19660,0
17232,-6.999999999999957,8.30000000000026,24366,19660,0
17233,-7.1499999999999595,6.750000000000238,23135,19660,0
17234,-5.199999999999932,4.200000000000202,38684,19660,0
17235,-5.349999999999934,4.500000000000206,37490,19660,0
17236,-7.19999999999996,0.25000000000014566,22605,19660,0
17237,-7.249999999999961,7.800000000000253,22356,19660,0
17238,-5.79999999999994,-7.1499999999999595,33657,19660,0
17239,-6.899999999999956,4.150000000000201,25083,19660,0
17240,-5.849999999999941,-6.249999999999947,33275,19660,0
17241,-7.1499999999999595,6.300000000000232,23126,19660,0
17242,-6.949999999999957,0.6500000000001513,24613,19660,0
17243,-5.09999999999993,-9.849999999999998,39203,19660,0
17244,-6.399999999999949,1.400000000000162,29028,19660,0
17245,-5.5999999999999375,3.800000000000196,35476,19660,0
17246,-5.299999999999933,-3.249999999999904,37735,19660,0
17247,-5.549999999999937,8.35000000000026,35967,19660,0
17248,-7.449999999999964,5.350000000000218,20707,19660,0
17249,-5.549999999999937,2.800000000000182,35856,19660,0
17250,-7.049999999999958,6.1500000000002295,23923,19660,0
17251,-7.449999999999964,6.300000000000232,20726,19660,0
17252,-6.7999999999999545,-7.1499999999999595,25657,19660,0
17253,-6.699999999999953,-5.349999999999934,26493,19660,0
17254,-5.149999999999931,9.150000000000272,39183,19660,0
17255,-6.999999999999957,-3.6999999999999105,24126,19660,0
17256,-6.599999999999952,3.150000000000187,27463,19660,0
17257,-5.74999999999994,-8.049999999999972,34039,19660,0
17258,-6.349999999999948,3.300000000000189,29466,19660,0
17259,-5.549999999999937,3.7500000000001954,35875,19660,0
17260,-7.349999999999962,-6.49999999999995,21270,19660,0
17261,-5.549999999999937,-3.3499999999999055,35733,19660,0
17262,-6.549999999999951,7.200000000000244,27944,19660,0
17263,-7.349999999999962,-7.249999999999961,21255,19660,0
17264,-5.499999999999936,-9.049999999999986,36019,19660,0
17265,-6.599999999999952,0.6500000000001513,27413,19660,0
17266,-5.499999999999936,-2.24999999999989,36155,19660,0
17267,-6.599999999999952,4.1000000000002,27482,19660,0
17268,-7.049999999999958,5.900000000000226,23918,19660,0
17269,-7.099999999999959,-9.449999999999992,23211,19660,0
17270,-5.79999999999994,8.900000000000269,33978,19660,0
17271,-5.74999999999994,5.700000000000223,34314,19660,0
17272,-5.5999999999999375,-6.299999999999947,35274,19660,0
17273,-5.74999999999994,9.300000000000274,34386,19660,0
17274,-5.199999999999932,3.0000000000001847,38660,19660,0
17275,-6.749999999999954,8.30000000000026,26366,19660,0
17276,-7.249999999999961,-3.6999999999999105,22126,19660,0
17277,-5.499999999999936,-3.6999999999999105,36126,19660,0
17278,-5.74999999999994,-1.1499999999998742,34177,19660,0
17279,-6.149999999999945,0.05000000000014282,31001,19660,0
17280,-6.199999999999946,4.550000000000207,30691,19660,0
17281,-5.09999999999993,-6.599999999999952,39268,19660,0
17282,-7.249999999999961,2.0000000000001705,22240,19660,0
17283,-7.299999999999962,4.6000000000002075,21892,19660,0
17284,-6.7999999999999545,-9.799999999999997,25604,19660,0
17285,-7.049999999999958,-0.6999999999998678,23786,19660,0
17286,-6.749999999999954,-5.399999999999935,26092,19660,0
17287,-6.699999999999953,-3.799999999999912,26524,19660,0
17288,-5.349999999999934,-3.5499999999999083,37329,19660,0
17289,-5.549999999999937,9.550000000000278,35991,19660,0
17290,-5.299999999999933,6.700000000000237,37934,19660,0
17291,-6.099999999999945,6.600000000000236,31532,19660,0
17292,-7.349999999999962,-1.699999999999882,21366,19660,0
17293,-7.349999999999962,-6.849999999999955,21263,19660,0
17294,-5.549999999999937,-8.399999999999977,35632,19660,0
17295,-7.399999999999963,3.7000000000001947,21074,19660,0
17296,-5.74999999999994,6.20000000000023,34324,19660,0
17297,-5.849999999999941,-4.649999999999924,33307,19660,0
17298,-6.4499999999999496,-3.0499999999999012,28539,19660,0
17299,-5.699999999999939,9.850000000000282,34797,19660,0
17300,-6.849999999999955,-9.599999999999994,25208,19660,0
17301,-6.049999999999944,-2.2999999999998906,31754,19660,0
17302,-5.79999999999994,-0.3999999999998636,33792,19660,0
17303,-6.349999999999948,4.650000000000208,29493,19660,0
17304,-6.7999999999999545,-9.449999999999992,25611,19660,0
17305,-5.199999999999932,-8.349999999999977,38433,19660,0
17306,-7.399999999999963,-9.649999999999995,20807,19660,0
17307,-5.899999999999942,-0.84999999999987,32983,19660,0
17308,-6.599999999999952,5.050000000000214,27501,19660,0
17309,-5.79999999999994,-6.399999999999949,33672,19660,0
17310,-6.149999999999945,-0.499999999999865,30990,19660,0
17311,-5.5999999999999375,-8.149999999999974,35237,19660,0
17312,-5.649999999999938,4.80000000000021,35096,19660,0
17313,-7.449999999999964,-7.399999999999963,20452,19660,0
17314,-5.649999999999938,5.950000000000227,35119,19660,0
17315,-7.4999999999999645,2.600000000000179,20252,19660,0
17316,-5.5999999999999375,3.450000000000191,35469,19660,0
17317,-6.7999999999999545,9.05000000000027,25981,19660,0
17318,-5.649999999999938,1.2000000000001592,35024,19660,0
17319,-6.149999999999945,1.750000000000167,31035,19660,0
17320,-6.849999999999955,8.050000000000257,25561,19660,0
17321,-7.299999999999962,-9.29999999999999,21614,19660,0
17322,-6.7999999999999545,-0.499999999999865,25790,19660,0
17323,-7.049999999999958,8.050000000000257,23961,19660,0
17324,-5.649999999999938,-2.6499999999998956,34947,19660,0
17325,-5.199999999999932,-9.899999999999999,38402,19660,0
17326,-6.299999999999947,-9.149999999999988,29617,19660,0
17327,-6.099999999999945,-1.899999999999885,31362,19660,0
17328,-7.1499999999999595,-0.6999999999998678,22986,19660,0
17329,-5.299999999999933,0.5500000000001499,37811,19660,0
17330,-6.299999999999947,6.250000000000231,29925,19660,0
17331,-5.349999999999934,4.850000000000211,37497,19660,0
17332,-5.399999999999935,2.5000000000001776,37050,19660,0
17333,-5.9499999999999424,0.9000000000001549,32618,19660,0
17334,-7.349999999999962,-5.849999999999941,21283,19660,0
17335,-6.949999999999957,-0.29999999999986215,24594,19660,0
17336,-6.649999999999952,-5.899999999999942,26882,19660,0
17337,-6.599999999999952,-2.549999999999894,27349,19660,0
17338,-6.4499999999999496,2.0000000000001705,28640,19660,0
17339,-7.049999999999958,-1.9499999999998856,23761,19660,0
17340,-6.099999999999945,-9.24999999999999,31215,19660,0
17341,-6.099999999999945,-3.3499999999999055,31333,19660,0
17342,-7.19999999999996,8.650000000000265,22773,19660,0
17343,-6.7999999999999545,-5.449999999999935,25691,19660,0
17344,-6.7999999999999545,-8.349999999999977,25633,19660,0
17345,-5.09999999999993,-9.799999999999997,39204,19660,0
17346,-7.249999999999961,-6.199999999999946,22076,19660,0
17347,-5.79999999999994,-1.0499999999998728,33779,19660,0
17348,-5.79999999999994,-6.7999999999999545,33664,19660,0
17349,-7.19999999999996,1.2500000000001599,22625,19660,0
17350,-6.199999999999946,-0.09999999999985931,30598,19660,0
17351,-5.79999999999994,9.150000000000272,33983,19660,0
17352,-7.299999999999962,-0.9999999999998721,21780,19660,0
17353,-5.74999999999994,5.000000000000213,34300,19660,0
17354,-5.5999999999999375,0.5500000000001499,35411,19660,0
17355,-5.149999999999931,7.650000000000251,39153,19660,0
17356,-5.999999999999943,7.150000000000244,32343,19660,0
17357,-5.79999999999994,-2.599999999999895,33748,19660,0
17358,-5.9499999999999424,0.20000000000014495,32604,19660,0
17359,-5.199999999999932,-5.149999999999931,38497,19660,0
17360,-5.449999999999935,1.8500000000001684,36637,19660,0
17361,-6.699999999999953,-3.3499999999999055,26533,19660,0
17362,-6.899999999999956,3.300000000000189,25066,19660,0
17363,-6.299999999999947,7.900000000000254,29958,19660,0
17364,-6.649999999999952,-2.6499999999998956,26947,19660,0
17365,-5.399999999999935,2.8500000000001826,37057,19660,0
17366,-5.299999999999933,-5.9499999999999424,37681,19660,0
17367,-5.199999999999932,8.30000000000026,38766,19660,0
17368,-7.4999999999999645,0.30000000000014637,20206,19660,0
17369,-6.199999999999946,-1.2499999999998757,30575,19660,0
17370,-6.299999999999947,-3.949999999999914,29721,19660,0
17371,-6.999999999999957,4.550000000000207,24291,19660,0
17372,-5.79999999999994,1.6500000000001656,33833,19660,0
17373,-6.199999999999946,-2.899999999999899,30542,19660,0
17374,-6.049999999999944,7.7000000000002515,31954,19660,0
17375,-6.049999999999944,-6.249999999999947,31675,19660,0
17376,-5.79999999999994,6.5000000000002345,33930,19660,0
17377,-7.099999999999959,-5.399999999999935,23292,19660,0
17378,-6.7999999999999545,-7.599999999999966,25648,19660,0
17379,-5.74999999999994,-9.749999999999996,34005,19660,0
17380,-6.749999999999954,-3.8499999999999126,26123,19660,0
17381,-6.399999999999949,9.05000000000027,29181,19660,0
17382,-5.04999999999993,-0.7499999999998685,39785,19660,0
17383,-6.399999999999949,-4.799999999999926,28904,19660,0
17384,-5.79999999999994,4.75000000000021,33895,19660,0
17385,-5.999999999999943,1.050000000000157,32221,19660,0
17386,-5.899999999999942,-1.0499999999998728,32979,19660,0
17387,-5.04999999999993,5.000000000000213,39900,19660,0
17388,-6.049999999999944,-5.299999999999933,31694,19660,0
17389,-5.199999999999932,-5.04999999999993,38499,19660,0
17390,-6.49999999999995,3.850000000000197,28277,19660,0
17391,-5.549999999999937,-3.949999999999914,35721,19660,0
17392,-5.2499999999999325,7.150000000000244,38343,19660,0
17393,-7.249999999999961,-7.8499999999999694,22043,19660,0
17394,-5.899999999999942,1.0000000000001563,33020,19660,0
17395,-6.699999999999953,9.00000000000027,26780,19660,0
17396,-6.949999999999957,-6.749999999999954,24465,19660,0
17397,-5.499999999999936,-9.399999999999991,36012,19660,0
17398,-5.849999999999941,8.700000000000266,33574,19660,0
17399,-6.4499999999999496,-0.9999999999998721,28580,19660,0
17400,-5.04999999999993,-8.399999999999977,39632,19660,0
17401,-6.49999999999995,1.750000000000167,28235,19660,0
17402,-7.049999999999958,7.050000000000242,23941,19660,0
17403,-5.09999999999993,-5.5999999999999375,39288,19660,0
17404,-7.249999999999961,7.150000000000244,22343,19660,0
17405,-6.49999999999995,9.900000000000283,28398,19660,0
17406,-6.899999999999956,-7.1499999999999595,24857,19660,0
17407,-5.999999999999943,3.500000000000192,32270,19660,0
17408,-6.849999999999955,-0.6499999999998671,25387,19660,0
17409,-6.949999999999957,-7.89999999999997,24442,19660,0
17410,-6.249999999999947,-8.59999999999998,30028,19660,0
17411,-6.649999999999952,-5.849999999999941,26883,19660,0
17412,-5.04999999999993,5.300000000000217,39906,19660,0
17413,-5.399999999999935,2.1500000000001727,37043,19660,0
17414,-7.249999999999961,-9.799999999999997,22004,19660,0
17415,-6.549999999999951,2.600000000000179,27852,19660,0
17416,-6.399999999999949,6.800000000000239,29136,19660,0
17417,-5.649999999999938,-7.19999999999996,34856,19660,0
17418,-7.449999999999964,1.6000000000001648,20632,19660,0
17419,-7.19999999999996,6.20000000000023,22724,19660,0
17420,-5.79999999999994,-1.0999999999998735,33778,19660,0
17421,-7.049999999999958,-6.699999999999953,23666,19660,0
17422,-6.4499999999999496,8.600000000000264,28772,19660,0
17423,-7.19999999999996,-3.399999999999906,22532,19660,0
17424,-5.899999999999942,7.200000000000244,33144,19660,0
17425,-6.949999999999957,7.450000000000248,24749,19660,0
17426,-5.649999999999938,2.250000000000174,35045,19660,0
17427,-6.199999999999946,-5.899999999999942,30482,19660,0
17428,-6.899999999999956,3.6000000000001933,25072,19660,0
17429,-6.149999999999945,7.850000000000254,31157,19660,0
17430,-6.549999999999951,9.250000000000274,27985,19660,0
17431,-7.099999999999959,-6.949999999999957,23261,19660,0
17432,-6.849999999999955,2.750000000000181,25455,19660,0
17433,-6.049999999999944,2.600000000000179,31852,19660,0
17434,-5.999999999999943,-8.499999999999979,32030,19660,0
17435,-5.74999999999994,-6.899999999999956,34062,19660,0
17436,-7.399999999999963,4.80000000000021,21096,19660,0
17437,-7.249999999999961,2.2000000000001734,22244,19660,0
17438,-6.349999999999948,7.200000000000244,29544,19660,0
17439,-7.249999999999961,0.15000000000014424,22203,19660,0
17440,-6.7999999999999545,-6.899999999999956,25662,19660,0
17441,-6.549999999999951,-6.699999999999953,27666,19660,0
17442,-7.399999999999963,7.800000000000253,21156,19660,0
17443,-5.399999999999935,2.0000000000001705,37040,19660,0
17444,-7.349999999999962,1.2000000000001592,21424,19660,0
17445,-5.649999999999938,2.750000000000181,35055,19660,0
17446,-5.199999999999932,6.600000000000236,38732,19660,0
17447,-5.699999999999939,1.0000000000001563,34620,19660,0
17448,-7.099999999999959,-6.699999999999953,23266,19660,0
17449,-7.449999999999964,0.20000000000014495,20604,19660,0
17450,-6.599999999999952,8.900000000000269,27578,19660,0
17451,-7.449999999999964,7.400000000000247,20748,19660,0
17452,-5.09999999999993,-9.599999999999994,39208,19660,0
17453,-5.5999999999999375,-0.6999999999998678,35386,19660,0
17454,-6.649999999999952,-3.8499999999999126,26923,19660,0
17455,-6.299999999999947,1.5000000000001634,29830,19660,0
17456,-5.9499999999999424,7.000000000000242,32740,19660,0
17457,-6.099999999999945,-3.749999999999911,31325,19660,0
17458,-5.449999999999935,-4.199999999999918,36516,19660,0
17459,-5.299999999999933,9.00000000000027,37980,19660,0
17460,-5.999999999999943,-1.4999999999998792,32170,19660,0
17461,-6.649999999999952,2.1500000000001727,27043,19660,0
17462,-5.199999999999932,9.200000000000273,38784,19660,0
17463,-5.499999999999936,9.00000000000027,36380,19660,0
17464,-6.849999999999955,-8.049999999999972,25239,19660,0
17465,-7.4999999999999645,-5.74999999999994,20085,19660,0
17466,-5.449999999999935,3.6000000000001933,36672,19660,0
17467,-6.049999999999944,5.600000000000222,31912,19660,0
17468,-6.299999999999947,-3.249999999999904,29735,19660,0
17469,-6.749999999999954,-5.849999999999941,26083,19660,0
17470,-5.9499999999999424,-3.249999999999904,32535,19660,0
17471,-6.649999999999952,9.05000000000027,27181,19660,0
17472,-6.699999999999953,-4.499999999999922,26510,19660,0
17473,-5.349999999999934,8.600000000000264,37572,19660,0
17474,-5.999999999999943,9.850000000000282,32397,19660,0
17475,-7.4999999999999645,3.2500000000001883,20265,19660,0
17476,-6.249999999999947,-5.5999999999999375,30088,19660,0
17477,-6.649999999999952,-8.849999999999984,26823,19660,0
17478,-6.349999999999948,6.650000000000237,29533,19660,0
17479,-5.09999999999993,-1.9499999999998856,39361,19660,0
17480,-7.349999999999962,-0.84999999999987,21383,19660,0
17481,-6.299999999999947,5.600000000000222,29912,19660,0
17482,-5.299999999999933,0.7000000000001521,37814,19660,0
17483,-5.299999999999933,4.150000000000201,37883,19660,0
17484,-6.749999999999954,8.500000000000263,26370,19660,0
17485,-5.549999999999937,-5.999999999999943,35680,19660,0
17486,-5.09999999999993,6.400000000000233,39528,19660,0
17487,-5.09999999999993,-0.84999999999987,39383,19660,0
17488,-5.849999999999941,1.0000000000001563,33420,19660,0
17489,-6.549999999999951,4.9500000000002125,27899,19660,0
17490,-7.449999999999964,-8.699999999999982,20426,19660,0
17491,-6.149999999999945,3.7500000000001954,31075,19660,0
17492,-7.4999999999999645,-6.4499999999999496,20071,19660,0
17493,-6.999999999999957,-3.449999999999907,24131,19660,0
17494,-5.549999999999937,-1.54999999999988,35769,19660,0
17495,-7.299999999999962,-1.2499999999998757,21775,19660,0
17496,-6.599999999999952,7.850000000000254,27557,19660,0
17497,-6.699999999999953,4.350000000000204,26687,19660,0
17498,-5.499999999999936,2.6500000000001798,36253,19660,0
17499,-6.7999999999999545,8.850000000000268,25977,19660,0
17500,-6.699999999999953,8.25000000000026,26765,19660,0
17501,-6.599999999999952,-2.4499999999998927,27351,19660,0
17502,-5.399999999999935,9.250000000000274,37185,19660,0
17503,-6.649999999999952,9.600000000000279,27192,19660,0
17504,-6.399999999999949,6.950000000000241,29139,19660,0
17505,-5.399999999999935,-6.849999999999955,36863,19660,0
17506,-6.699999999999953,-7.8499999999999694,26443,19660,0
17507,-6.149999999999945,7.500000000000249,31150,19660,0
17508,-5.2499999999999325,9.100000000000271,38382,19660,0
17509,-5.04999999999993,5.400000000000219,39908,19660,0
17510,-5.999999999999943,-2.8499999999998984,32143,19660,0
17511,-5.9499999999999424,-2.1499999999998884,32557,19660,0
17512,-5.79999999999994,-7.049999999999958,33659,19660,0
17513,-5.699999999999939,5.700000000000223,34714,19660,0
17514,-6.699999999999953,-3.5499999999999083,26529,19660,0
17515,-7.349999999999962,3.2000000000001876,21464,19660,0
17516,-5.149999999999931,6.90000000000024,39138,19660,0
17517,-6.549999999999951,-1.54999999999988,27769,19660,0
17518,-6.49999999999995,-9.29999999999999,28014,19660,0
17519,-5.449999999999935,-1.4499999999998785,36571,19660,0
17520,-5.549999999999937,3.4000000000001904,35868,19660,0
17521,-6.549999999999951,0.05000000000014282,27801,19660,0
17522,-5.849999999999941,1.4500000000001627,33429,19660,0
17523,-6.949999999999957,-3.599999999999909,24528,19660,0
17524,-6.349999999999948,1.4500000000001627,29429,19660,0
17525,-6.549999999999951,-6.7999999999999545,27664,19660,0
17526,-6.999999999999957,6.050000000000228,24321,19660,0
17527,-7.099999999999959,-8.849999999999984,23223,19660,0
17528,-5.699999999999939,6.750000000000238,34735,19660,0
17529,-5.549999999999937,2.250000000000174,35845,19660,0
17530,-5.399999999999935,-4.449999999999921,36911,19660,0
17531,-5.899999999999942,4.650000000000208,33093,19660,0
17532,-6.49999999999995,2.600000000000179,28252,19660,0
17533,-7.449999999999964,-3.6499999999999098,20527,19660,0
17534,-5.199999999999932,-4.949999999999928,38501,19660,0
17535,-5.09999999999993,6.100000000000229,39522,19660,0
17536,-7.249999999999961,-6.549999999999951,22069,19660,0
17537,-5.74999999999994,-0.5499999999998657,34189,19660,0
17538,-6.099999999999945,8.000000000000256,31560,19660,0
17539,-7.049999999999958,-4.199999999999918,23716,19660,0
17540,-5.549999999999937,9.150000000000272,35983,19660,0
17541,-6.949999999999957,0.10000000000014353,24602,19660,0
17542,-6.549999999999951,4.850000000000211,27897,19660,0
17543,-5.899999999999942,-6.299999999999947,32874,19660,0
17544,-6.49999999999995,-2.9499999999999,28141,19660,0
17545,-6.149999999999945,-1.1499999999998742,30977,19660,0
17546,-5.399999999999935,-1.4499999999998785,36971,19660,0
17547,-5.149999999999931,5.750000000000224,39115,19660,0
17548,-7.349999999999962,-7.349999999999962,21253,19660,0
17549,-6.7999999999999545,-8.449999999999978,25631,19660,0
17550,-5.04999999999993,2.250000000000174,39845,19660,0
17551,-7.249999999999961,7.250000000000245,22345,19660,0
17552,-6.549999999999951,-5.74999999999994,27685,19660,0
17553,-5.79999999999994,-3.1499999999999027,33737,19660,0
17554,-6.399999999999949,-4.099999999999916,28918,19660,0
17555,-7.399999999999963,8.600000000000264,21172,19660,0
17556,-5.09999999999993,-2.4499999999998927,39351,19660,0
17557,-6.149999999999945,9.00000000000027,31180,19660,0
17558,-5.449999999999935,9.400000000000276,36788,19660,0
17559,-6.749999999999954,2.5500000000001783,26251,19660,0
17560,-6.949999999999957,-6.849999999999955,24463,19660,0
17561,-7.449999999999964,-5.499999999999936,20490,19660,0
17562,-5.549999999999937,5.200000000000216,35904,19660,0
17563,-7.4999999999999645,7.500000000000249,20350,19660,0
17564,-6.999999999999957,2.1500000000001727,24243,19660,0
17565,-7.299999999999962,-5.04999999999993,21699,19660,0
17566,-6.599999999999952,5.45000000000022,27509,19660,0
17567,-6.4499999999999496,-4.849999999999927,28503,19660,0
17568,-6.749999999999954,4.500000000000206,26290,19660,0
17569,-6.699999999999953,8.150000000000258,26763,19660,0
17570,-6.599999999999952,-9.899999999999999,27202,19660,0
17571,-5.149999999999931,4.0500000000002,39081,19660,0
17572,-5.399999999999935,6.750000000000238,37135,19660,0
17573,-6.349999999999948,-4.8999999999999275,29302,19660,0
17574,-5.199999999999932,-8.449999999999978,38431,19660,0
17575,-6.4499999999999496,3.6000000000001933,28672,19660,0
17576,-6.949999999999957,1.6500000000001656,24633,19660,0
17577,-5.74999999999994,5.45000000000022,34309,19660,0
17578,-5.09999999999993,5.150000000000215,39503,19660,0
17579,-5.449999999999935,-5.849999999999941,36483,19660,0
17580,-6.7999999999999545,6.300000000000232,25926,19660,0
17581,-6.099999999999945,7.650000000000251,31553,19660,0
17582,-5.09999999999993,-3.9999999999999147,39320,19660,0
17583,-7.399999999999963,1.9500000000001698,21039,19660,0
17584,-6.049999999999944,-5.649999999999938,31687,19660,0
17585,-5.899999999999942,-4.199999999999918,32916,19660,0
17586,-6.199999999999946,-1.2999999999998764,30574,19660,0
17587,-6.699999999999953,-8.299999999999976,26434,19660,0
17588,-7.1499999999999595,3.650000000000194,23073,19660,0
17589,-6.149999999999945,-5.9499999999999424,30881,19660,0
17590,-5.2499999999999325,-0.0499999999998586,38199,19660,0
17591,-5.299999999999933,-4.599999999999923,37708,19660,0
17592,-7.349999999999962,1.8000000000001677,21436,19660,0
17593,-6.949999999999957,9.950000000000284,24799,19660,0
17594,-7.349999999999962,-4.849999999999927,21303,19660,0
17595,-5.649999999999938,-7.649999999999967,34847,19660,0
17596,-6.049999999999944,8.850000000000268,31977,19660,0
17597,-5.849999999999941,2.5500000000001783,33451,19660,0
17598,-7.049999999999958,6.350000000000232,23927,19660,0
17599,-6.899999999999956,-2.549999999999894,24949,19660,0
17600,-5.79999999999994,-4.5499999999999226,33709,19660,0
17601,-5.74999999999994,2.750000000000181,34255,19660,0
17602,-7.099999999999959,3.2000000000001876,23464,19660,0
17603,-6.849999999999955,5.100000000000215,25502,19660,0
17604,-5.09999999999993,1.6000000000001648,39432,19660,0
17605,-7.249999999999961,8.850000000000268,22377,19660,0
17606,-6.549999999999951,-3.399999999999906,27732,19660,0
17607,-5.74999999999994,7.250000000000245,34345,19660,0
17608,-7.099999999999959,8.650000000000265,23573,19660,0
17609,-5.2499999999999325,4.350000000000204,38287,19660,0
17610,-6.4499999999999496,-9.95,28401,19660,0
17611,-5.74999999999994,1.1000000000001577,34222,19660,0
17612,-7.049999999999958,-3.8999999999999133,23722,19660,0
17613,-5.349999999999934,2.300000000000175,37446,19660,0
17614,-5.2499999999999325,-5.5999999999999375,38088,19660,0
17615,-6.249999999999947,-7.249999999999961,30055,19660,0
17616,-5.9499999999999424,9.65000000000028,32793,19660,0
17617,-6.099999999999945,-7.299999999999962,31254,19660,0
17618,-5.849999999999941,-5.79999999999994,33284,19660,0
17619,-7.049999999999958,4.6000000000002075,23892,19660,0
17620,-6.849999999999955,4.650000000000208,25493,19660,0
17621,-6.649999999999952,-1.5999999999998806,26968,19660,0
17622,-6.649999999999952,-2.6499999999998956,26947,19660,0
17623,-7.099999999999959,4.350000000000204,23487,19660,0
17624,-6.7999999999999545,-3.1999999999999034,25736,19660,0
17625,-5.04999999999993,-2.3499999999998913,39753,19660,0
17626,-6.649999999999952,0.9500000000001556,27019,19660,0
17627,-5.5999999999999375,7.250000000000245,35545,19660,0
17628,-5.04999999999993,8.050000000000257,39961,19660,0
17629,-5.149999999999931,-6.49999999999995,38870,19660,0
17630,-6.699999999999953,-4.749999999999925,26505,19660,0
17631,-6.549999999999951,-1.899999999999885,27762,19660,0
17632,-5.149999999999931,-3.9999999999999147,38920,19660,0
17633,-6.49999999999995,3.450000000000191,28269,19660,0
17634,-6.7999999999999545,-1.2499999999998757,25775,19660,0
17635,-7.449999999999964,5.950000000000227,20719,19660,0
17636,-5.549999999999937,0.5000000000001492,35810,19660,0
17637,-5.299999999999933,7.550000000000249,37951,19660,0
17638,-6.249999999999947,-9.799999999999997,30004,19660,0
17639,-7.049999999999958,-6.849999999999955,23663,19660,0
17640,-5.649999999999938,-6.099999999999945,34878,19660,0
17641,-5.499999999999936,3.0000000000001847,36260,19660,0
17642,-6.299999999999947,-9.34999999999999,29613,19660,0
17643,-6.549999999999951,9.65000000000028,27993,19660,0
17644,-7.19999999999996,4.300000000000203,22686,19660,0
17645,-7.449999999999964,6.300000000000232,20726,19660,0
17646,-6.749999999999954,-8.449999999999978,26031,19660,0
17647,-7.4999999999999645,0.7500000000001528,20215,19660,0
17648,-5.74999999999994,-4.699999999999925,34106,19660,0
17649,-5.199999999999932,-5.549999999999937,38489,19660,0
17650,-6.649999999999952,-8.699999999999982,26826,19660,0
17651,-5.09999999999993,-6.4499999999999496,39271,19660,0
17652,-6.199999999999946,2.250000000000174,30645,19660,0
17653,-5.299999999999933,6.800000000000239,37936,19660,0
17654,-5.649999999999938,-9.449999999999992,34811,19660,0
17655,-6.849999999999955,-8.449999999999978,25231,19660,0
17656,-5.04999999999993,-7.049999999999958,39659,19660,0
17657,-7.4999999999999645,-0.0499999999998586,20199,19660,0
17658,-6.199999999999946,1.400000000000162,30628,19660,0
17659,-7.399999999999963,1.8500000000001684,21037,19660,0
17660,-7.19999999999996,1.9500000000001698,22639,19660,0
17661,-6.349999999999948,4.000000000000199,29480,19660,0
17662,-6.899999999999956,9.600000000000279,25192,19660,0
17663,-5.699999999999939,-5.79999999999994,34484,19660,0
17664,-5.349999999999934,-6.599999999999952,37268,19660,0
17665,-5.149999999999931,4.80000000000021,39096,19660,0
17666,-6.249999999999947,-9.149999999999988,30017,19660,0
17667,-5.549999999999937,8.750000000000266,35975,19660,0
17668,-5.399999999999935,6.350000000000232,37127,19660,0
17669,-6.299999999999947,-8.299999999999976,29634,19660,0
17670,-5.849999999999941,-3.1999999999999034,33336,19660,0
17671,-5.2499999999999325,1.3500000000001613,38227,19660,0
17672,-6.049999999999944,3.650000000000194,31873,19660,0
17673,-5.74999999999994,1.1500000000001585,34223,19660,0
17674,-5.04999999999993,5.150000000000215,39903,19660,0
17675,-6.7999999999999545,-9.29999999999999,25614,19660,0
17676,-6.299999999999947,-4.0499999999999154,29719,19660,0
17677,-7.049999999999958,2.3500000000001755,23847,19660,0
17678,-6.699999999999953,8.30000000000026,26766,19660,0
17679,-5.649999999999938,-4.449999999999921,34911,19660,0
17680,-7.449999999999964,0.4000000000001478,20608,19660,0
17681,-7.049999999999958,-0.19999999999986073,23796,19660,0
17682,-7.4999999999999645,-3.749999999999911,20125,19660,0
17683,-6.049999999999944,2.800000000000182,31856,19660,0
17684,-5.849999999999941,1.7000000000001663,33434,19660,0
17685,-5.899999999999942,6.600000000000236,33132,19660,0
17686,-7.099999999999959,-3.4999999999999076,23330,19660,0
17687,-5.04999999999993,-9.749999999999996,39605,19660,0
17688,-5.699999999999939,-3.1499999999999027,34537,19660,0
17689,-5.79999999999994,-8.349999999999977,33633,19660,0
17690,-7.4999999999999645,-6.249999999999947,20075,19660,0
17691,-7.049999999999958,-8.499999999999979,23630,19660,0
17692,-6.099999999999945,0.6500000000001513,31413,19660,0
17693,-6.999999999999957,2.400000000000176,24248,19660,0
17694,-6.249999999999947,-0.6499999999998671,30187,19660,0
17695,-6.749999999999954,9.300000000000274,26386,19660,0
17696,-6.349999999999948,-1.3999999999998778,29372,19660,0
17697,-7.249999999999961,-5.09999999999993,22098,19660,0
17698,-5.2499999999999325,-1.0499999999998728,38179,19660,0
17699,-5.74999999999994,4.400000000000205,34288,19660,0
17700,-6.399999999999949,1.8000000000001677,29036,19660,0
17701,-5.449999999999935,-3.449999999999907,36531,19660,0
17702,-6.549999999999951,3.800000000000196,27876,19660,0
17703,-6.099999999999945,5.300000000000217,31506,19660,0
17704,-6.7999999999999545,0.9500000000001556,25819,19660,0
17705,-6.199999999999946,-4.149999999999917,30517,19660,0
17706,-5.299999999999933,-5.349999999999934,37693,19660,0
17707,-6.049999999999944,-6.699999999999953,31666,19660,0
17708,-7.19999999999996,-8.099999999999973,22438,19660,0
17709,-7.399999999999963,6.1500000000002295,21123,19660,0
17710,-6.549999999999951,-6.549999999999951,27669,19660,0
17711,-5.149999999999931,-1.2999999999998764,38974,19660,0
17712,-7.449999999999964,-8.049999999999972,20439,19660,0
17713,-6.649999999999952,0.25000000000014566,27005,19660,0
17714,-5.299999999999933,-9.849999999999998,37603,19660,0
17715,-6.49999999999995,1.1500000000001585,28223,19660,0
17716,-5.399999999999935,-4.5499999999999226,36909,19660,0
17717,-5.399999999999935,1.5000000000001634,37030,19660,0
17718,-6.199999999999946,-5.79999999999994,30484,19660,0
17719,-6.099999999999945,-2.049999999999887,31359,19660,0
17720,-5.899999999999942,-1.2999999999998764,32974,19660,0
17721,-5.79999999999994,0.10000000000014353,33802,19660,0
17722,-5.74999999999994,-3.3499999999999055,34133,19660,0
17723,-7.299999999999962,-6.249999999999947,21675,19660,0
17724,-6.599999999999952,6.950000000000241,27539,19660,0
17725,-6.699999999999953,-5.349999999999934,26493,19660,0
17726,-5.5999999999999375,-0.29999999999986215,35394,19660,0
17727,-7.4999999999999645,-3.399999999999906,20132,19660,0
17728,-5.649999999999938,-5.149999999999931,34897,19660,0
17729,-5.09999999999993,2.6500000000001798,39453,19660,0
17730,-6.099999999999945,-0.5499999999998657,31389,19660,0
17731,-5.499999999999936,8.95000000000027,36379,19660,0
17732,-6.649999999999952,8.95000000000027,27179,19660,0
17733,-6.49999999999995,5.45000000000022,28309,19660,0
17734,-5.2499999999999325,-6.049999999999944,38079,19660,0
17735,-6.7999999999999545,-3.799999999999912,25724,19660,0
17736,-7.4999999999999645,0.15000000000014424,20203,19660,0
17737,-5.899999999999942,3.500000000000192,33070,19660,0
17738,-7.299999999999962,9.00000000000027,21980,19660,0
17739,-6.049999999999944,5.100000000000215,31902,19660,0
17740,-7.4999999999999645,3.800000000000196,20276,19660,0
17741,-6.099999999999945,8.600000000000264,31572,19660,0
17742,-5.399999999999935,0.10000000000014353,37002,19660,0
17743,-5.199999999999932,1.3000000000001606,38626,19660,0
17744,-7.249999999999961,1.4210854715202004e-13,22200,19660,0
17745,-6.149999999999945,-7.449999999999964,30851,19660,0
17746,-6.849999999999955,-2.1499999999998884,25357,19660,0
17747,-7.299999999999962,-2.549999999999894,21749,19660,0
17748,-5.199999999999932,-5.349999999999934,38493,19660,0
17749,-6.599999999999952,8.35000000000026,27567,19660,0
17750,-7.099999999999959,-3.3499999999999055,23333,19660,0
17751,-5.549999999999937,2.8500000000001826,35857,19660,0
17752,-5.449999999999935,2.250000000000174,36645,19660,0
17753,-5.699999999999939,-5.399999999999935,34492,19660,0
17754,-6.4499999999999496,2.3500000000001755,28647,19660,0
17755,-6.349999999999948,7.400000000000247,29548,19660,0
17756,-5.849999999999941,-3.799999999999912,33324,19660,0
17757,-6.849999999999955,1.7000000000001663,25434,19660,0
17758,-5.74999999999994,3.7500000000001954,34275,19660,0
17759,-6.399999999999949,3.850000000000197,29077,19660,0
17760,-5.9499999999999424,-7.19999999999996,32456,19660,0
17761,-5.449999999999935,5.100000000000215,36702,19660,0
17762,-6.849999999999955,3.800000000000196,25476,19660,0
17763,-7.449999999999964,5.950000000000227,20719,19660,0
17764,-5.04999999999993,3.7000000000001947,39874,19660,0
17765,-5.899999999999942,0.6000000000001506,33012,19660,0
17766,-5.399999999999935,2.100000000000172,37042,19660,0
17767,-6.599999999999952,4.400000000000205,27488,19660,0
17768,-7.049999999999958,-0.4499999999998643,23791,19660,0
17769,-5.5999999999999375,9.75000000000028,35595,19660,0
17770,-5.04999999999993,4.80000000000021,39896,19660,0
17771,-6.399999999999949,0.5500000000001499,29011,19660,0
17772,-5.149999999999931,7.850000000000254,39157,19660,0
17773,-5.5999999999999375,-0.14999999999986002,35397,19660,0
17774,-7.299999999999962,4.500000000000206,21890,19660,0
17775,-6.649999999999952,-5.149999999999931,26897,19660,0
17776,-7.449999999999964,9.70000000000028,20794,19660,0
17777,-7.049999999999958,-5.2499999999999325,23695,19660,0
17778,-6.199999999999946,-5.79999999999994,30484,19660,0
17779,-5.09999999999993,-1.7499999999998828,39365,19660,0
17780,-7.299999999999962,-1.8499999999998842,21763,19660,0
17781,-6.049999999999944,-1.899999999999885,31762,19660,0
17782,-7.249999999999961,7.7000000000002515,22354,19660,0
17783,-5.299999999999933,-0.5999999999998664,37788,19660,0
17784,-6.849999999999955,-7.399999999999963,25252,19660,0
17785,-6.349999999999948,-2.399999999999892,29352,19660,0
17786,-6.749999999999954,3.450000000000191,26269,19660,0
17787,-6.899999999999956,-6.199999999999946,24876,19660,0
17788,-6.549999999999951,-0.6499999999998671,27787,19660,0
17789,-6.649999999999952,6.950000000000241,27139,19660,0
17790,-6.599999999999952,0.5000000000001492,27410,19660,0
17791,-7.4999999999999645,2.0500000000001712,20241,19660,0
17792,-6.899999999999956,-9.849999999999998,24803,19660,0
17793,-5.449999999999935,4.000000000000199,36680,19660,0
17794,-5.999999999999943,0.3500000000001471,32207,19660,0
17795,-7.1499999999999595,2.300000000000175,23046,19660,0
17796,-6.199999999999946,7.500000000000249,30750,19660,0
17797,-6.949999999999957,1.6000000000001648,24632,19660,0
17798,-5.499999999999936,9.300000000000274,36386,19660,0
17799,-6.549999999999951,2.5500000000001783,27851,19660,0
17800,-6.149999999999945,6.250000000000231,31125,19660,0
17801,-6.049999999999944,-3.5499999999999083,31729,19660,0
17802,-5.349999999999934,0.9000000000001549,37418,19660,0
17803,-5.649999999999938,-4.199999999999918,34916,19660,0
17804,-5.649999999999938,4.900000000000212,35098,19660,0
17805,-6.999999999999957,-4.949999999999928,24101,19660,0
17806,-7.349999999999962,5.100000000000215,21502,19660,0
17807,-5.2499999999999325,-1.0999999999998735,38178,19660,0
17808,-6.599999999999952,-1.8499999999998842,27363,19660,0
17809,-6.849999999999955,-6.399999999999949,25272,19660,0
17810,-6.599999999999952,8.450000000000262,27569,19660,0
17811,-6.699999999999953,8.000000000000256,26760,19660,0
17812,-5.549999999999937,1.5500000000001641,35831,19660,0
17813,-6.7999999999999545,1.4210854715202004e-13,25800,19660,0
17814,-7.4999999999999645,2.0500000000001712,20241,19660,0
17815,-6.49999999999995,-0.4499999999998643,28191,19660,0
17816,-5.399999999999935,-4.649999999999924,36907,19660,0
17817,-6.399999999999949,-7.749999999999968,28845,19660,0
17818,-6.399999999999949,-7.099999999999959,28858,19660,0
17819,-5.199999999999932,-1.2499999999998757,38575,19660,0
17820,-6.649999999999952,6.20000000000023,27124,19660,0
17821,-5.2499999999999325,-0.29999999999986215,38194,19660,0
17822,-6.7999999999999545,7.750000000000252,25955,19660,0
17823,-5.549999999999937,-8.699999999999982,35626,19660,0
17824,-5.09999999999993,6.350000000000232,39527,19660,0
17825,-7.4999999999999645,-5.74999999999994,20085,19660,0
17826,-5.999999999999943,3.7500000000001954,32275,19660,0
17827,-7.349999999999962,-1.54999999999988,21369,19660,0
17828,-7.299999999999962,8.25000000000026,21965,19660,0
17829,-5.04999999999993,1.8000000000001677,39836,19660,0
17830,-5.399999999999935,-4.749999999999925,36905,19660,0
17831,-7.099999999999959,0.05000000000014282,23401,19660,0
17832,-5.449999999999935,0.4000000000001478,36608,19660,0
17833,-7.249999999999961,3.500000000000192,22270,19660,0
17834,-7.299999999999962,-6.649999999999952,21667,19660,0
17835,-6.549999999999951,-2.24999999999989,27755,19660,0
17836,-7.099999999999959,-2.4999999999998934,23350,19660,0
17837,-6.849999999999955,2.5500000000001783,25451,19660,0
17838,-6.849999999999955,-7.449999999999964,25251,19660,0
17839,-6.849999999999955,7.750000000000252,25555,19660,0
17840,-7.19999999999996,-6.549999999999951,22469,19660,0
17841,-7.19999999999996,-2.24999999999989,22555,19660,0
17842,-6.349999999999948,0.6000000000001506,29412,19660,0
17843,-6.199999999999946,1.750000000000167,30635,19660,0
17844,-7.049999999999958,1.5500000000001641,23831,19660,0
17845,-5.79999999999994,4.1000000000002,33882,19660,0
17846,-6.549999999999951,-3.099999999999902,27738,19660,0
17847,-5.299999999999933,-2.599999999999895,37748,19660,0
17848,-6.7999999999999545,8.600000000000264,25972,19660,0
17849,-5.849999999999941,-8.999999999999986,33220,19660,0
17850,-6.599999999999952,-3.399999999999906,27332,19660,0
17851,-7.099999999999959,-1.4499999999998785,23371,19660,0
17852,-6.399999999999949,-0.6499999999998671,28987,19660,0
17853,-6.49999999999995,4.150000000000201,28283,19660,0
17854,-5.79999999999994,-7.099999999999959,33658,19660,0
17855,-5.149999999999931,3.2500000000001883,39065,19660,0
17856,-5.499999999999936,-2.9499999999999,36141,19660,0
17857,-5.899999999999942,9.00000000000027,33180,19660,0
17858,-7.19999999999996,7.350000000000247,22747,19660,0
17859,-6.949999999999957,-0.6999999999998678,24586,19660,0
17860,-6.7999999999999545,9.200000000000273,25984,19660,0
17861,-6.099999999999945,4.1000000000002,31482,19660,0
17862,-5.09999999999993,-0.34999999999986287,39393,19660,0
17863,-6.149999999999945,4.350000000000204,31087,19660,0
17864,-7.299999999999962,-1.7499999999998828,21765,19660,0
17865,-5.79999999999994,3.850000000000197,33877,19660,0
17866,-6.849999999999955,0.5500000000001499,25411,19660,0
17867,-7.1499999999999595,-0.19999999999986073,22996,19660,0
17868,-5.79999999999994,-6.349999999999948,33673,19660,0
17869,-5.399999999999935,-4.649999999999924,36907,19660,0
17870,-5.9499999999999424,-4.649999999999924,32507,19660,0
17871,-7.249999999999961,6.950000000000241,22339,19660,0
17872,-5.5999999999999375,5.300000000000217,35506,19660,0
17873,-6.849999999999955,7.150000000000244,25543,19660,0
17874,-5.999999999999943,1.3000000000001606,32226,19660,0
17875,-5.349999999999934,9.900000000000283,37598,19660,0
17876,-7.4999999999999645,9.300000000000274,20386,19660,0
17877,-5.2499999999999325,-1.699999999999882,38166,19660,0
17878,-5.549999999999937,2.6500000000001798,35853,19660,0
17879,-5.2499999999999325,7.650000000000251,38353,19660,0
17880,-5.5999999999999375,-3.4999999999999076,35330,19660,0
17881,-5.449999999999935,2.2000000000001734,36644,19660,0
17882,-5.299999999999933,-5.09999999999993,37698,19660,0
17883,-6.7999999999999545,-3.099999999999902,25738,19660,0
17884,-7.299999999999962,7.900000000000254,21958,19660,0
17885,-7.099999999999959,1.900000000000169,23438,19660,0
17886,-5.2499999999999325,-4.699999999999925,38106,19660,0
17887,-7.049999999999958,2.0000000000001705,23840,19660,0
17888,-5.74999999999994,-2.0999999999998877,34158,19660,0
17889,-5.74999999999994,-1.0999999999998735,34178,19660,0
17890,-6.649999999999952,-5.5999999999999375,26888,19660,0
17891,-7.399999999999963,9.950000000000284,21199,19660,0
17892,-6.899999999999956,8.95000000000027,25179,19660,0
17893,-5.499999999999936,8.150000000000258,36363,19660,0
17894,-5.09999999999993,-2.4499999999998927,39351,19660,0
17895,-6.049999999999944,-6.249999999999947,31675,19660,0
17896,-5.299999999999933,-2.6499999999998956,37747,19660,0
17897,-5.999999999999943,4.000000000000199,32280,19660,0
17898,-6.949999999999957,-2.599999999999895,24548,19660,0
17899,-6.749999999999954,-5.79999999999994,26084,19660,0
17900,-6.999999999999957,8.800000000000267,24376,19660,0
17901,-6.299999999999947,-9.24999999999999,29615,19660,0
17902,-5.449999999999935,1.5500000000001641,36631,19660,0
17903,-5.899999999999942,8.400000000000261,33168,19660,0
17904,-6.349999999999948,-1.899999999999885,29362,19660,0
17905,-6.349999999999948,-3.799999999999912,29324,19660,0
17906,-6.399999999999949,0.8500000000001542,29017,19660,0
17907,-6.199999999999946,6.400000000000233,30728,19660,0
17908,-5.149999999999931,-0.9999999999998721,38980,19660,0
17909,-6.149999999999945,1.1500000000001585,31023,19660,0
17910,-7.449999999999964,4.75000000000021,20695,19660,0
17911,-6.49999999999995,5.200000000000216,28304,19660,0
17912,-6.599999999999952,7.300000000000246,27546,19660,0
17913,-6.7999999999999545,-8.59999999999998,25628,19660,0
17914,-7.1499999999999595,-5.999999999999943,22880,19660,0
17915,-5.649999999999938,9.75000000000028,35195,19660,0
17916,-7.449999999999964,6.5000000000002345,20730,19660,0
17917,-5.399999999999935,3.9000000000001975,37078,19660,0
17918,-5.149999999999931,-2.199999999999889,38956,19660,0
17919,-5.149999999999931,6.950000000000241,39139,19660,0
17920,-6.849999999999955,4.75000000000021,25495,19660,0
17921,-6.699999999999953,-8.299999999999976,26434,19660,0
17922,-5.79999999999994,3.800000000000196,33876,19660,0
17923,-6.949999999999957,1.7000000000001663,24634,19660,0
17924,-5.74999999999994,-5.74999999999994,34085,19660,0
17925,-7.4999999999999645,-6.199999999999946,20076,19660,0
17926,-5.199999999999932,4.700000000000209,38694,19660,0
17927,-6.999999999999957,-8.799999999999983,24024,19660,0
17928,-5.79999999999994,-4.499999999999922,33710,19660,0
17929,-5.349999999999934,9.200000000000273,37584,19660,0
17930,-5.299999999999933,-6.599999999999952,37668,19660,0
17931,-5.299999999999933,3.5500000000001926,37871,19660,0
17932,-6.599999999999952,6.1500000000002295,27523,19660,0
17933,-5.149999999999931,7.150000000000244,39143,19660,0
17934,-6.699999999999953,3.0500000000001855,26661,19660,0
17935,-7.19999999999996,2.5000000000001776,22650,19660,0
17936,-5.999999999999943,-9.29999999999999,32014,19660,0
17937,-7.399999999999963,4.150000000000201,21083,19660,0
17938,-7.399999999999963,-8.399999999999977,20832,19660,0
17939,-6.199999999999946,-0.0499999999998586,30599,19660,0
17940,-5.04999999999993,-0.29999999999986215,39794,19660,0
17941,-7.449999999999964,-7.649999999999967,20447,19660,0
17942,-7.1499999999999595,1.900000000000169,23038,19660,0
17943,-7.249999999999961,7.60000000000025,22352,19660,0
17944,-5.549999999999937,3.2500000000001883,35865,19660,0
17945,-5.499999999999936,4.2500000000002025,36285,19660,0
17946,-6.199999999999946,9.900000000000283,30798,19660,0
17947,-5.9499999999999424,7.950000000000255,32759,19660,0
17948,-5.649999999999938,-9.049999999999986,34819,19660,0
17949,-5.699999999999939,-4.849999999999927,34503,19660,0
17950,-7.049999999999958,-1.7999999999998835,23764,19660,0
17951,-7.399999999999963,-4.149999999999917,20917,19660,0
17952,-6.7999999999999545,6.5000000000002345,25930,19660,0
17953,-7.349999999999962,-9.449999999999992,21211,19660,0
17954,-7.349999999999962,-2.4499999999998927,21351,19660,0
17955,-6.949999999999957,-1.899999999999885,24562,19660,0
17956,-5.5999999999999375,2.250000000000174,35445,19660,0
17957,-7.449999999999964,8.600000000000264,20772,19660,0
17958,-6.949999999999957,7.450000000000248,24749,19660,0
17959,-7.399999999999963,-4.39999999999992,20912,19660,0
17960,-5.349999999999934,1.4210854715202004e-13,37400,19660,0
17961,-5.9499999999999424,-7.549999999999965,32449,19660,0
17962,-7.349999999999962,0.3500000000001471,21407,19660,0
17963,-6.699999999999953,1.0000000000001563,26620,19660,0
17964,-6.549999999999951,-8.199999999999974,27636,19660,0
17965,-5.79999999999994,9.300000000000274,33986,19660,0
17966,-6.599999999999952,-5.449999999999935,27291,19660,0
17967,-7.249999999999961,-9.099999999999987,22018,19660,0
17968,-7.099999999999959,0.6500000000001513,23413,19660,0
17969,-6.699999999999953,-6.349999999999948,26473,19660,0
17970,-5.79999999999994,-0.29999999999986215,33794,19660,0
17971,-7.049999999999958,-0.7499999999998685,23785,19660,0
17972,-7.299999999999962,-7.099999999999959,21658,19660,0
17973,-6.399999999999949,-0.9499999999998714,28981,19660,0
17974,-5.79999999999994,5.350000000000218,33907,19660,0
17975,-7.449999999999964,-5.149999999999931,20497,19660,0
17976,-5.649999999999938,4.700000000000209,35094,19660,0
17977,-5.449999999999935,-5.74999999999994,36485,19660,0
17978,-5.2499999999999325,3.650000000000194,38273,19660,0
17979,-6.599999999999952,1.750000000000167,27435,19660,0
17980,-5.549999999999937,3.100000000000186,35862,19660,0
17981,-7.449999999999964,-4.699999999999925,20506,19660,0
17982,-7.19999999999996,4.9500000000002125,22699,19660,0
17983,-7.19999999999996,-2.399999999999892,22552,19660,0
17984,-5.999999999999943,-6.949999999999957,32061,19660,0
17985,-5.04999999999993,-6.549999999999951,39669,19660,0
17986,-5.04999999999993,7.7000000000002515,39954,19660,0
17987,-5.299999999999933,-5.149999999999931,37697,19660,0
17988,-5.09999999999993,-7.399999999999963,39252,19660,0
17989,-7.4999999999999645,5.150000000000215,20303,19660,0
17990,-6.399999999999949,-8.59999999999998,28828,19660,0
17991,-6.7999999999999545,5.8000000000002245,25916,19660,0
17992,-5.699999999999939,-8.799999999999983,34424,19660,0
17993,-6.4499999999999496,4.500000000000206,28690,19660,0
17994,-6.849999999999955,9.250000000000274,25585,19660,0
17995,-6.049999999999944,-8.999999999999986,31620,19660,0
17996,-6.099999999999945,8.600000000000264,31572,19660,0
17997,-5.9499999999999424,-8.59999999999998,32428,19660,0
17998,-6.099999999999945,-7.89999999999997,31242,19660,0
17999,-6.949999999999957,-6.4499999999999496,24471,19660,0
18000,-6.549999999999951,5.400000000000219,27908,19660,0
18001,-6.699999999999953,-0.34999999999986287,26593,19660,0
18002,-7.099999999999959,9.950000000000284,23599,19660,0
18003,-6.4499999999999496,7.100000000000243,28742,19660,0
18004,-6.099999999999945,-1.699999999999882,31366,19660,0
18005,-5.09999999999993,8.900000000000269,39578,19660,0
18006,-7.4999999999999645,5.250000000000217,20305,19660,0
18007,-6.749999999999954,-3.8999999999999133,26122,19660,0
18008,-5.2499999999999325,3.9500000000001982,38279,19660,0
18009,-6.699999999999953,-1.54999999999988,26569,19660,0
18010,-6.599999999999952,-9.049999999999986,27219,19660,0
18011,-6.249999999999947,-6.899999999999956,30062,19660,0
18012,-5.549999999999937,1.1500000000001585,35823,19660,0
18013,-7.399999999999963,5.200000000000216,21104,19660,0
18014,-5.299999999999933,9.00000000000027,37980,19660,0
18015,-7.449999999999964,-4.149999999999917,20517,19660,0
18016,-6.7999999999999545,0.7500000000001528,25815,19660,0
18017,-6.899999999999956,-9.099999999999987,24818,19660,0
18018,-5.09999999999993,-0.6999999999998678,39386,19660,0
18019,-5.649999999999938,-6.699999999999953,34866,19660,0
18020,-5.399999999999935,-4.449999999999921,36911,19660,0
18021,-5.04999999999993,-6.549999999999951,39669,19660,0
18022,-6.49999999999995,-6.149999999999945,28077,19660,0
18023,-6.7999999999999545,-8.449999999999978,25631,19660,0
18024,-5.499999999999936,8.30000000000026,36366,19660,0
18025,-7.099999999999959,2.0500000000001712,23441,19660,0
18026,-5.349999999999934,2.1500000000001727,37443,19660,0
18027,-5.649999999999938,-8.399999999999977,34832,19660,0
18028,-5.999999999999943,7.050000000000242,32341,19660,0
18029,-7.399999999999963,-4.099999999999916,20918,19660,0
18030,-6.649999999999952,-2.7999999999998977,26944,19660,0
18031,-5.549999999999937,-3.299999999999905,35734,19660,0
18032,-6.699999999999953,5.850000000000225,26717,19660,0
18033,-6.199999999999946,7.100000000000243,30742,19660,0
18034,-5.04999999999993,4.300000000000203,39886,19660,0
18035,-7.1499999999999595,-3.0499999999999012,22939,19660,0
18036,-7.049999999999958,-2.399999999999892,23752,19660,0
18037,-5.399999999999935,-8.64999999999998,36827,19660,0
18038,-5.499999999999936,8.650000000000265,36373,19660,0
18039,-5.199999999999932,1.7000000000001663,38634,19660,0
18040,-7.299999999999962,-4.699999999999925,21706,19660,0
18041,-6.049999999999944,1.4500000000001627,31829,19660,0
18042,-6.349999999999948,3.0500000000001855,29461,19660,0
18043,-6.949999999999957,3.800000000000196,24676,19660,0
18044,-6.849999999999955,-1.2499999999998757,25375,19660,0
18045,-5.74999999999994,4.150000000000201,34283,19660,0
18046,-6.599999999999952,-4.949999999999928,27301,19660,0
18047,-6.549999999999951,-9.549999999999994,27609,19660,0
18048,-7.049999999999958,-3.8499999999999126,23723,19660,0
18049,-5.5999999999999375,-0.84999999999987,35383,19660,0
18050,-5.299999999999933,0.6000000000001506,37812,19660,0
18051,-6.199999999999946,2.300000000000175,30646,19660,0
18052,-7.4999999999999645,-9.099999999999987,20018,19660,0
18053,-6.349999999999948,-8.949999999999985,29221,19660,0
18054,-7.1499999999999595,1.3500000000001613,23027,19660,0
18055,-5.149999999999931,0.10000000000014353,39002,19660,0
18056,-6.649999999999952,1.0000000000001563,27020,19660,0
18057,-5.2499999999999325,9.800000000000281,38396,19660,0
18058,-6.849999999999955,-6.949999999999957,25261,19660,0
18059,-5.04999999999993,9.00000000000027,39980,19660,0
18060,-6.349999999999948,-9.849999999999998,29203,19660,0
18061,-7.19999999999996,-9.799999999999997,22404,19660,0
18062,-6.949999999999957,7.800000000000253,24756,19660,0
18063,-5.349999999999934,-6.549999999999951,37269,19660,0
18064,-6.49999999999995,-0.9999999999998721,28180,19660,0
18065,-6.749999999999954,8.400000000000261,26368,19660,0
18066,-7.299999999999962,-4.34999999999992,21713,19660,0
18067,-6.949999999999957,9.950000000000284,24799,19660,0
18068,-6.849999999999955,7.050000000000242,25541,19660,0
18069,-6.099999999999945,-5.149999999999931,31297,19660,0
18070,-7.399999999999963,8.25000000000026,21165,19660,0
18071,-5.849999999999941,6.750000000000238,33535,19660,0
18072,-5.74999999999994,6.600000000000236,34332,19660,0
18073,-5.149999999999931,-0.14999999999986002,38997,19660,0
18074,-5.74999999999994,-5.09999999999993,34098,19660,0
18075,-6.899999999999956,4.000000000000199,25080,19660,0
18076,-6.649999999999952,0.5000000000001492,27010,19660,0
18077,-6.849999999999955,-5.04999999999993,25299,19660,0
18078,-6.4499999999999496,1.7000000000001663,28634,19660,0
18079,-6.749999999999954,-4.8999999999999275,26102,19660,0
18080,-6.399999999999949,4.700000000000209,29094,19660,0
18081,-5.849999999999941,-1.2499999999998757,33375,19660,0
18082,-5.999999999999943,-0.6999999999998678,32186,19660,0
18083,-6.199999999999946,-0.7999999999998693,30584,19660,0
18084,-5.09999999999993,4.650000000000208,39493,19660,0
18085,-5.09999999999993,3.6000000000001933,39472,19660,0
18086,-5.849999999999941,0.9500000000001556,33419,19660,0
18087,-7.049999999999958,-9.29999999999999,23614,19660,0
18088,-6.4499999999999496,7.60000000000025,28752,19660,0
18089,-6.999999999999957,7.900000000000254,24358,19660,0
18090,-6.249999999999947,-2.1499999999998884,30157,19660,0
18091,-6.4499999999999496,2.100000000000172,28642,19660,0
18092,-5.699999999999939,-9.29999999999999,34414,19660,0
18093,-6.7999999999999545,-9.149999999999988,25617,19660,0
18094,-5.999999999999943,6.100000000000229,32322,19660,0
18095,-7.399999999999963,-9.499999999999993,20810,19660,0
18096,-6.4499999999999496,-6.49999999999995,28470,19660,0
18097,-6.699999999999953,-1.349999999999877,26573,19660,0
18098,-5.549999999999937,0.6000000000001506,35812,19660,0
18099,-7.349999999999962,9.550000000000278,21591,19660,0
18100,-7.049999999999958,0.5500000000001499,23811,19660,0
18101,-6.349999999999948,-6.4499999999999496,29271,19660,0
18102,-6.049999999999944,-1.1499999999998742,31777,19660,0
18103,-6.199999999999946,8.25000000000026,30765,19660,0
18104,-5.74999999999994,4.0500000000002,34281,19660,0
18105,-6.099999999999945,-0.4499999999998643,31391,19660,0
18106,-5.399999999999935,-3.5499999999999083,36929,19660,0
18107,-6.999999999999957,7.7000000000002515,24354,19660,0
18108,-6.299999999999947,-9.649999999999995,29607,19660,0
18109,-6.4499999999999496,5.400000000000219,28708,19660,0
18110,-5.199999999999932,-5.2499999999999325,38495,19660,0
18111,-6.149999999999945,5.250000000000217,31105,19660,0
18112,-6.949999999999957,-0.7499999999998685,24585,19660,0
18113,-5.849999999999941,-6.349999999999948,33273,19660,0
18114,-6.649999999999952,-1.6499999999998813,26967,19660,0
18115,-6.699999999999953,-4.249999999999918,26515,19660,0
18116,-6.099999999999945,-7.049999999999958,31259,19660,0
18117,-5.699999999999939,-7.19999999999996,34456,19660,0
18118,-7.049999999999958,-6.949999999999957,23661,19660,0
18119,-5.499999999999936,-8.249999999999975,36035,19660,0
18120,-6.099999999999945,-2.4499999999998927,31351,19660,0
18121,-6.599999999999952,0.20000000000014495,27404,19660,0
18122,-7.349999999999962,1.8000000000001677,21436,19660,0
18123,-6.299999999999947,7.60000000000025,29952,19660,0
18124,-7.099999999999959,-1.1499999999998742,23377,19660,0
18125,-6.899999999999956,2.0500000000001712,25041,19660,0
18126,-6.249999999999947,3.9500000000001982,30279,19660,0
18127,-6.049999999999944,-4.249999999999918,31715,19660,0
18128,-6.949999999999957,-8.049999999999972,24439,19660,0
18129,-6.899999999999956,0.3500000000001471,25007,19660,0
18130,-5.5999999999999375,-2.24999999999989,35355,19660,0
18131,-5.2499999999999325,6.5000000000002345,38330,19660,0
18132,-5.899999999999942,9.450000000000276,33189,19660,0
18133,-5.2499999999999325,-4.599999999999923,38108,19660,0
18134,-5.999999999999943,-1.3999999999998778,32172,19660,0
18135,-6.649999999999952,-9.099999999999987,26818,19660,0
18136,-5.449999999999935,-9.29999999999999,36414,19660,0
18137,-6.999999999999957,1.750000000000167,24235,19660,0
18138,-5.199999999999932,-8.899999999999984,38422,19660,0
18139,-6.899999999999956,8.30000000000026,25166,19660,0
18140,-5.09999999999993,-8.699999999999982,39226,19660,0
18141,-5.899999999999942,-0.6999999999998678,32986,19660,0
18142,-5.9499999999999424,-7.349999999999962,32453,19660,0
18143,-6.249999999999947,3.7000000000001947,30274,19660,0
18144,-5.399999999999935,7.200000000000244,37144,19660,0
18145,-6.999999999999957,-2.749999999999897,24145,19660,0
18146,-6.899999999999956,4.300000000000203,25086,19660,0
18147,-6.699999999999953,-3.9999999999999147,26520,19660,0
18148,-6.299999999999947,7.60000000000025,29952,19660,0
18149,-6.399999999999949,8.550000000000264,29171,19660,0
18150,-6.599999999999952,-7.19999999999996,27256,19660,0
18151,-6.049999999999944,2.8500000000001826,31857,19660,0
18152,-5.499999999999936,-8.64999999999998,36027,19660,0
18153,-5.74999999999994,-4.699999999999925,34106,19660,0
18154,-6.7999999999999545,9.350000000000275,25987,19660,0
18155,-5.449999999999935,9.65000000000028,36793,19660,0
18156,-6.699999999999953,-3.1999999999999034,26536,19660,0
18157,-6.899999999999956,4.650000000000208,25093,19660,0
18158,-6.149999999999945,-4.0499999999999154,30919,19660,0
18159,-5.849999999999941,-1.2999999999998764,33374,19660,0
18160,-6.299999999999947,2.7000000000001805,29854,19660,0
18161,-6.649999999999952,-3.3499999999999055,26933,19660,0
18162,-5.299999999999933,-6.949999999999957,37661,19660,0
18163,-7.399999999999963,-4.749999999999925,20905,19660,0
18164,-5.09999999999993,2.9000000000001833,39458,19660,0
18165,-6.099999999999945,0.5500000000001499,31411,19660,0
18166,-6.849999999999955,-2.749999999999897,25345,19660,0
18167,-5.79999999999994,8.150000000000258,33963,19660,0
18168,-5.849999999999941,7.800000000000253,33556,19660,0
18169,-6.399999999999949,0.7000000000001521,29014,19660,0
18170,-5.149999999999931,9.600000000000279,39192,19660,0
18171,-5.5999999999999375,7.950000000000255,35559,19660,0
18172,-6.749999999999954,9.300000000000274,26386,19660,0
18173,-6.199999999999946,-7.349999999999962,30453,19660,0
18174,-7.449999999999964,5.150000000000215,20703,19660,0
18175,-6.399999999999949,6.750000000000238,29135,19660,0
18176,-5.09999999999993,1.3500000000001613,39427,19660,0
18177,-6.7999999999999545,1.2500000000001599,25825,19660,0
18178,-5.299999999999933,-3.449999999999907,37731,19660,0
18179,-5.499999999999936,4.300000000000203,36286,19660,0
18180,-6.199999999999946,0.4500000000001485,30609,19660,0
18181,-6.649999999999952,3.100000000000186,27062,19660,0
18182,-6.299999999999947,-6.399999999999949,29672,19660,0
18183,-7.4999999999999645,-8.799999999999983,20024,19660,0
18184,-5.74999999999994,-4.599999999999923,34108,19660,0
18185,-5.04999999999993,-7.699999999999967,39646,19660,0
18186,-5.79999999999994,-1.4499999999998785,33771,19660,0
18187,-6.299999999999947,-6.149999999999945,29677,19660,0
18188,-6.149999999999945,-9.749999999999996,30805,19660,0
18189,-5.849999999999941,-1.899999999999885,33362,19660,0
18190,-7.249999999999961,1.3000000000001606,22226,19660,0
18191,-7.449999999999964,3.2500000000001883,20665,19660,0
18192,-5.79999999999994,4.9500000000002125,33899,19660,0
18193,-5.349999999999934,-7.949999999999971,37241,19660,0
18194,-5.04999999999993,-6.899999999999956,39662,19660,0
18195,-5.299999999999933,-7.699999999999967,37646,19660,0
18196,-5.199999999999932,0.15000000000014424,38603,19660,0
18197,-6.349999999999948,7.950000000000255,29559,19660,0
18198,-6.099999999999945,7.000000000000242,31540,19660,0
18199,-5.9499999999999424,8.850000000000268,32777,19660,0
18200,-5.5999999999999375,3.6000000000001933,35472,19660,0
18201,-6.399999999999949,3.9000000000001975,29078,19660,0
18202,-7.449999999999964,4.000000000000199,20680,19660,0
18203,-6.949999999999957,7.750000000000252,24755,19660,0
18204,-5.699999999999939,-5.199999999999932,34496,19660,0
18205,-7.4999999999999645,-1.2499999999998757,20175,19660,0
18206,-5.2499999999999325,9.600000000000279,38392,19660,0
18207,-5.5999999999999375,3.4000000000001904,35468,19660,0
18208,-6.049999999999944,-9.24999999999999,31615,19660,0
18209,-7.449999999999964,7.750000000000252,20755,19660,0
18210,-5.09999999999993,-1.4499999999998785,39371,19660,0
18211,-5.04999999999993,1.6500000000001656,39833,19660,0
18212,-5.199999999999932,-7.799999999999969,38444,19660,0
18213,-5.449999999999935,1.900000000000169,36638,19660,0
18214,-5.549999999999937,-1.8499999999998842,35763,19660,0
18215,-6.049999999999944,9.850000000000282,31997,19660,0
18216,-5.349999999999934,9.500000000000277,37590,19660,0
18217,-6.199999999999946,-5.649999999999938,30487,19660,0
18218,-6.149999999999945,4.000000000000199,31080,19660,0
18219,-7.1499999999999595,-9.799999999999997,22804,19660,0
18220,-6.949999999999957,6.100000000000229,24722,19660,0
18221,-7.049999999999958,-1.2999999999998764,23774,19660,0
18222,-5.449999999999935,-5.399999999999935,36492,19660,0
18223,-7.299999999999962,7.900000000000254,21958,19660,0
18224,-5.499999999999936,3.2500000000001883,36265,19660,0
18225,-6.149999999999945,0.4000000000001478,31008,19660,0
18226,-6.899999999999956,-0.9999999999998721,24980,19660,0
18227,-6.999999999999957,0.20000000000014495,24204,19660,0
18228,-5.299999999999933,0.4000000000001478,37808,19660,0
18229,-5.699999999999939,-2.7999999999998977,34544,19660,0
18230,-6.49999999999995,-3.6999999999999105,28126,19660,0
18231,-6.399999999999949,-5.999999999999943,28880,19660,0
18232,-5.849999999999941,-9.799999999999997,33204,19660,0
18233,-7.449999999999964,-4.949999999999928,20501,19660,0
18234,-5.849999999999941,-1.2499999999998757,33375,19660,0
18235,-6.299999999999947,3.450000000000191,29869,19660,0
18236,-6.999999999999957,-7.449999999999964,24051,19660,0
18237,-6.149999999999945,-5.04999999999993,30899,19660,0
18238,-6.599999999999952,7.950000000000255,27559,19660,0
18239,-7.349999999999962,3.850000000000197,21477,19660,0
18240,-5.399999999999935,4.350000000000204,37087,19660,0
18241,-7.099999999999959,-6.749999999999954,23265,19660,0
18242,-6.949999999999957,-6.649999999999952,24467,19660,0
18243,-5.499999999999936,8.700000000000266,36374,19660,0
18244,-7.4999999999999645,3.2000000000001876,20264,19660,0
18245,-5.499999999999936,3.0000000000001847,36260,19660,0
18246,-5.499999999999936,-5.74999999999994,36085,19660,0
18247,-5.699999999999939,-5.849999999999941,34483,19660,0
18248,-6.099999999999945,-3.949999999999914,31321,19660,0
18249,-5.5999999999999375,1.4210854715202004e-13,35400,19660,0
18250,-6.399999999999949,1.3500000000001613,29027,19660,0
18251,-5.74999999999994,-9.449999999999992,34011,19660,0
18252,-7.4999999999999645,0.05000000000014282,20201,19660,0
18253,-5.549999999999937,7.750000000000252,35955,19660,0
18254,-7.1499999999999595,5.350000000000218,23107,19660,0
18255,-6.299999999999947,-4.699999999999925,29706,19660,0
18256,-6.749999999999954,8.700000000000266,26374,19660,0
18257,-6.549999999999951,-2.1499999999998884,27757,19660,0
18258,-7.19999999999996,8.900000000000269,22778,19660,0
18259,-7.249999999999961,5.300000000000217,22306,19660,0
18260,-7.049999999999958,0.9000000000001549,23818,19660,0
18261,-6.749999999999954,2.5000000000001776,26250,19660,0
18262,-5.09999999999993,4.6000000000002075,39492,19660,0
18263,-6.599999999999952,2.7000000000001805,27454,19660,0
18264,-7.249999999999961,8.600000000000264,22372,19660,0
18265,-7.099999999999959,-2.1499999999998884,23357,19660,0
18266,-5.999999999999943,-8.199999999999974,32036,19660,0
18267,-6.599999999999952,-5.349999999999934,27293,19660,0
18268,-6.7999999999999545,-1.0999999999998735,25778,19660,0
18269,-6.49999999999995,-5.149999999999931,28097,19660,0
18270,-5.9499999999999424,-5.399999999999935,32492,19660,0
18271,-5.449999999999935,-1.9999999999998863,36560,19660,0
18272,-5.399999999999935,-3.599999999999909,36928,19660,0
18273,-7.4999999999999645,7.450000000000248,20349,19660,0
18274,-5.74999999999994,6.250000000000231,34325,19660,0
18275,-5.849999999999941,8.400000000000261,33568,19660,0
18276,-5.649999999999938,3.2000000000001876,35064,19660,0
18277,-5.04999999999993,1.5000000000001634,39830,19660,0
18278,-6.7999999999999545,0.9500000000001556,25819,19660,0
18279,-5.849999999999941,0.10000000000014353,33402,19660,0
18280,-6.149999999999945,8.25000000000026,31165,19660,0
18281,-5.899999999999942,6.90000000000024,33138,19660,0
18282,-6.099999999999945,-5.74999999999994,31285,19660,0
18283,-5.79999999999994,7.250000000000245,33945,19660,0
18284,-7.19999999999996,7.150000000000244,22743,19660,0
18285,-6.999999999999957,-2.549999999999894,24149,19660,0
18286,-6.199999999999946,2.0000000000001705,30640,19660,0
18287,-6.299999999999947,7.150000000000244,29943,19660,0
18288,-6.749999999999954,3.0000000000001847,26260,19660,0
18289,-6.949999999999957,-3.8999999999999133,24522,19660,0
18290,-5.499999999999936,-3.099999999999902,36138,19660,0
18291,-6.7999999999999545,5.650000000000222,25913,19660,0
18292,-5.499999999999936,5.250000000000217,36305,19660,0
18293,-6.649999999999952,-5.79999999999994,26884,19660,0
18294,-6.049999999999944,0.7000000000001521,31814,19660,0
18295,-5.549999999999937,-6.749999999999954,35665,19660,0
18296,-5.2499999999999325,4.150000000000201,38283,19660,0
18297,-6.699999999999953,-0.09999999999985931,26598,19660,0
18298,-7.4999999999999645,1.8500000000001684,20237,19660,0
18299,-7.249999999999961,-5.449999999999935,22091,19660,0
18300,-5.74999999999994,2.750000000000181,34255,19660,0
18301,-5.299999999999933,-7.699999999999967,37646,19660,0
18302,-7.4999999999999645,2.3500000000001755,20247,19660,0
18303,-5.74999999999994,9.05000000000027,34381,19660,0
18304,-5.199999999999932,-4.149999999999917,38517,19660,0
18305,-5.699999999999939,-3.299999999999905,34534,19660,0
18306,-6.4499999999999496,-4.849999999999927,28503,19660,0
18307,-6.49999999999995,7.400000000000247,28348,19660,0
18308,-7.349999999999962,8.600000000000264,21572,19660,0
18309,-7.049999999999958,8.400000000000261,23968,19660,0
18310,-6.4499999999999496,6.250000000000231,28725,19660,0
18311,-6.699999999999953,-8.799999999999983,26424,19660,0
18312,-5.549999999999937,1.4210854715202004e-13,35800,19660,0
18313,-7.349999999999962,-8.699999999999982,21226,19660,0
18314,-5.899999999999942,-7.549999999999965,32849,19660,0
18315,-6.699999999999953,9.70000000000028,26794,19660,0
18316,-7.399999999999963,4.300000000000203,21086,19660,0
18317,-5.74999999999994,0.9500000000001556,34219,19660,0
18318,-7.4999999999999645,6.700000000000237,20334,19660,0
18319,-5.04999999999993,1.750000000000167,39835,19660,0
18320,-6.699999999999953,-6.849999999999955,26463,19660,0
18321,-6.999999999999957,-4.699999999999925,24106,19660,0
18322,-7.4999999999999645,8.550000000000264,20371,19660,0
18323,-6.599999999999952,7.900000000000254,27558,19660,0
18324,-5.449999999999935,2.0000000000001705,36640,19660,0
18325,-6.849999999999955,2.400000000000176,25448,19660,0
18326,-7.1499999999999595,9.400000000000276,23188,19660,0
18327,-6.549999999999951,4.700000000000209,27894,19660,0
18328,-5.2499999999999325,1.5500000000001641,38231,19660,0
18329,-5.999999999999943,-6.049999999999944,32079,19660,0
18330,-7.449999999999964,7.650000000000251,20753,19660,0
18331,-6.149999999999945,-1.5999999999998806,30968,19660,0
18332,-5.74999999999994,5.600000000000222,34312,19660,0
18333,-6.899999999999956,-4.199999999999918,24916,19660,0
18334,-7.19999999999996,3.650000000000194,22673,19660,0
18335,-7.299999999999962,0.5000000000001492,21810,19660,0
18336,-5.899999999999942,3.9000000000001975,33078,19660,0
18337,-6.399999999999949,5.50000000000022,29110,19660,0
18338,-5.999999999999943,7.750000000000252,32355,19660,0
18339,-6.599999999999952,9.150000000000272,27583,19660,0
18340,-6.199999999999946,-3.299999999999905,30534,19660,0
18341,-6.399999999999949,-1.349999999999877,28973,19660,0
18342,-7.4999999999999645,-9.849999999999998,20003,19660,0
18343,-7.299999999999962,-0.9499999999998714,21781,19660,0
18344,-6.899999999999956,-5.199999999999932,24896,19660,0
18345,-5.549999999999937,-9.399999999999991,35612,19660,0
18346,-6.49999999999995,-9.24999999999999,28015,19660,0
18347,-5.74999999999994,3.650000000000194,34273,19660,0
18348,-7.449999999999964,-2.1499999999998884,20557,19660,0
18349,-5.79999999999994,1.8500000000001684,33837,19660,0
18350,-6.7999999999999545,-1.5999999999998806,25768,19660,0
18351,-5.849999999999941,2.400000000000176,33448,19660,0
18352,-6.949999999999957,3.4000000000001904,24668,19660,0
18353,-5.399999999999935,-2.199999999999889,36956,19660,0
18354,-7.049999999999958,2.2000000000001734,23844,19660,0
18355,-5.899999999999942,6.300000000000232,33126,19660,0
18356,-5.299999999999933,5.750000000000224,37915,19660,0
18357,-5.04999999999993,3.150000000000187,39863,19660,0
18358,-7.099999999999959,-7.749999999999968,23245,19660,0
18359,-5.09999999999993,-9.24999999999999,39215,19660,0
18360,-7.399999999999963,7.150000000000244,21143,19660,0
18361,-7.299999999999962,-4.749999999999925,21705,19660,0
18362,-5.899999999999942,7.250000000000245,33145,19660,0
18363,-5.199999999999932,2.250000000000174,38645,19660,0
18364,-5.149999999999931,3.5500000000001926,39071,19660,0
18365,-6.399999999999949,-7.89999999999997,28842,19660,0
18366,-5.699999999999939,2.1500000000001727,34643,19660,0
18367,-6.149999999999945,7.7000000000002515,31154,19660,0
18368,-5.399999999999935,-8.64999999999998,36827,19660,0
18369,-6.849999999999955,3.3500000000001897,25467,19660,0
18370,-5.349999999999934,4.350000000000204,37487,19660,0
18371,-6.049999999999944,-8.199999999999974,31636,19660,0
18372,-7.249999999999961,-0.9999999999998721,22180,19660,0
18373,-7.449999999999964,2.2000000000001734,20644,19660,0
18374,-6.199999999999946,-0.19999999999986073,30596,19660,0
18375,-7.1499999999999595,-2.2999999999998906,22954,19660,0
18376,-5.149999999999931,5.100000000000215,39102,19660,0
18377,-5.649999999999938,-7.249999999999961,34855,19660,0
18378,-6.999999999999957,-8.899999999999984,24022,19660,0
18379,-7.249999999999961,-2.599999999999895,22148,19660,0
18380,-6.7999999999999545,-0.0499999999998586,25799,19660,0
18381,-7.349999999999962,-3.749999999999911,21325,19660,0
18382,-5.149999999999931,2.250000000000174,39045,19660,0
18383,-6.549999999999951,-5.849999999999941,27683,19660,0
18384,-5.74999999999994,-1.5999999999998806,34168,19660,0
18385,-7.19999999999996,-0.5499999999998657,22589,19660,0
18386,-6.599999999999952,9.900000000000283,27598,19660,0
18387,-5.349999999999934,-7.349999999999962,37253,19660,0
18388,-5.5999999999999375,5.300000000000217,35506,19660,0
18389,-5.699999999999939,-9.899999999999999,34402,19660,0
18390,-6.549999999999951,-5.149999999999931,27697,19660,0
18391,-6.7999999999999545,-5.149999999999931,25697,19660,0
18392,-5.2499999999999325,6.800000000000239,38336,19660,0
18393,-6.899999999999956,-2.399999999999892,24952,19660,0
18394,-5.999999999999943,-8.699999999999982,32026,19660,0
18395,-5.499999999999936,7.250000000000245,36345,19660,0
18396,-5.79999999999994,4.350000000000204,33887,19660,0
18397,-5.9499999999999424,7.800000000000253,32756,19660,0
18398,-6.749999999999954,5.550000000000221,26311,19660,0
18399,-5.74999999999994,0.9000000000001549,34218,19660,0
18400,-7.449999999999964,-0.7999999999998693,20584,19660,0
18401,-7.299999999999962,8.100000000000257,21962,19660,0
18402,-7.099999999999959,-9.799999999999997,23204,19660,0
18403,-7.049999999999958,5.350000000000218,23907,19660,0
18404,-6.749999999999954,-1.3999999999998778,26172,19660,0
18405,-5.999999999999943,6.400000000000233,32328,19660,0
18406,-6.049999999999944,-0.9499999999998714,31781,19660,0
18407,-5.499999999999936,-1.699999999999882,36166,19660,0
18408,-5.09999999999993,-5.09999999999993,39298,19660,0
18409,-7.449999999999964,6.450000000000234,20729,19660,0
18410,-6.4499999999999496,1.750000000000167,28635,19660,0
18411,-6.899999999999956,6.1500000000002295,25123,19660,0
18412,-6.249999999999947,4.400000000000205,30288,19660,0
18413,-6.249999999999947,-5.149999999999931,30097,19660,0
18414,-6.7999999999999545,7.000000000000242,25940,19660,0
18415,-7.19999999999996,-3.8499999999999126,22523,19660,0
18416,-6.749999999999954,3.0000000000001847,26260,19660,0
18417,-6.149999999999945,8.35000000000026,31167,19660,0
18418,-7.299999999999962,-4.299999999999919,21714,19660,0
18419,-7.449999999999964,-8.249999999999975,20435,19660,0
18420,-6.899999999999956,1.3000000000001606,25026,19660,0
18421,-5.449999999999935,-5.449999999999935,36491,19660,0
18422,-5.349999999999934,0.20000000000014495,37404,19660,0
18423,-7.049999999999958,-5.449999999999935,23691,19660,0
18424,-5.2499999999999325,-0.499999999999865,38190,19660,0
18425,-6.349999999999948,1.400000000000162,29428,19660,0
18426,-5.04999999999993,1.5000000000001634,39830,19660,0
18427,-5.649999999999938,4.80000000000021,35096,19660,0
18428,-5.549999999999937,-4.249999999999918,35715,19660,0
18429,-6.7999999999999545,8.35000000000026,25967,19660,0
18430,-7.449999999999964,-6.299999999999947,20474,19660,0
18431,-6.599999999999952,4.700000000000209,27494,19660,0
18432,-7.1499999999999595,-5.849999999999941,22883,19660,0
18433,-5.09999999999993,4.2500000000002025,39485,19660,0
18434,-7.399999999999963,-0.0499999999998586,20999,19660,0
18435,-6.299999999999947,-0.14999999999986002,29797,19660,0
18436,-7.249999999999961,-2.7999999999998977,22144,19660,0
18437,-6.849999999999955,-4.299999999999919,25314,19660,0
18438,-5.299999999999933,-10.0,37600,19660,0
18439,-5.2499999999999325,9.200000000000273,38384,19660,0
18440,-5.499999999999936,-1.9499999999998856,36161,19660,0
18441,-5.74999999999994,6.400000000000233,34328,19660,0
18442,-6.849999999999955,7.7000000000002515,25554,19660,0
18443,-6.7999999999999545,5.000000000000213,25900,19660,0
18444,-6.7999999999999545,-3.8999999999999133,25722,19660,0
18445,-6.849999999999955,1.8500000000001684,25437,19660,0
18446,-5.09999999999993,-7.249999999999961,39255,19660,0
18447,-7.249999999999961,5.200000000000216,22304,19660,0
18448,-6.099999999999945,-3.0499999999999012,31339,19660,0
18449,-6.399999999999949,2.950000000000184,29059,19660,0
18450,-5.2499999999999325,-2.3499999999998913,38153,19660,0
18451,-6.899999999999956,2.5000000000001776,25050,19660,0
18452,-5.499999999999936,5.300000000000217,36306,19660,0
18453,-5.499999999999936,-10.0,36000,19660,0
18454,-6.4499999999999496,7.750000000000252,28755,19660,0
18455,-7.4999999999999645,5.8000000000002245,20316,19660,0
18456,-6.149999999999945,6.950000000000241,31139,19660,0
18457,-5.499999999999936,-4.499999999999922,36110,19660,0
18458,-5.499999999999936,-0.29999999999986215,36194,19660,0
18459,-7.299999999999962,6.650000000000237,21933,19660,0
18460,-6.7999999999999545,-5.199999999999932,25696,19660,0
18461,-6.099999999999945,-5.849999999999941,31283,19660,0
18462,-5.999999999999943,-5.149999999999931,32097,19660,0
18463,-6.949999999999957,-0.3999999999998636,24592,19660,0
18464,-7.099999999999959,1.8500000000001684,23437,19660,0
18465,-6.599999999999952,-8.399999999999977,27232,19660,0
18466,-7.049999999999958,4.650000000000208,23893,19660,0
18467,-6.099999999999945,-5.09999999999993,31298,19660,0
18468,-7.449999999999964,-3.4999999999999076,20530,19660,0
18469,-6.749999999999954,-3.1999999999999034,26136,19660,0
18470,-7.349999999999962,0.20000000000014495,21404,19660,0
18471,-6.099999999999945,-3.099999999999902,31338,19660,0
18472,-6.399999999999949,-7.599999999999966,28848,19660,0
18473,-6.249999999999947,5.45000000000022,30309,19660,0
18474,-5.549999999999937,3.450000000000191,35869,19660,0
18475,-7.049999999999958,-7.4999999999999645,23650,19660,0
18476,-7.249999999999961,-5.9499999999999424,22081,19660,0
18477,-6.249999999999947,-8.299999999999976,30034,19660,0
18478,-6.899999999999956,-1.7499999999998828,24965,19660,0
18479,-6.599999999999952,1.6000000000001648,27432,19660,0
18480,-6.299999999999947,-6.49999999999995,29670,19660,0
18481,-5.499999999999936,5.900000000000226,36318,19660,0
18482,-7.249999999999961,-4.999999999999929,22100,19660,0
18483,-5.09999999999993,-3.399999999999906,39332,19660,0
18484,-5.399999999999935,-0.9999999999998721,36980,19660,0
18485,-6.349999999999948,8.100000000000257,29562,19660,0
18486,-7.049999999999958,-0.3999999999998636,23792,19660,0
18487,-5.499999999999936,9.150000000000272,36383,19660,0
18488,-6.899999999999956,-1.199999999999875,24976,19660,0
18489,-6.49999999999995,-9.599999999999994,28008,19660,0
18490,-5.449999999999935,-4.499999999999922,36510,19660,0
18491,-5.9499999999999424,9.100000000000271,32782,19660,0
18492,-6.7999999999999545,-3.0499999999999012,25739,19660,0
18493,-7.399999999999963,-1.3999999999998778,20972,19660,0
18494,-5.04999999999993,-5.449999999999935,39691,19660,0
18495,-5.549999999999937,-1.699999999999882,35766,19660,0
18496,-7.449999999999964,-8.499999999999979,20430,19660,0
18497,-5.04999999999993,-2.24999999999989,39755,19660,0
18498,-7.349999999999962,4.350000000000204,21487,19660,0
18499,-7.249999999999961,4.000000000000199,22280,19660,0
18500,-6.899999999999956,-4.249999999999918,24915,19660,0
18501,-7.299999999999962,-1.4999999999998792,21770,19660,0
18502,-7.449999999999964,-4.849999999999927,20503,19660,0
18503,-6.599999999999952,1.7000000000001663,27434,19660,0
18504,-6.299999999999947,9.65000000000028,29993,19660,0
18505,-7.19999999999996,6.1500000000002295,22723,19660,0
18506,-7.1499999999999595,3.0000000000001847,23060,19660,0
18507,-6.149999999999945,3.650000000000194,31073,19660,0
18508,-5.5999999999999375,8.750000000000266,35575,19660,0
18509,-5.699999999999939,-2.6999999999998963,34546,19660,0
18510,-6.249999999999947,-4.699999999999925,30106,19660,0
18511,-7.399999999999963,0.7500000000001528,21015,19660,0
18512,-6.849999999999955,0.10000000000014353,25402,19660,0
18513,-6.699999999999953,-5.5999999999999375,26488,19660,0
18514,-5.549999999999937,-9.849999999999998,35603,19660,0
18515,-7.4999999999999645,3.2500000000001883,20265,19660,0
18516,-5.549999999999937,5.950000000000227,35919,19660,0
18517,-6.899999999999956,-1.0999999999998735,24978,19660,0
18518,-6.749999999999954,5.900000000000226,26318,19660,0
18519,-5.299999999999933,-7.099999999999959,37658,19660,0
18520,-5.549999999999937,-5.549999999999937,35689,19660,0
18521,-6.7999999999999545,8.600000000000264,25972,19660,0
18522,-6.549999999999951,-10.0,27600,19660,0
18523,-5.5999999999999375,0.25000000000014566,35405,19660,0
18524,-5.999999999999943,1.4210854715202004e-13,32200,19660,0
18525,-7.349999999999962,0.9000000000001549,21418,19660,0
18526,-5.09999999999993,0.7500000000001528,39415,19660,0
18527,-5.5999999999999375,1.3500000000001613,35427,19660,0
18528,-5.899999999999942,8.35000000000026,33167,19660,0
18529,-5.649999999999938,-1.349999999999877,34973,19660,0
18530,-6.549999999999951,-9.649999999999995,27607,19660,0
18531,-6.7999999999999545,-6.7999999999999545,25664,19660,0
18532,-5.74999999999994,9.150000000000272,34383,19660,0
18533,-6.599999999999952,4.500000000000206,27490,19660,0
18534,-5.199999999999932,8.30000000000026,38766,19660,0
18535,-6.549999999999951,9.00000000000027,27980,19660,0
18536,-6.149999999999945,-1.0499999999998728,30979,19660,0
18537,-6.049999999999944,-3.1999999999999034,31736,19660,0
18538,-7.049999999999958,5.700000000000223,23914,19660,0
18539,-6.49999999999995,3.2000000000001876,28264,19660,0
18540,-6.699999999999953,-4.499999999999922,26510,19660,0
18541,-7.299999999999962,3.9500000000001982,21879,19660,0
18542,-5.299999999999933,-2.549999999999894,37749,19660,0
18543,-5.999999999999943,9.00000000000027,32380,19660,0
18544,-6.149999999999945,8.95000000000027,31179,19660,0
18545,-5.699999999999939,2.100000000000172,34642,19660,0
18546,-5.349999999999934,-1.9999999999998863,37360,19660,0
18547,-5.649999999999938,-3.6499999999999098,34927,19660,0
18548,-6.549999999999951,-3.399999999999906,27732,19660,0
18549,-5.549999999999937,5.900000000000226,35918,19660,0
18550,-6.599999999999952,-4.999999999999929,27300,19660,0
18551,-7.249999999999961,-0.84999999999987,22183,19660,0
18552,-5.999999999999943,0.9500000000001556,32219,19660,0
18553,-5.9499999999999424,-9.649999999999995,32407,19660,0
18554,-5.849999999999941,-8.899999999999984,33222,19660,0
18555,-6.999999999999957,-1.2499999999998757,24175,19660,0
18556,-6.899999999999956,2.3500000000001755,25047,19660,0
18557,-5.899999999999942,8.000000000000256,33160,19660,0
18558,-6.299999999999947,9.500000000000277,29990,19660,0
18559,-5.449999999999935,1.7000000000001663,36634,19660,0
18560,-5.449999999999935,-4.799999999999926,36504,19660,0
18561,-5.9499999999999424,-9.149999999999988,32417,19660,0
18562,-5.899999999999942,-3.0499999999999012,32939,19660,0
18563,-6.299999999999947,6.800000000000239,29936,19660,0
18564,-6.4499999999999496,-0.14999999999986002,28597,19660,0
18565,-7.19999999999996,4.400000000000205,22688,19660,0
18566,-5.999999999999943,-5.74999999999994,32085,19660,0
18567,-6.549999999999951,-6.49999999999995,27670,19660,0
18568,-5.399999999999935,4.75000000000021,37095,19660,0
18569,-5.899999999999942,2.600000000000179,33052,19660,0
18570,-6.7999999999999545,5.050000000000214,25901,19660,0
18571,-7.1499999999999595,-2.749999999999897,22945,19660,0
18572,-7.049999999999958,-0.29999999999986215,23794,19660,0
18573,-6.49999999999995,-7.8499999999999694,28043,19660,0
18574,-6.299999999999947,-5.199999999999932,29696,19660,0
18575,-6.049999999999944,-1.4499999999998785,31771,19660,0
18576,-7.299999999999962,6.750000000000238,21935,19660,0
18577,-5.79999999999994,-9.95,33601,19660,0
18578,-5.899999999999942,3.300000000000189,33066,19660,0
18579,-7.249999999999961,-7.749999999999968,22045,19660,0
18580,-6.049999999999944,4.75000000000021,31895,19660,0
18581,-6.349999999999948,-2.4499999999998927,29351,19660,0
18582,-6.099999999999945,3.2500000000001883,31465,19660,0
18583,-6.49999999999995,-9.649999999999995,28007,19660,0
18584,-6.749999999999954,7.900000000000254,26358,19660,0
18585,-6.49999999999995,-2.549999999999894,28149,19660,0
18586,-5.04999999999993,8.700000000000266,39974,19660,0
18587,-5.999999999999943,9.600000000000279,32392,19660,0
18588,-6.599999999999952,-3.1499999999999027,27337,19660,0
18589,-7.1499999999999595,-0.34999999999986287,22993,19660,0
18590,-7.249999999999961,2.1500000000001727,22243,19660,0
18591,-6.49999999999995,2.800000000000182,28256,19660,0
18592,-5.09999999999993,-1.9499999999998856,39361,19660,0
18593,-6.199999999999946,6.050000000000228,30721,19660,0
18594,-7.4999999999999645,-0.24999999999986144,20195,19660,0
18595,-5.74999999999994,7.250000000000245,34345,19660,0
18596,-7.1499999999999595,4.400000000000205,23088,19660,0
18597,-5.399999999999935,-3.749999999999911,36925,19660,0
18598,-7.19999999999996,-8.799999999999983,22424,19660,0
18599,-6.649999999999952,-6.399999999999949,26872,19660,0
18600,-5.449999999999935,3.100000000000186,36662,19660,0
18601,-6.899999999999956,5.000000000000213,25100,19660,0
18602,-5.399999999999935,-8.699999999999982,36826,19660,0
18603,-5.149999999999931,-9.849999999999998,38803,19660,0
18604,-5.5999999999999375,4.150000000000201,35483,19660,0
18605,-6.849999999999955,2.7000000000001805,25454,19660,0
18606,-5.149999999999931,-0.6499999999998671,38987,19660,0
18607,-6.349999999999948,-4.749999999999925,29305,19660,0
18608,-5.2499999999999325,8.700000000000266,38374,19660,0
18609,-6.899999999999956,-1.7499999999998828,24965,19660,0
18610,-6.7999999999999545,-0.5999999999998664,25788,19660,0
18611,-6.849999999999955,-0.84999999999987,25383,19660,0
18612,-5.899999999999942,0.7500000000001528,33015,19660,0
18613,-6.699999999999953,-2.399999999999892,26552,19660,0
18614,-5.299999999999933,8.25000000000026,37965,19660,0
18615,-6.049999999999944,1.9500000000001698,31839,19660,0
18616,-5.349999999999934,7.60000000000025,37552,19660,0
18617,-5.199999999999932,-2.049999999999887,38559,19660,0
18618,-6.049999999999944,-0.5999999999998664,31788,19660,0
18619,-5.04999999999993,-7.099999999999959,39658,19660,0
18620,-5.74999999999994,-6.4499999999999496,34071,19660,0
18621,-5.449999999999935,-8.299999999999976,36434,19660,0
18622,-5.199999999999932,8.000000000000256,38760,19660,0
18623,-5.649999999999938,-1.2499999999998757,34975,19660,0
18624,-7.399999999999963,-3.4999999999999076,20930,19660,0
18625,-6.199999999999946,9.00000000000027,30780,19660,0
18626,-6.699999999999953,-4.34999999999992,26513,19660,0
18627,-7.299999999999962,-1.6499999999998813,21767,19660,0
18628,-7.049999999999958,-7.89999999999997,23642,19660,0
18629,-6.749999999999954,-5.349999999999934,26093,19660,0
18630,-5.79999999999994,9.70000000000028,33994,19660,0
18631,-7.349999999999962,0.9000000000001549,21418,19660,0
18632,-5.699999999999939,-3.8499999999999126,34523,19660,0
18633,-7.399999999999963,9.950000000000284,21199,19660,0
18634,-6.999999999999957,1.2000000000001592,24224,19660,0
18635,-5.649999999999938,6.950000000000241,35139,19660,0
18636,-5.04999999999993,-5.349999999999934,39693,19660,0
18637,-5.09999999999993,-0.8999999999998707,39382,19660,0
18638,-7.099999999999959,8.750000000000266,23575,19660,0
18639,-6.749999999999954,-5.299999999999933,26094,19660,0
18640,-5.2499999999999325,-5.09999999999993,38098,19660,0
18641,-5.04999999999993,-6.949999999999957,39661,19660,0
18642,-6.299999999999947,4.500000000000206,29890,19660,0
18643,-5.199999999999932,-9.449999999999992,38411,19660,0
18644,-5.5999999999999375,0.4500000000001485,35409,19660,0
18645,-6.599999999999952,6.450000000000234,27529,19660,0
18646,-7.399999999999963,-4.949999999999928,20901,19660,0
18647,-5.499999999999936,6.1500000000002295,36323,19660,0
18648,-5.699999999999939,-0.9999999999998721,34580,19660,0
18649,-6.699999999999953,9.250000000000274,26785,19660,0
18650,-5.79999999999994,-2.899999999999899,33742,19660,0
18651,-6.49999999999995,5.900000000000226,28318,19660,0
18652,-5.09999999999993,8.800000000000267,39576,19660,0
18653,-7.19999999999996,-9.24999999999999,22415,19660,0
18654,-6.299999999999947,6.5000000000002345,29930,19660,0
18655,-5.04999999999993,-4.149999999999917,39717,19660,0
18656,-5.349999999999934,4.6000000000002075,37492,19660,0
18657,-5.149999999999931,-6.599999999999952,38868,19660,0
18658,-6.599999999999952,-5.299999999999933,27294,19660,0
18659,-5.74999999999994,7.250000000000245,34345,19660,0
18660,-5.04999999999993,8.650000000000265,39973,19660,0
18661,-6.849999999999955,1.5000000000001634,25430,19660,0
18662,-5.999999999999943,-0.09999999999985931,32198,19660,0
18663,-6.599999999999952,-2.9999999999999005,27340,19660,0
18664,-6.749999999999954,-5.299999999999933,26094,19660,0
18665,-5.79999999999994,-3.8499999999999126,33723,19660,0
18666,-5.899999999999942,-10.0,32800,19660,0
18667,-5.09999999999993,6.100000000000229,39522,19660,0
18668,-5.399999999999935,-5.199999999999932,36896,19660,0
18669,-6.999999999999957,1.5000000000001634,24230,19660,0
18670,-7.249999999999961,4.300000000000203,22286,19660,0
18671,-6.549999999999951,6.800000000000239,27936,19660,0
18672,-5.79999999999994,-3.6999999999999105,33726,19660,0
18673,-5.2499999999999325,0.7000000000001521,38214,19660,0
18674,-5.9499999999999424,9.200000000000273,32784,19660,0
18675,-7.4999999999999645,8.100000000000257,20362,19660,0
18676,-7.249999999999961,-3.1999999999999034,22136,19660,0
18677,-5.09999999999993,9.75000000000028,39595,19660,0
18678,-5.899999999999942,8.850000000000268,33177,19660,0
18679,-7.249999999999961,5.750000000000224,22315,19660,0
18680,-6.849999999999955,-0.7999999999998693,25384,19660,0
18681,-5.299999999999933,-3.449999999999907,37731,19660,0
18682,-7.299999999999962,2.5000000000001776,21850,19660,0
18683,-5.549999999999937,-5.499999999999936,35690,19660,0
18684,-5.79999999999994,9.550000000000278,33991,19660,0
18685,-5.649999999999938,7.800000000000253,35156,19660,0
18686,-5.999999999999943,8.450000000000262,32369,19660,0
18687,-7.4999999999999645,-4.699999999999925,20106,19660,0
18688,-5.899999999999942,6.100000000000229,33122,19660,0
18689,-7.249999999999961,-3.6499999999999098,22127,19660,0
18690,-5.649999999999938,-1.1499999999998742,34977,19660,0
18691,-6.699999999999953,-8.249999999999975,26435,19660,0
18692,-5.399999999999935,4.0500000000002,37081,19660,0
18693,-5.499999999999936,-2.4499999999998927,36151,19660,0
18694,-7.099999999999959,-5.2499999999999325,23295,19660,0
18695,-5.9499999999999424,-9.449999999999992,32411,19660,0
18696,-5.849999999999941,-1.54999999999988,33369,19660,0
18697,-7.249999999999961,2.750000000000181,22255,19660,0
18698,-5.74999999999994,8.850000000000268,34377,19660,0
18699,-6.249999999999947,0.15000000000014424,30203,19660,0
18700,-5.549999999999937,2.1500000000001727,35843,19660,0
18701,-6.599999999999952,-1.2999999999998764,27374,19660,0
18702,-6.849999999999955,0.8000000000001535,25416,19660,0
18703,-6.649999999999952,8.550000000000264,27171,19660,0
18704,-7.399999999999963,9.05000000000027,21181,19660,0
18705,-5.149999999999931,0.5500000000001499,39011,19660,0
18706,-5.199999999999932,7.650000000000251,38753,19660,0
18707,-5.09999999999993,8.400000000000261,39568,19660,0
18708,-6.599999999999952,5.750000000000224,27515,19660,0
18709,-7.4999999999999645,-1.9499999999998856,20161,19660,0
18710,-7.249999999999961,-8.999999999999986,22020,19660,0
18711,-6.049999999999944,5.8000000000002245,31916,19660,0
18712,-5.299999999999933,5.300000000000217,37906,19660,0
18713,-7.399999999999963,7.800000000000253,21156,19660,0
18714,-5.199999999999932,8.150000000000258,38763,19660,0
18715,-7.299999999999962,4.700000000000209,21894,19660,0
18716,-6.149999999999945,-7.8499999999999694,30843,19660,0
18717,-5.199999999999932,5.45000000000022,38709,19660,0
18718,-7.099999999999959,1.3000000000001606,23426,19660,0
18719,-6.699999999999953,9.75000000000028,26795,19660,0
18720,-6.249999999999947,-3.6999999999999105,30126,19660,0
18721,-5.449999999999935,-9.049999999999986,36419,19660,0
18722,-6.549999999999951,9.850000000000282,27997,19660,0
18723,-5.74999999999994,6.20000000000023,34324,19660,0
18724,-7.449999999999964,5.600000000000222,20712,19660,0
18725,-7.1499999999999595,-6.949999999999957,22861,19660,0
18726,-5.09999999999993,-7.599999999999966,39248,19660,0
18727,-5.999999999999943,-5.04999999999993,32099,19660,0
18728,-5.999999999999943,-6.399999999999949,32072,19660,0
18729,-5.399999999999935,9.950000000000284,37199,19660,0
18730,-7.399999999999963,-3.9999999999999147,20920,19660,0
18731,-6.549999999999951,2.250000000000174,27845,19660,0
18732,-5.399999999999935,7.950000000000255,37159,19660,0
18733,-6.549999999999951,-4.099999999999916,27718,19660,0
18734,-5.199999999999932,-6.049999999999944,38479,19660,0
18735,-7.449999999999964,-7.19999999999996,20456,19660,0
18736,-6.749999999999954,9.250000000000274,26385,19660,0
18737,-7.049999999999958,6.250000000000231,23925,19660,0
18738,-5.899999999999942,9.250000000000274,33185,19660,0
18739,-5.04999999999993,9.65000000000028,39993,19660,0
18740,-7.4999999999999645,-1.2999999999998764,20174,19660,0
18741,-7.449999999999964,-9.549999999999994,20409,19660,0
18742,-7.049999999999958,1.900000000000169,23838,19660,0
18743,-7.4999999999999645,-8.349999999999977,20033,19660,0
18744,-7.4999999999999645,-1.6499999999998813,20167,19660,0
18745,-6.249999999999947,-6.049999999999944,30079,19660,0
18746,-7.349999999999962,-4.849999999999927,21303,19660,0
18747,-7.1499999999999595,-10.0,22800,19660,0
18748,-7.049999999999958,-8.54999999999998,23629,19660,0
18749,-6.949999999999957,1.2500000000001599,24625,19660,0
18750,-5.549999999999937,-2.1499999999998884,35757,19660,0
18751,-6.749999999999954,7.7000000000002515,26354,19660,0
18752,-6.949999999999957,-9.799999999999997,24404,19660,0
18753,-6.4499999999999496,-0.8999999999998707,28582,19660,0
18754,-6.199999999999946,-7.549999999999965,30449,19660,0
18755,-5.299999999999933,7.000000000000242,37940,19660,0
18756,-5.04999999999993,-3.249999999999904,39735,19660,0
18757,-6.999999999999957,-7.249999999999961,24055,19660,0
18758,-5.199999999999932,9.05000000000027,38781,19660,0
18759,-6.049999999999944,-5.79999999999994,31684,19660,0
18760,-5.649999999999938,8.30000000000026,35166,19660,0
18761,-5.04999999999993,-6.349999999999948,39673,19660,0
18762,-5.5999999999999375,9.100000000000271,35582,19660,0
18763,-5.149999999999931,1.6500000000001656,39033,19660,0
18764,-5.299999999999933,-9.599999999999994,37608,19660,0
18765,-6.199999999999946,-3.8999999999999133,30522,19660,0
18766,-7.249999999999961,1.7000000000001663,22234,19660,0
18767,-5.2499999999999325,1.9500000000001698,38239,19660,0
18768,-5.9499999999999424,5.950000000000227,32719,19660,0
18769,-5.09999999999993,-3.099999999999902,39338,19660,0
18770,-5.999999999999943,-0.5999999999998664,32188,19660,0
18771,-6.849999999999955,4.500000000000206,25490,19660,0
18772,-6.49999999999995,9.05000000000027,28381,19660,0
18773,-5.74999999999994,-1.9999999999998863,34160,19660,0
18774,-5.699999999999939,-7.4999999999999645,34450,19660,0
18775,-6.999999999999957,0.3500000000001471,24207,19660,0
18776,-7.19999999999996,-5.549999999999937,22489,19660,0
18777,-6.549999999999951,3.850000000000197,27877,19660,0
18778,-6.599999999999952,0.4500000000001485,27409,19660,0
18779,-5.649999999999938,8.650000000000265,35173,19660,0
18780,-5.79999999999994,-1.699999999999882,33766,19660,0
18781,-6.899999999999956,-9.95,24801,19660,0
18782,-6.249999999999947,-3.099999999999902,30138,19660,0
18783,-7.299999999999962,9.800000000000281,21996,19660,0
18784,-6.899999999999956,-5.849999999999941,24883,19660,0
18785,-5.499999999999936,-4.949999999999928,36101,19660,0
18786,-6.099999999999945,-6.099999999999945,31278,19660,0
18787,-6.099999999999945,1.4210854715202004e-13,31400,19660,0
18788,-5.5999999999999375,-9.899999999999999,35202,19660,0
18789,-5.899999999999942,-8.64999999999998,32827,19660,0
18790,-6.899999999999956,4.900000000000212,25098,19660,0
18791,-6.649999999999952,5.650000000000222,27113,19660,0
18792,-7.299999999999962,-9.699999999999996,21606,19660,0
18793,-6.399999999999949,8.050000000000257,29161,19660,0
18794,-6.899999999999956,-9.899999999999999,24802,19660,0
18795,-5.79999999999994,4.850000000000211,33897,19660,0
18796,-5.549999999999937,-3.1999999999999034,35736,19660,0
18797,-6.699999999999953,-6.649999999999952,26467,19660,0
18798,-6.949999999999957,-5.79999999999994,24484,19660,0
18799,-5.699999999999939,-9.899999999999999,34402,19660,0
18800,-6.599999999999952,-5.399999999999935,27292,19660,0
18801,-7.4999999999999645,9.100000000000271,20382,19660,0
18802,-5.899999999999942,7.60000000000025,33152,19660,0
18803,-5.299999999999933,7.500000000000249,37950,19660,0
18804,-7.099999999999959,-3.799999999999912,23324,19660,0
18805,-6.7999999999999545,-9.399999999999991,25612,19660,0
18806,-6.649999999999952,-0.19999999999986073,26996,19660,0
18807,-6.299999999999947,9.550000000000278,29991,19660,0
18808,-7.249999999999961,5.900000000000226,22318,19660,0
18809,-5.549999999999937,-9.95,35601,19660,0
18810,-6.149999999999945,9.350000000000275,31187,19660,0
18811,-6.199999999999946,9.400000000000276,30788,19660,0
18812,-6.49999999999995,-4.299999999999919,28114,19660,0
18813,-6.649999999999952,-9.29999999999999,26814,19660,0
18814,-7.1499999999999595,1.6500000000001656,23033,19660,0
18815,-5.999999999999943,-6.749999999999954,32065,19660,0
18816,-7.349999999999962,1.750000000000167,21435,19660,0
18817,-5.79999999999994,-2.8499999999998984,33743,19660,0
18818,-6.849999999999955,5.850000000000225,25517,19660,0
18819,-5.449999999999935,-3.3499999999999055,36533,19660,0
18820,-5.899999999999942,-1.899999999999885,32962,19660,0
18821,-5.299999999999933,4.2500000000002025,37885,19660,0
18822,-6.949999999999957,7.050000000000242,24741,19660,0
18823,-7.099999999999959,-0.5499999999998657,23389,19660,0
18824,-6.199999999999946,-4.949999999999928,30501,19660,0
18825,-7.299999999999962,-3.3499999999999055,21733,19660,0
18826,-6.649999999999952,-9.549999999999994,26809,19660,0
18827,-6.249999999999947,-4.849999999999927,30103,19660,0
18828,-7.249999999999961,-6.549999999999951,22069,19660,0
18829,-5.09999999999993,-4.39999999999992,39312,19660,0
18830,-5.149999999999931,1.1500000000001585,39023,19660,0
18831,-6.299999999999947,8.650000000000265,29973,19660,0
18832,-5.09999999999993,0.9000000000001549,39418,19660,0
18833,-6.749999999999954,-7.099999999999959,26058,19660,0
18834,-5.399999999999935,-0.34999999999986287,36993,19660,0
18835,-5.299999999999933,-9.649999999999995,37607,19660,0
18836,-6.049999999999944,-7.19999999999996,31656,19660,0
18837,-5.79999999999994,5.150000000000215,33903,19660,0
18838,-6.149999999999945,1.0000000000001563,31020,19660,0
18839,-6.599999999999952,0.4500000000001485,27409,19660,0
18840,-5.549999999999937,-5.299999999999933,35694,19660,0
18841,-6.749999999999954,-8.149999999999974,26037,19660,0
18842,-7.349999999999962,2.800000000000182,21456,19660,0
18843,-7.449999999999964,-7.1499999999999595,20457,19660,0
18844,-5.649999999999938,-0.3999999999998636,34992,19660,0
18845,-6.099999999999945,1.5500000000001641,31431,19660,0
18846,-5.2499999999999325,5.400000000000219,38308,19660,0
18847,-6.849999999999955,-3.949999999999914,25321,19660,0
18848,-6.49999999999995,8.25000000000026,28365,19660,0
18849,-5.899999999999942,-6.899999999999956,32862,19660,0
18850,-7.049999999999958,6.90000000000024,23938,19660,0
18851,-5.399999999999935,4.150000000000201,37083,19660,0
18852,-6.599999999999952,-10.0,27200,19660,0
18853,-5.899999999999942,-5.199999999999932,32896,19660,0
18854,-7.099999999999959,4.700000000000209,23494,19660,0
18855,-5.699999999999939,-0.29999999999986215,34594,19660,0
18856,-5.149999999999931,4.1000000000002,39082,19660,0
18857,-5.9499999999999424,-8.449999999999978,32431,19660,0
18858,-7.349999999999962,-5.549999999999937,21289,19660,0
18859,-5.349999999999934,1.2000000000001592,37424,19660,0
18860,-5.999999999999943,-8.149999999999974,32037,19660,0
18861,-6.249999999999947,9.850000000000282,30397,19660,0
18862,-7.4999999999999645,-8.299999999999976,20034,19660,0
18863,-7.399999999999963,-8.999999999999986,20820,19660,0
18864,-5.149999999999931,-0.499999999999865,38990,19660,0
18865,-7.349999999999962,6.950000000000241,21539,19660,0
18866,-6.599999999999952,-6.849999999999955,27263,19660,0
18867,-6.749999999999954,5.700000000000223,26314,19660,0
18868,-6.349999999999948,-5.999999999999943,29280,19660,0
18869,-6.949999999999957,-9.749999999999996,24405,19660,0
18870,-7.099999999999959,2.950000000000184,23459,19660,0
18871,-5.149999999999931,1.2500000000001599,39025,19660,0
18872,-5.399999999999935,1.900000000000169,37038,19660,0
18873,-7.349999999999962,-3.9999999999999147,21320,19660,0
18874,-7.19999999999996,5.550000000000221,22711,19660,0
18875,-5.999999999999943,-5.499999999999936,32090,19660,0
18876,-5.849999999999941,1.5000000000001634,33430,19660,0
18877,-5.499999999999936,-1.199999999999875,36176,19660,0
18878,-5.199999999999932,-8.59999999999998,38428,19660,0
18879,-7.249999999999961,-8.749999999999982,22025,19660,0
18880,-7.299999999999962,-1.4499999999998785,21771,19660,0
18881,-5.699999999999939,2.0000000000001705,34640,19660,0
18882,-6.149999999999945,6.550000000000235,31131,19660,0
18883,-6.899999999999956,-0.7999999999998693,24984,19660,0
18884,-6.7999999999999545,-4.999999999999929,25700,19660,0
18885,-5.849999999999941,0.30000000000014637,33406,19660,0
18886,-5.999999999999943,9.300000000000274,32386,19660,0
18887,-6.999999999999957,4.850000000000211,24297,19660,0
18888,-7.299999999999962,-2.199999999999889,21756,19660,0
18889,-6.149999999999945,-7.649999999999967,30847,19660,0
18890,-5.09999999999993,7.950000000000255,39559,19660,0
18891,-5.149999999999931,-5.549999999999937,38889,19660,0
18892,-6.4499999999999496,-0.19999999999986073,28596,19660,0
18893,-7.399999999999963,0.9000000000001549,21018,19660,0
18894,-5.199999999999932,9.850000000000282,38797,19660,0
18895,-5.449999999999935,-5.199999999999932,36496,19660,0
18896,-5.04999999999993,2.250000000000174,39845,19660,0
18897,-7.049999999999958,3.650000000000194,23873,19660,0
18898,-7.1499999999999595,0.8000000000001535,23016,19660,0
18899,-6.599999999999952,6.050000000000228,27521,19660,0
18900,-6.249999999999947,-1.2999999999998764,30174,19660,0
18901,-6.199999999999946,-5.449999999999935,30491,19660,0
18902,-5.399999999999935,-5.04999999999993,36899,19660,0
18903,-7.299999999999962,-1.0499999999998728,21779,19660,0
18904,-5.299999999999933,2.2000000000001734,37844,19660,0
18905,-6.749999999999954,-7.749999999999968,26045,19660,0
18906,-5.09999999999993,6.800000000000239,39536,19660,0
18907,-6.399999999999949,-2.049999999999887,28959,19660,0
18908,-6.849999999999955,7.750000000000252,25555,19660,0
18909,-5.399999999999935,9.200000000000273,37184,19660,0
18910,-5.74999999999994,-9.399999999999991,34012,19660,0
18911,-7.099999999999959,-0.3999999999998636,23392,19660,0
18912,-5.499999999999936,7.000000000000242,36340,19660,0
18913,-5.199999999999932,-4.849999999999927,38503,19660,0
18914,-6.599999999999952,-7.19999999999996,27256,19660,0
18915,-7.249999999999961,-3.3499999999999055,22133,19660,0
18916,-5.549999999999937,-8.049999999999972,35639,19660,0
18917,-7.1499999999999595,-3.6499999999999098,22927,19660,0
18918,-6.4499999999999496,-1.0999999999998735,28578,19660,0
18919,-5.699999999999939,3.650000000000194,34673,19660,0
18920,-5.699999999999939,4.500000000000206,34690,19660,0
18921,-5.04999999999993,8.150000000000258,39963,19660,0
18922,-7.449999999999964,4.550000000000207,20691,19660,0
18923,-5.5999999999999375,6.300000000000232,35526,19660,0
18924,-6.099999999999945,0.4000000000001478,31408,19660,0
18925,-5.649999999999938,-0.7499999999998685,34985,19660,0
18926,-5.699999999999939,-3.449999999999907,34531,19660,0
18927,-6.599999999999952,-6.549999999999951,27269,19660,0
18928,-5.449999999999935,-7.799999999999969,36444,19660,0
18929,-6.249999999999947,-7.949999999999971,30041,19660,0
18930,-5.449999999999935,1.2000000000001592,36624,19660,0
18931,-5.549999999999937,-3.599999999999909,35728,19660,0
18932,-5.449999999999935,-7.699999999999967,36446,19660,0
18933,-5.349999999999934,-0.19999999999986073,37396,19660,0
18934,-5.849999999999941,3.650000000000194,33473,19660,0
18935,-7.1499999999999595,1.5000000000001634,23030,19660,0
18936,-7.399999999999963,-9.149999999999988,20817,19660,0
18937,-6.849999999999955,8.100000000000257,25562,19660,0
18938,-5.5999999999999375,-5.849999999999941,35283,19660,0
18939,-5.2499999999999325,5.200000000000216,38304,19660,0
18940,-6.49999999999995,-1.5999999999998806,28168,19660,0
18941,-6.149999999999945,-8.099999999999973,30838,19660,0
18942,-5.74999999999994,1.5000000000001634,34230,19660,0
18943,-7.299999999999962,-4.499999999999922,21710,19660,0
18944,-5.499999999999936,2.0500000000001712,36241,19660,0
18945,-6.949999999999957,2.600000000000179,24652,19660,0
18946,-6.699999999999953,-8.199999999999974,26436,19660,0
18947,-5.549999999999937,-3.949999999999914,35721,19660,0
18948,-6.599999999999952,6.350000000000232,27527,19660,0
18949,-7.1499999999999595,-3.6499999999999098,22927,19660,0
18950,-7.299999999999962,9.250000000000274,21985,19660,0
18951,-6.749999999999954,3.100000000000186,26262,19660,0
18952,-5.149999999999931,-2.4499999999998927,38951,19660,0
18953,-5.399999999999935,-6.649999999999952,36867,19660,0
18954,-7.449999999999964,-9.799999999999997,20404,19660,0
18955,-5.04999999999993,-2.549999999999894,39749,19660,0
18956,-6.299999999999947,7.850000000000254,29957,19660,0
18957,-6.149999999999945,8.600000000000264,31172,19660,0
18958,-6.649999999999952,-5.649999999999938,26887,19660,0
18959,-7.099999999999959,4.0500000000002,23481,19660,0
18960,-5.2499999999999325,9.550000000000278,38391,19660,0
18961,-5.499999999999936,-4.449999999999921,36111,19660,0
18962,-6.749999999999954,6.750000000000238,26335,19660,0
18963,-6.7999999999999545,4.500000000000206,25890,19660,0
18964,-5.299999999999933,-5.699999999999939,37686,19660,0
18965,-7.19999999999996,-0.0499999999998586,22599,19660,0
18966,-6.299999999999947,-1.199999999999875,29776,19660,0
18967,-6.199999999999946,5.900000000000226,30718,19660,0
18968,-6.549999999999951,2.0000000000001705,27840,19660,0
18969,-7.4999999999999645,5.950000000000227,20319,19660,0
18970,-6.199999999999946,7.450000000000248,30749,19660,0
18971,-5.649999999999938,-0.84999999999987,34983,19660,0
18972,-6.299999999999947,-9.099999999999987,29618,19660,0
18973,-6.199999999999946,3.7000000000001947,30674,19660,0
18974,-6.049999999999944,-7.399999999999963,31652,19660,0
18975,-5.699999999999939,-2.549999999999894,34549,19660,0
18976,-6.749999999999954,-4.199999999999918,26116,19660,0
18977,-5.449999999999935,5.050000000000214,36701,19660,0
18978,-5.149999999999931,-4.34999999999992,38913,19660,0
18979,-6.749999999999954,0.3500000000001471,26207,19660,0
18980,-7.099999999999959,-4.749999999999925,23305,19660,0
18981,-5.5999999999999375,1.4500000000001627,35429,19660,0
18982,-7.249999999999961,-2.599999999999895,22148,19660,0
18983,-6.049999999999944,6.050000000000228,31921,19660,0
18984,-5.5999999999999375,1.7000000000001663,35434,19660,0
18985,-7.299999999999962,6.8500000000002395,21937,19660,0
18986,-6.349999999999948,6.600000000000236,29532,19660,0
18987,-6.049999999999944,2.7000000000001805,31854,19660,0
18988,-6.49999999999995,5.200000000000216,28304,19660,0
18989,-6.599999999999952,9.400000000000276,27588,19660,0
18990,-7.249999999999961,-2.049999999999887,22159,19660,0
18991,-7.4999999999999645,-7.299999999999962,20054,19660,0
18992,-5.399999999999935,-9.849999999999998,36803,19660,0
18993,-5.399999999999935,5.200000000000216,37104,19660,0
18994,-6.349999999999948,6.000000000000227,29520,19660,0
18995,-5.549999999999937,-8.949999999999985,35621,19660,0
18996,-7.299999999999962,2.0000000000001705,21840,19660,0
18997,-5.04999999999993,6.050000000000228,39921,19660,0
18998,-6.749999999999954,3.6000000000001933,26272,19660,0
18999,-6.849999999999955,5.200000000000216,25504,19660,0
19000,-6.749999999999954,-3.299999999999905,26134,19660,0
19001,-5.849999999999941,-5.5999999999999375,33288,19660,0
19002,-7.049999999999958,-3.799999999999912,23724,19660,0
19003,-6.049999999999944,-6.349999999999948,31673,19660,0
19004,-6.899999999999956,-9.149999999999988,24817,19660,0
19005,-7.19999999999996,8.30000000000026,22766,19660,0
19006,-5.899999999999942,7.050000000000242,33141,19660,0
19007,-7.19999999999996,-1.699999999999882,22566,19660,0
19008,-6.999999999999957,9.800000000000281,24396,19660,0
19009,-6.899999999999956,5.000000000000213,25100,19660,0
19010,-6.099999999999945,7.450000000000248,31549,19660,0
19011,-5.2499999999999325,4.000000000000199,38280,19660,0
19012,-6.049999999999944,7.550000000000249,31951,19660,0
19013,-5.74999999999994,9.150000000000272,34383,19660,0
19014,-6.4499999999999496,-0.29999999999986215,28594,19660,0
19015,-7.19999999999996,-8.499999999999979,22430,19660,0
19016,-7.349999999999962,8.500000000000263,21570,19660,0
19017,-5.04999999999993,5.8000000000002245,39916,19660,0
19018,-7.349999999999962,0.15000000000014424,21403,19660,0
19019,-6.49999999999995,-6.249999999999947,28075,19660,0
19020,-6.549999999999951,5.100000000000215,27902,19660,0
19021,-6.749999999999954,-8.449999999999978,26031,19660,0
19022,-7.099999999999959,9.00000000000027,23580,19660,0
19023,-5.849999999999941,-8.499999999999979,33230,19660,0
19024,-5.74999999999994,-3.0499999999999012,34139,19660,0
19025,-5.699999999999939,1.5000000000001634,34630,19660,0
19026,-6.649999999999952,1.3000000000001606,27026,19660,0
19027,-5.04999999999993,-6.4499999999999496,39671,19660,0
19028,-5.899999999999942,-8.749999999999982,32825,19660,0
19029,-6.099999999999945,-0.84999999999987,31383,19660,0
19030,-6.649999999999952,-1.4999999999998792,26970,19660,0
19031,-6.4499999999999496,-9.24999999999999,28415,19660,0
19032,-7.249999999999961,-0.499999999999865,22190,19660,0
19033,-7.399999999999963,-5.649999999999938,20887,19660,0
19034,-5.899999999999942,3.7500000000001954,33075,19660,0
19035,-6.049999999999944,-1.54999999999988,31769,19660,0
19036,-7.1499999999999595,5.900000000000226,23118,19660,0
19037,-5.499999999999936,-3.4999999999999076,36130,19660,0
19038,-6.999999999999957,-5.2499999999999325,24095,19660,0
19039,-7.249999999999961,-2.8499999999998984,22143,19660,0
19040,-6.349999999999948,-1.6499999999998813,29367,19660,0
19041,-7.299999999999962,4.6000000000002075,21892,19660,0
19042,-6.749999999999954,1.8500000000001684,26237,19660,0
19043,-5.9499999999999424,-1.7999999999998835,32564,19660,0
19044,-5.74999999999994,-3.949999999999914,34121,19660,0
19045,-5.899999999999942,-6.949999999999957,32861,19660,0
19046,-5.699999999999939,-6.149999999999945,34477,19660,0
19047,-7.249999999999961,2.950000000000184,22259,19660,0
19048,-7.299999999999962,-7.1499999999999595,21657,19660,0
19049,-5.199999999999932,9.70000000000028,38794,19660,0
19050,-5.74999999999994,1.050000000000157,34221,19660,0
19051,-6.49999999999995,6.450000000000234,28329,19660,0
19052,-7.099999999999959,1.6000000000001648,23432,19660,0
19053,-5.399999999999935,9.900000000000283,37198,19660,0
19054,-5.849999999999941,-5.5999999999999375,33288,19660,0
19055,-6.949999999999957,-2.1499999999998884,24557,19660,0
19056,-6.249999999999947,-8.199999999999974,30036,19660,0
19057,-7.249999999999961,0.7000000000001521,22214,19660,0
19058,-7.19999999999996,-1.3999999999998778,22572,19660,0
19059,-5.74999999999994,-1.7499999999998828,34165,19660,0
19060,-6.199999999999946,6.8500000000002395,30737,19660,0
19061,-6.349999999999948,8.25000000000026,29565,19660,0
19062,-7.19999999999996,8.100000000000257,22762,19660,0
19063,-5.199999999999932,-1.1499999999998742,38577,19660,0
19064,-5.499999999999936,-4.299999999999919,36114,19660,0
19065,-7.4999999999999645,7.450000000000248,20349,19660,0
19066,-5.649999999999938,7.7000000000002515,35154,19660,0
19067,-7.349999999999962,-5.09999999999993,21298,19660,0
19068,-6.249999999999947,9.400000000000276,30388,19660,0
19069,-7.249999999999961,4.650000000000208,22293,19660,0
19070,-6.099999999999945,6.450000000000234,31529,19660,0
19071,-6.849999999999955,-3.299999999999905,25334,19660,0
19072,-5.299999999999933,2.5500000000001783,37851,19660,0
19073,-6.099999999999945,-9.799999999999997,31204,19660,0
19074,-7.1499999999999595,0.15000000000014424,23003,19660,0
19075,-6.4499999999999496,-4.5499999999999226,28509,19660,0
19076,-6.049999999999944,-4.39999999999992,31712,19660,0
19077,-5.349999999999934,7.500000000000249,37550,19660,0
19078,-7.4999999999999645,0.4500000000001485,20209,19660,0
19079,-6.7999999999999545,-1.7999999999998835,25764,19660,0
19080,-5.9499999999999424,2.9000000000001833,32658,19660,0
19081,-7.1499999999999595,-3.449999999999907,22931,19660,0
19082,-6.4499999999999496,6.400000000000233,28728,19660,0
19083,-6.849999999999955,-2.7999999999998977,25344,19660,0
19084,-6.349999999999948,-6.949999999999957,29261,19660,0
19085,-7.1499999999999595,-1.1499999999998742,22977,19660,0
19086,-5.699999999999939,5.700000000000223,34714,19660,0
19087,-5.5999999999999375,9.300000000000274,35586,19660,0
19088,-5.74999999999994,8.000000000000256,34360,19660,0
19089,-5.199999999999932,-0.6499999999998671,38587,19660,0
19090,-5.349999999999934,8.550000000000264,37571,19660,0
19091,-7.249999999999961,-8.699999999999982,22026,19660,0
19092,-6.649999999999952,-4.0499999999999154,26919,19660,0
19093,-5.999999999999943,9.300000000000274,32386,19660,0
19094,-6.599999999999952,4.300000000000203,27486,19660,0
19095,-5.899999999999942,-5.649999999999938,32887,19660,0
19096,-5.74999999999994,6.5000000000002345,34330,19660,0
19097,-5.79999999999994,6.1500000000002295,33923,19660,0
19098,-5.999999999999943,-2.6499999999998956,32147,19660,0
19099,-5.04999999999993,1.6000000000001648,39832,19660,0
19100,-5.09999999999993,-7.89999999999997,39242,19660,0
19101,-6.899999999999956,1.8000000000001677,25036,19660,0
19102,-6.699999999999953,5.850000000000225,26717,19660,0
19103,-6.349999999999948,9.400000000000276,29588,19660,0
19104,-6.249999999999947,9.950000000000284,30399,19660,0
19105,-5.299999999999933,-6.49999999999995,37670,19660,0
19106,-6.199999999999946,3.800000000000196,30676,19660,0
19107,-7.449999999999964,-1.4499999999998785,20571,19660,0
19108,-5.299999999999933,0.9000000000001549,37818,19660,0
19109,-7.449999999999964,-4.599999999999923,20508,19660,0
19110,-7.449999999999964,-9.899999999999999,20402,19660,0
19111,-5.999999999999943,-2.1499999999998884,32157,19660,0
19112,-6.49999999999995,-3.6499999999999098,28127,19660,0
19113,-5.79999999999994,9.150000000000272,33983,19660,0
19114,-5.79999999999994,-6.049999999999944,33679,19660,0
19115,-5.449999999999935,-6.4499999999999496,36471,19660,0
19116,-6.549999999999951,7.750000000000252,27955,19660,0
19117,-6.349999999999948,9.150000000000272,29583,19660,0
19118,-5.9499999999999424,4.75000000000021,32695,19660,0
19119,-6.399999999999949,5.050000000000214,29101,19660,0
19120,-5.399999999999935,7.7000000000002515,37154,19660,0
19121,-7.399999999999963,1.6000000000001648,21032,19660,0
19122,-6.49999999999995,-2.399999999999892,28152,19660,0
19123,-5.299999999999933,9.350000000000275,37987,19660,0
19124,-6.099999999999945,7.850000000000254,31557,19660,0
19125,-6.4499999999999496,9.400000000000276,28788,19660,0
19126,-7.349999999999962,-8.399999999999977,21232,19660,0
19127,-5.549999999999937,-9.649999999999995,35607,19660,0
19128,-5.849999999999941,8.700000000000266,33574,19660,0
19129,-5.649999999999938,-5.999999999999943,34880,19660,0
19130,-6.549999999999951,-9.849999999999998,27603,19660,0
19131,-5.04999999999993,-3.1999999999999034,39736,19660,0
19132,-6.949999999999957,7.250000000000245,24745,19660,0
19133,-6.49999999999995,3.2000000000001876,28264,19660,0
19134,-5.499999999999936,1.1500000000001585,36223,19660,0
19135,-5.449999999999935,5.300000000000217,36706,19660,0
19136,-5.5999999999999375,8.95000000000027,35579,19660,0
19137,-5.79999999999994,6.450000000000234,33929,19660,0
19138,-7.19999999999996,1.4210854715202004e-13,22600,19660,0
19139,-6.49999999999995,8.25000000000026,28365,19660,0
19140,-5.149999999999931,6.800000000000239,39136,19660,0
19141,-5.699999999999939,-3.0499999999999012,34539,19660,0
19142,-6.4499999999999496,0.8500000000001542,28617,19660,0
19143,-6.049999999999944,-1.899999999999885,31762,19660,0
19144,-5.04999999999993,7.550000000000249,39951,19660,0
19145,-6.699999999999953,0.4000000000001478,26608,19660,0
19146,-6.849999999999955,-5.649999999999938,25287,19660,0
19147,-6.849999999999955,-7.549999999999965,25249,19660,0
19148,-5.549999999999937,3.6000000000001933,35872,19660,0
19149,-6.49999999999995,-7.549999999999965,28049,19660,0
19150,-5.299999999999933,6.400000000000233,37928,19660,0
19151,-5.9499999999999424,7.950000000000255,32759,19660,0
19152,-5.09999999999993,-7.8499999999999694,39243,19660,0
19153,-5.04999999999993,-0.8999999999998707,39782,19660,0
19154,-5.849999999999941,-6.649999999999952,33267,19660,0
19155,-5.09999999999993,6.700000000000237,39534,19660,0
19156,-7.099999999999959,-3.6499999999999098,23327,19660,0
19157,-7.449999999999964,-9.749999999999996,20405,19660,0
19158,-6.7999999999999545,9.600000000000279,25992,19660,0
19159,-6.849999999999955,7.950000000000255,25559,19660,0
19160,-5.79999999999994,2.7000000000001805,33854,19660,0
19161,-6.199999999999946,-7.1499999999999595,30457,19660,0
19162,-6.099999999999945,-8.59999999999998,31228,19660,0
19163,-7.049999999999958,7.450000000000248,23949,19660,0
19164,-5.899999999999942,8.850000000000268,33177,19660,0
19165,-5.849999999999941,4.300000000000203,33486,19660,0
19166,-5.899999999999942,-5.399999999999935,32892,19660,0
19167,-7.449999999999964,-4.999999999999929,20500,19660,0
19168,-5.899999999999942,-8.64999999999998,32827,19660,0
19169,-5.09999999999993,9.950000000000284,39599,19660,0
19170,-6.199999999999946,-8.399999999999977,30432,19660,0
19171,-6.349999999999948,-0.3999999999998636,29392,19660,0
19172,-5.399999999999935,-0.9999999999998721,36980,19660,0
19173,-7.349999999999962,-4.699999999999925,21306,19660,0
19174,-6.399999999999949,6.90000000000024,29138,19660,0
19175,-5.199999999999932,-7.049999999999958,38459,19660,0
19176,-6.949999999999957,-8.64999999999998,24427,19660,0
19177,-7.299999999999962,-7.8499999999999694,21643,19660,0
19178,-6.999999999999957,-1.2999999999998764,24174,19660,0
19179,-6.849999999999955,5.550000000000221,25511,19660,0
19180,-7.19999999999996,5.100000000000215,22702,19660,0
19181,-6.249999999999947,0.6000000000001506,30212,19660,0
19182,-7.449999999999964,-4.449999999999921,20511,19660,0
19183,-6.549999999999951,3.500000000000192,27870,19660,0
19184,-7.299999999999962,-2.9499999999999,21741,19660,0
19185,-5.74999999999994,-8.049999999999972,34039,19660,0
19186,-5.199999999999932,6.8500000000002395,38737,19660,0
19187,-6.049999999999944,8.700000000000266,31974,19660,0
19188,-6.649999999999952,4.0500000000002,27081,19660,0
19189,-5.349999999999934,-3.949999999999914,37321,19660,0
19190,-5.5999999999999375,-7.8499999999999694,35243,19660,0
19191,-6.949999999999957,-7.099999999999959,24458,19660,0
19192,-5.149999999999931,-8.949999999999985,38821,19660,0
19193,-7.1499999999999595,-7.599999999999966,22848,19660,0
19194,-6.4499999999999496,-1.54999999999988,28569,19660,0
19195,-5.449999999999935,-4.949999999999928,36501,19660,0
19196,-6.249999999999947,8.150000000000258,30363,19660,0
19197,-6.149999999999945,-3.1999999999999034,30936,19660,0
19198,-6.999999999999957,-0.7999999999998693,24184,19660,0
19199,-7.049999999999958,-5.2499999999999325,23695,19660,0
19200,-6.649999999999952,2.6500000000001798,27053,19660,0
19201,-6.549999999999951,-0.24999999999986144,27795,19660,0
19202,-6.4499999999999496,-8.349999999999977,28433,19660,0
19203,-6.299999999999947,-3.8999999999999133,29722,19660,0
19204,-6.999999999999957,0.3500000000001471,24207,19660,0
19205,-6.249999999999947,-9.849999999999998,30003,19660,0
19206,-6.49999999999995,-6.399999999999949,28072,19660,0
19207,-5.79999999999994,-2.8499999999998984,33743,19660,0
19208,-6.049999999999944,-4.39999999999992,31712,19660,0
19209,-6.549999999999951,-6.099999999999945,27678,19660,0
19210,-5.74999999999994,6.1500000000002295,34323,19660,0
19211,-5.349999999999934,4.1000000000002,37482,19660,0
19212,-5.149999999999931,-9.199999999999989,38816,19660,0
19213,-6.099999999999945,9.200000000000273,31584,19660,0
19214,-5.699999999999939,6.000000000000227,34720,19660,0
19215,-7.049999999999958,5.350000000000218,23907,19660,0
19216,-6.7999999999999545,1.2500000000001599,25825,19660,0
19217,-5.79999999999994,-7.999999999999972,33640,19660,0
19218,-5.149999999999931,-5.9499999999999424,38881,19660,0
19219,-6.49999999999995,4.550000000000207,28291,19660,0
19220,-5.849999999999941,0.7500000000001528,33415,19660,0
19221,-6.649999999999952,-4.34999999999992,26913,19660,0
19222,-5.399999999999935,-0.6999999999998678,36986,19660,0
19223,-7.349999999999962,5.900000000000226,21518,19660,0
19224,-5.699999999999939,-7.799999999999969,34444,19660,0
19225,-5.2499999999999325,8.050000000000257,38361,19660,0
19226,-7.049999999999958,4.150000000000201,23883,19660,0
19227,-5.199999999999932,-4.199999999999918,38516,19660,0
19228,-5.09999999999993,2.1500000000001727,39443,19660,0
19229,-5.899999999999942,0.5000000000001492,33010,19660,0
19230,-5.499999999999936,7.100000000000243,36342,19660,0
19231,-6.599999999999952,-0.9999999999998721,27380,19660,0
19232,-6.649999999999952,4.150000000000201,27083,19660,0
19233,-6.149999999999945,-9.749999999999996,30805,19660,0
19234,-6.849999999999955,-3.399999999999906,25332,19660,0
19235,-5.199999999999932,-0.14999999999986002,38597,19660,0
19236,-5.2499999999999325,-6.149999999999945,38077,19660,0
19237,-7.249999999999961,-7.299999999999962,22054,19660,0
19238,-6.099999999999945,-8.399999999999977,31232,19660,0
19239,-5.2499999999999325,0.05000000000014282,38201,19660,0
19240,-6.249999999999947,-8.149999999999974,30037,19660,0
19241,-5.79999999999994,-2.9499999999999,33741,19660,0
19242,-5.5999999999999375,-3.299999999999905,35334,19660,0
19243,-5.09999999999993,-2.6499999999998956,39347,19660,0
19244,-5.79999999999994,5.000000000000213,33900,19660,0
19245,-7.4999999999999645,9.75000000000028,20395,19660,0
19246,-5.649999999999938,-0.84999999999987,34983,19660,0
19247,-6.699999999999953,4.75000000000021,26695,19660,0
19248,-5.149999999999931,8.500000000000263,39170,19660,0
19249,-6.4499999999999496,0.20000000000014495,28604,19660,0
19250,-7.099999999999959,-9.499999999999993,23210,19660,0
19251,-6.199999999999946,5.8000000000002245,30716,19660,0
19252,-5.699999999999939,5.850000000000225,34717,19660,0
19253,-7.049999999999958,7.750000000000252,23955,19660,0
19254,-5.74999999999994,7.200000000000244,34344,19660,0
19255,-5.899999999999942,-5.449999999999935,32891,19660,0
19256,-5.199999999999932,-2.6999999999998963,38546,19660,0
19257,-6.699999999999953,-6.999999999999957,26460,19660,0
19258,-5.149999999999931,6.950000000000241,39139,19660,0
19259,-6.4499999999999496,9.70000000000028,28794,19660,0
19260,-6.299999999999947,-5.849999999999941,29683,19660,0
19261,-5.699999999999939,-5.499999999999936,34490,19660,0
19262,-6.349999999999948,4.650000000000208,29493,19660,0
19263,-5.09999999999993,-9.049999999999986,39219,19660,0
19264,-6.899999999999956,3.450000000000191,25069,19660,0
19265,-6.849999999999955,-2.24999999999989,25355,19660,0
19266,-5.349999999999934,-7.049999999999958,37259,19660,0
19267,-5.09999999999993,-6.149999999999945,39277,19660,0
19268,-7.399999999999963,2.0500000000001712,21041,19660,0
19269,-6.999999999999957,9.550000000000278,24391,19660,0
19270,-5.699999999999939,-5.849999999999941,34483,19660,0
19271,-5.449999999999935,2.5000000000001776,36650,19660,0
19272,-5.199999999999932,4.700000000000209,38694,19660,0
19273,-7.4999999999999645,-2.599999999999895,20148,19660,0
19274,-5.199999999999932,3.100000000000186,38662,19660,0
19275,-6.749999999999954,5.350000000000218,26307,19660,0
19276,-6.849999999999955,-1.899999999999885,25362,19660,0
19277,-7.049999999999958,-0.5999999999998664,23788,19660,0
19278,-6.249999999999947,9.200000000000273,30384,19660,0
19279,-5.849999999999941,-8.64999999999998,33227,19660,0
19280,-6.899999999999956,-4.649999999999924,24907,19660,0
19281,-5.9499999999999424,-4.649999999999924,32507,19660,0
19282,-6.299999999999947,-8.699999999999982,29626,19660,0
19283,-6.099999999999945,-9.899999999999999,31202,19660,0
19284,-5.849999999999941,-3.599999999999909,33328,19660,0
19285,-5.74999999999994,-2.749999999999897,34145,19660,0
19286,-6.49999999999995,8.500000000000263,28370,19660,0
19287,-6.549999999999951,1.3000000000001606,27826,19660,0
19288,-6.199999999999946,5.650000000000222,30713,19660,0
19289,-5.74999999999994,3.7500000000001954,34275,19660,0
19290,-6.399999999999949,5.400000000000219,29108,19660,0
19291,-7.19999999999996,2.600000000000179,22652,19660,0
19292,-7.049999999999958,-9.699999999999996,23606,19660,0
19293,-5.79999999999994,3.7500000000001954,33875,19660,0
19294,-6.949999999999957,6.700000000000237,24734,19660,0
19295,-6.999999999999957,-7.749999999999968,24045,19660,0
19296,-5.349999999999934,7.100000000000243,37542,19660,0
19297,-5.9499999999999424,-3.5499999999999083,32529,19660,0
19298,-6.949999999999957,5.100000000000215,24702,19660,0
19299,-7.4999999999999645,-8.799999999999983,20024,19660,0
19300,-5.09999999999993,-5.199999999999932,39296,19660,0
19301,-5.2499999999999325,5.400000000000219,38308,19660,0
19302,-5.999999999999943,8.400000000000261,32368,19660,0
19303,-7.1499999999999595,4.700000000000209,23094,19660,0
19304,-5.349999999999934,8.800000000000267,37576,19660,0
19305,-6.049999999999944,-6.549999999999951,31669,19660,0
19306,-5.149999999999931,-1.5999999999998806,38968,19660,0
19307,-5.699999999999939,-8.449999999999978,34431,19660,0
19308,-6.899999999999956,-7.19999999999996,24856,19660,0
19309,-7.399999999999963,-8.64999999999998,20827,19660,0
19310,-7.399999999999963,-7.749999999999968,20845,19660,0
19311,-6.749999999999954,-0.3999999999998636,26192,19660,0
19312,-6.999999999999957,-2.6499999999998956,24147,19660,0
19313,-7.099999999999959,-1.8499999999998842,23363,19660,0
19314,-6.849999999999955,-0.24999999999986144,25395,19660,0
19315,-6.899999999999956,-5.2499999999999325,24895,19660,0
19316,-6.7999999999999545,-3.0499999999999012,25739,19660,0
19317,-6.49999999999995,-2.1499999999998884,28157,19660,0
19318,-6.249999999999947,-9.799999999999997,30004,19660,0
19319,-7.099999999999959,-9.799999999999997,23204,19660,0
19320,-5.299999999999933,-9.049999999999986,37619,19660,0
19321,-5.649999999999938,1.6500000000001656,35033,19660,0
19322,-5.74999999999994,-8.249999999999975,34035,19660,0
19323,-7.349999999999962,2.0000000000001705,21440,19660,0
19324,-6.249999999999947,4.500000000000206,30290,19660,0
19325,-7.4999999999999645,8.150000000000258,20363,19660,0
19326,-6.199999999999946,0.9500000000001556,30619,19660,0
19327,-5.04999999999993,-3.249999999999904,39735,19660,0
19328,-7.449999999999964,-3.8999999999999133,20522,19660,0
19329,-6.599999999999952,-5.549999999999937,27289,19660,0
19330,-7.449999999999964,9.450000000000276,20789,19660,0
19331,-6.949999999999957,-6.099999999999945,24478,19660,0
19332,-7.449999999999964,7.900000000000254,20758,19660,0
19333,-5.199999999999932,-7.8499999999999694,38443,19660,0
19334,-5.549999999999937,-0.24999999999986144,35795,19660,0
19335,-6.549999999999951,6.700000000000237,27934,19660,0
19336,-5.199999999999932,6.050000000000228,38721,19660,0
19337,-6.049999999999944,-7.699999999999967,31646,19660,0
19338,-6.49999999999995,-3.099999999999902,28138,19660,0
19339,-5.449999999999935,0.9000000000001549,36618,19660,0
19340,-5.79999999999994,-9.749999999999996,33605,19660,0
19341,-6.749999999999954,1.4500000000001627,26229,19660,0
19342,-6.699999999999953,-7.8499999999999694,26443,19660,0
19343,-5.699999999999939,-1.899999999999885,34562,19660,0
19344,-5.999999999999943,-4.39999999999992,32112,19660,0
19345,-5.899999999999942,1.4210854715202004e-13,33000,19660,0
19346,-7.4999999999999645,0.3500000000001471,20207,19660,0
19347,-5.09999999999993,5.400000000000219,39508,19660,0
19348,-5.74999999999994,5.700000000000223,34314,19660,0
19349,-6.649999999999952,-0.19999999999986073,26996,19660,0
19350,-6.7999999999999545,-8.499999999999979,25630,19660,0
19351,-5.2499999999999325,6.100000000000229,38322,19660,0
19352,-6.199999999999946,4.400000000000205,30688,19660,0
19353,-5.699999999999939,-6.4499999999999496,34471,19660,0
19354,-5.549999999999937,2.3500000000001755,35847,19660,0
19355,-5.04999999999993,-9.549999999999994,39609,19660,0
19356,-5.79999999999994,9.05000000000027,33981,19660,0
19357,-6.399999999999949,-0.19999999999986073,28996,19660,0
19358,-5.74999999999994,9.550000000000278,34391,19660,0
19359,-5.74999999999994,-6.7999999999999545,34064,19660,0
19360,-5.09999999999993,5.50000000000022,39510,19660,0
19361,-6.399999999999949,3.2000000000001876,29064,19660,0
19362,-6.149999999999945,-9.899999999999999,30802,19660,0
19363,-6.599999999999952,-8.049999999999972,27239,19660,0
19364,-7.099999999999959,-5.9499999999999424,23281,19660,0
19365,-7.19999999999996,6.650000000000237,22733,19660,0
19366,-5.79999999999994,-7.949999999999971,33641,19660,0
19367,-5.5999999999999375,-0.6499999999998671,35387,19660,0
19368,-5.999999999999943,-6.249999999999947,32075,19660,0
19369,-7.1499999999999595,8.95000000000027,23179,19660,0
19370,-7.399999999999963,5.45000000000022,21109,19660,0
19371,-5.199999999999932,-7.8499999999999694,38443,19660,0
19372,-5.399999999999935,-4.999999999999929,36900,19660,0
19373,-6.199999999999946,-7.4999999999999645,30450,19660,0
19374,-6.049999999999944,3.500000000000192,31870,19660,0
19375,-6.649999999999952,-5.449999999999935,26891,19660,0
19376,-6.249999999999947,-6.199999999999946,30076,19660,0
19377,-6.749999999999954,2.5000000000001776,26250,19660,0
19378,-6.149999999999945,0.7000000000001521,31014,19660,0
19379,-7.399999999999963,-6.999999999999957,20860,19660,0
19380,-6.149999999999945,0.8000000000001535,31016,19660,0
19381,-6.299999999999947,-4.099999999999916,29718,19660,0
19382,-5.899999999999942,-1.899999999999885,32962,19660,0
19383,-5.2499999999999325,5.000000000000213,38300,19660,0
19384,-6.599999999999952,4.200000000000202,27484,19660,0
19385,-6.999999999999957,6.300000000000232,24326,19660,0
19386,-6.399999999999949,-2.2999999999998906,28954,19660,0
19387,-5.699999999999939,-1.2999999999998764,34574,19660,0
19388,-7.349999999999962,1.4210854715202004e-13,21400,19660,0
19389,-7.19999999999996,0.9500000000001556,22619,19660,0
19390,-5.149999999999931,-8.049999999999972,38839,19660,0
19391,-6.649999999999952,-3.8499999999999126,26923,19660,0
19392,-5.149999999999931,0.9000000000001549,39018,19660,0
19393,-7.249999999999961,6.700000000000237,22334,19660,0
19394,-5.04999999999993,-1.199999999999875,39776,19660,0
19395,-6.249999999999947,1.3500000000001613,30227,19660,0
19396,-7.4999999999999645,7.7000000000002515,20354,19660,0
19397,-5.199999999999932,-6.199999999999946,38476,19660,0
19398,-5.5999999999999375,5.950000000000227,35519,19660,0
19399,-6.849999999999955,-8.449999999999978,25231,19660,0
19400,-5.149999999999931,7.750000000000252,39155,19660,0
19401,-6.199999999999946,7.900000000000254,30758,19660,0
19402,-7.099999999999959,-5.899999999999942,23282,19660,0
19403,-7.349999999999962,9.900000000000283,21598,19660,0
19404,-5.74999999999994,-7.549999999999965,34049,19660,0
19405,-6.849999999999955,-8.999999999999986,25220,19660,0
19406,-5.549999999999937,-9.549999999999994,35609,19660,0
19407,-7.399999999999963,3.0500000000001855,21061,19660,0
19408,-5.449999999999935,2.3500000000001755,36647,19660,0
19409,-5.499999999999936,5.45000000000022,36309,19660,0
19410,-6.549999999999951,-5.199999999999932,27696,19660,0
19411,-5.04999999999993,2.750000000000181,39855,19660,0
19412,-5.899999999999942,-2.3499999999998913,32953,19660,0
19413,-6.149999999999945,3.2500000000001883,31065,19660,0
19414,-6.599999999999952,7.7000000000002515,27554,19660,0
19415,-5.9499999999999424,-7.399999999999963,32452,19660,0
19416,-7.1499999999999595,-5.5999999999999375,22888,19660,0
19417,-5.899999999999942,5.200000000000216,33104,19660,0
19418,-5.9499999999999424,8.050000000000257,32761,19660,0
19419,-6.099999999999945,-2.6499999999998956,31347,19660,0
19420,-6.099999999999945,6.100000000000229,31522,19660,0
19421,-6.049999999999944,0.20000000000014495,31804,19660,0
19422,-6.849999999999955,-6.849999999999955,25263,19660,0
19423,-7.099999999999959,5.45000000000022,23509,19660,0
19424,-5.499999999999936,-3.6499999999999098,36127,19660,0
19425,-5.899999999999942,-4.449999999999921,32911,19660,0
19426,-5.649999999999938,0.05000000000014282,35001,19660,0
19427,-5.899999999999942,4.200000000000202,33084,19660,0
19428,-5.499999999999936,8.600000000000264,36372,19660,0
19429,-6.899999999999956,1.1000000000001577,25022,19660,0
19430,-6.349999999999948,1.5500000000001641,29431,19660,0
19431,-6.749999999999954,2.800000000000182,26256,19660,0
19432,-7.049999999999958,-8.349999999999977,23633,19660,0
19433,-5.349999999999934,-2.4999999999998934,37350,19660,0
19434,-6.49999999999995,2.600000000000179,28252,19660,0
19435,-5.549999999999937,-4.799999999999926,35704,19660,0
19436,-5.849999999999941,-0.6499999999998671,33387,19660,0
19437,-5.79999999999994,-7.599999999999966,33648,19660,0
19438,-7.049999999999958,-7.1499999999999595,23657,19660,0
19439,-7.349999999999962,-4.149999999999917,21317,19660,0
19440,-5.549999999999937,6.050000000000228,35921,19660,0
19441,-7.19999999999996,2.800000000000182,22656,19660,0
19442,-6.49999999999995,6.750000000000238,28335,19660,0
19443,-5.549999999999937,-2.9999999999999005,35740,19660,0
19444,-7.049999999999958,0.5500000000001499,23811,19660,0
19445,-5.699999999999939,8.150000000000258,34763,19660,0
19446,-6.549999999999951,4.150000000000201,27883,19660,0
19447,-6.249999999999947,0.4000000000001478,30208,19660,0
19448,-6.749999999999954,0.20000000000014495,26204,19660,0
19449,-7.1499999999999595,-5.899999999999942,22882,19660,0
19450,-6.349999999999948,8.850000000000268,29577,19660,0
19451,-6.549999999999951,-3.8499999999999126,27723,19660,0
19452,-5.449999999999935,2.300000000000175,36646,19660,0
19453,-7.399999999999963,0.10000000000014353,21002,19660,0
19454,-6.399999999999949,-5.79999999999994,28884,19660,0
19455,-5.699999999999939,-4.149999999999917,34517,19660,0
19456,-5.09999999999993,8.150000000000258,39563,19660,0
19457,-5.349999999999934,2.8500000000001826,37457,19660,0
19458,-5.149999999999931,6.550000000000235,39131,19660,0
19459,-5.849999999999941,3.5500000000001926,33471,19660,0
19460,-6.699999999999953,-1.5999999999998806,26568,19660,0
19461,-7.19999999999996,-5.549999999999937,22489,19660,0
19462,-5.74999999999994,-0.5499999999998657,34189,19660,0
19463,-6.199999999999946,-10.0,30400,19660,0
19464,-5.199999999999932,-5.349999999999934,38493,19660,0
19465,-6.049999999999944,1.1000000000001577,31822,19660,0
19466,-5.849999999999941,3.100000000000186,33462,19660,0
19467,-6.649999999999952,-6.699999999999953,26866,19660,0
19468,-6.649999999999952,-6.849999999999955,26863,19660,0
19469,-6.549999999999951,-9.749999999999996,27605,19660,0
19470,-5.649999999999938,1.1500000000001585,35023,19660,0
19471,-7.399999999999963,-5.199999999999932,20896,19660,0
19472,-6.699999999999953,2.600000000000179,26652,19660,0
19473,-6.099999999999945,8.450000000000262,31569,19660,0
19474,-6.249999999999947,-5.09999999999993,30098,19660,0
19475,-6.649999999999952,-8.949999999999985,26821,19660,0
19476,-6.749999999999954,-9.24999999999999,26015,19660,0
19477,-6.549999999999951,-0.19999999999986073,27796,19660,0
19478,-5.499999999999936,5.850000000000225,36317,19660,0
19479,-6.999999999999957,1.6000000000001648,24232,19660,0
19480,-5.499999999999936,9.65000000000028,36393,19660,0
19481,-6.349999999999948,-1.9999999999998863,29360,19660,0
19482,-5.699999999999939,-1.1499999999998742,34577,19660,0
19483,-6.4499999999999496,-3.8499999999999126,28523,19660,0
19484,-6.299999999999947,7.950000000000255,29959,19660,0
19485,-5.04999999999993,9.850000000000282,39997,19660,0
19486,-7.1499999999999595,6.8500000000002395,23137,19660,0
19487,-7.049999999999958,6.700000000000237,23934,19660,0
19488,-5.09999999999993,-7.249999999999961,39255,19660,0
19489,-5.549999999999937,3.9000000000001975,35878,19660,0
19490,-5.399999999999935,3.7500000000001954,37075,19660,0
19491,-5.79999999999994,-9.599999999999994,33608,19660,0
19492,-7.099999999999959,7.500000000000249,23550,19660,0
19493,-6.399999999999949,6.550000000000235,29131,19660,0
19494,-6.549999999999951,-9.199999999999989,27616,19660,0
19495,-5.999999999999943,-9.499999999999993,32010,19660,0
19496,-6.549999999999951,7.300000000000246,27946,19660,0
19497,-5.149999999999931,0.30000000000014637,39006,19660,0
19498,-6.399999999999949,0.5000000000001492,29010,19660,0
19499,-5.849999999999941,4.300000000000203,33486,19660,0
19500,-5.999999999999943,-8.099999999999973,32038,19660,0
19501,-5.849999999999941,8.95000000000027,33579,19660,0
19502,-5.399999999999935,-2.7999999999998977,36944,19660,0
19503,-7.299999999999962,5.750000000000224,21915,19660,0
19504,-7.1499999999999595,2.750000000000181,23055,19660,0
19505,-6.849999999999955,-3.599999999999909,25328,19660,0
19506,-5.74999999999994,-2.599999999999895,34148,19660,0
19507,-6.399999999999949,1.0000000000001563,29020,19660,0
19508,-5.149999999999931,1.1500000000001585,39023,19660,0
19509,-7.399999999999963,8.600000000000264,21172,19660,0
19510,-6.949999999999957,6.800000000000239,24736,19660,0
19511,-5.09999999999993,8.750000000000266,39575,19660,0
19512,-6.899999999999956,3.5500000000001926,25071,19660,0
19513,-6.049999999999944,-3.9999999999999147,31720,19660,0
19514,-6.49999999999995,6.800000000000239,28336,19660,0
19515,-5.199999999999932,5.650000000000222,38713,19660,0
19516,-5.349999999999934,0.8000000000001535,37416,19660,0
19517,-6.649999999999952,2.800000000000182,27056,19660,0
19518,-7.249999999999961,9.05000000000027,22381,19660,0
19519,-5.349999999999934,-3.1499999999999027,37337,19660,0
19520,-5.999999999999943,6.100000000000229,32322,19660,0
19521,-5.2499999999999325,-2.9999999999999005,38140,19660,0
19522,-6.7999999999999545,6.450000000000234,25929,19660,0
19523,-7.249999999999961,4.000000000000199,22280,19660,0
19524,-5.849999999999941,9.950000000000284,33599,19660,0
19525,-6.099999999999945,8.800000000000267,31576,19660,0
19526,-6.099999999999945,-4.449999999999921,31311,19660,0
19527,-5.649999999999938,8.800000000000267,35176,19660,0
19528,-6.599999999999952,-7.19999999999996,27256,19660,0
19529,-6.099999999999945,3.9000000000001975,31478,19660,0
19530,-5.549999999999937,-0.9999999999998721,35780,19660,0
19531,-7.299999999999962,-1.2999999999998764,21774,19660,0
19532,-6.699999999999953,5.550000000000221,26711,19660,0
19533,-6.7999999999999545,-3.299999999999905,25734,19660,0
19534,-6.4499999999999496,-0.6999999999998678,28586,19660,0
19535,-5.5999999999999375,-5.549999999999937,35289,19660,0
19536,-6.349999999999948,-7.749999999999968,29245,19660,0
19537,-6.699999999999953,-9.449999999999992,26411,19660,0
19538,-5.699999999999939,-4.749999999999925,34505,19660,0
19539,-6.649999999999952,0.4500000000001485,27009,19660,0
19540,-6.849999999999955,-1.0999999999998735,25378,19660,0
19541,-7.349999999999962,6.350000000000232,21527,19660,0
19542,-7.349999999999962,-6.399999999999949,21272,19660,0
19543,-6.149999999999945,-2.049999999999887,30959,19660,0
19544,-5.999999999999943,5.550000000000221,32311,19660,0
19545,-7.19999999999996,9.65000000000028,22793,19660,0
19546,-6.699999999999953,-6.899999999999956,26462,19660,0
19547,-6.849999999999955,4.650000000000208,25493,19660,0
19548,-5.899999999999942,-4.599999999999923,32908,19660,0
19549,-6.849999999999955,6.400000000000233,25528,19660,0
19550,-6.4499999999999496,-6.749999999999954,28465,19660,0
19551,-7.449999999999964,5.300000000000217,20706,19660,0
19552,-5.04999999999993,-2.0999999999998877,39758,19660,0
19553,-7.099999999999959,-2.899999999999899,23342,19660,0
19554,-6.349999999999948,-5.04999999999993,29299,19660,0
19555,-6.249999999999947,2.100000000000172,30242,19660,0
19556,-6.7999999999999545,1.9500000000001698,25839,19660,0
19557,-7.349999999999962,4.350000000000204,21487,19660,0
19558,-6.749999999999954,7.200000000000244,26344,19660,0
19559,-7.19999999999996,1.400000000000162,22628,19660,0
19560,-7.099999999999959,-1.1499999999998742,23377,19660,0
19561,-7.249999999999961,7.850000000000254,22357,19660,0
19562,-7.099999999999959,5.600000000000222,23512,19660,0
19563,-7.249999999999961,3.650000000000194,22273,19660,0
19564,-6.899999999999956,-3.1999999999999034,24936,19660,0
19565,-6.099999999999945,7.100000000000243,31542,19660,0
19566,-7.099999999999959,8.650000000000265,23573,19660,0
19567,-6.349999999999948,-9.399999999999991,29212,19660,0
19568,-5.79999999999994,-2.4499999999998927,33751,19660,0
19569,-5.09999999999993,-9.549999999999994,39209,19660,0
19570,-7.4999999999999645,7.300000000000246,20346,19660,0
19571,-5.549999999999937,9.65000000000028,35993,19660,0
19572,-7.249999999999961,-2.4499999999998927,22151,19660,0
19573,-6.299999999999947,0.4500000000001485,29809,19660,0
19574,-6.099999999999945,5.200000000000216,31504,19660,0
19575,-6.299999999999947,-5.09999999999993,29698,19660,0
19576,-5.999999999999943,-0.5999999999998664,32188,19660,0
19577,-5.9499999999999424,9.70000000000028,32794,19660,0
19578,-5.899999999999942,-9.24999999999999,32815,19660,0
19579,-7.349999999999962,8.700000000000266,21574,19660,0
19580,-6.49999999999995,-1.2499999999998757,28175,19660,0
19581,-5.9499999999999424,-1.899999999999885,32562,19660,0
19582,-6.149999999999945,-8.149999999999974,30837,19660,0
19583,-7.349999999999962,9.300000000000274,21586,19660,0
19584,-6.349999999999948,8.850000000000268,29577,19660,0
19585,-7.4999999999999645,7.850000000000254,20357,19660,0
19586,-5.849999999999941,-6.999999999999957,33260,19660,0
19587,-5.9499999999999424,2.750000000000181,32655,19660,0
19588,-6.049999999999944,9.600000000000279,31992,19660,0
19589,-5.199999999999932,9.300000000000274,38786,19660,0
19590,-7.349999999999962,4.200000000000202,21484,19660,0
19591,-5.299999999999933,6.350000000000232,37927,19660,0
19592,-5.2499999999999325,7.150000000000244,38343,19660,0
19593,-6.249999999999947,-1.0499999999998728,30179,19660,0
19594,-5.699999999999939,5.850000000000225,34717,19660,0
19595,-6.099999999999945,-3.249999999999904,31335,19660,0
19596,-6.849999999999955,0.9000000000001549,25418,19660,0
19597,-6.899999999999956,-3.5499999999999083,24929,19660,0
19598,-7.399999999999963,-8.899999999999984,20822,19660,0
19599,-7.4999999999999645,7.800000000000253,20356,19660,0
19600,-5.2499999999999325,2.0500000000001712,38241,19660,0
19601,-6.4499999999999496,1.9500000000001698,28639,19660,0
19602,-5.2499999999999325,1.6000000000001648,38232,19660,0
19603,-6.399999999999949,6.1500000000002295,29123,19660,0
19604,-6.099999999999945,-2.24999999999989,31355,19660,0
19605,-5.199999999999932,2.9000000000001833,38658,19660,0
19606,-6.199999999999946,2.5500000000001783,30651,19660,0
19607,-6.999999999999957,8.500000000000263,24370,19660,0
19608,-5.149999999999931,-4.149999999999917,38917,19660,0
19609,-6.399999999999949,-8.299999999999976,28834,19660,0
19610,-7.249999999999961,4.350000000000204,22287,19660,0
19611,-6.549999999999951,-2.9999999999999005,27740,19660,0
19612,-7.19999999999996,-5.999999999999943,22480,19660,0
19613,-7.19999999999996,7.7000000000002515,22754,19660,0
19614,-5.649999999999938,-9.199999999999989,34816,19660,0
19615,-6.549999999999951,-8.399999999999977,27632,19660,0
19616,-6.899999999999956,5.400000000000219,25108,19660,0
19617,-6.149999999999945,6.350000000000232,31127,19660,0
19618,-6.249999999999947,-1.8499999999998842,30163,19660,0
19619,-6.649999999999952,-5.09999999999993,26898,19660,0
19620,-6.849999999999955,-8.249999999999975,25235,19660,0
19621,-5.149999999999931,-0.9999999999998721,38980,19660,0
19622,-7.4999999999999645,8.30000000000026,20366,19660,0
19623,-6.949999999999957,7.650000000000251,24753,19660,0
19624,-5.199999999999932,-2.24999999999989,38555,19660,0
19625,-6.7999999999999545,-5.04999999999993,25699,19660,0
19626,-7.249999999999961,8.700000000000266,22374,19660,0
19627,-6.4499999999999496,4.700000000000209,28694,19660,0
19628,-6.399999999999949,7.100000000000243,29142,19660,0
19629,-5.299999999999933,-2.0999999999998877,37758,19660,0
19630,-6.049999999999944,-8.049999999999972,31639,19660,0
19631,-5.449999999999935,8.850000000000268,36777,19660,0
19632,-6.749999999999954,4.900000000000212,26298,19660,0
19633,-6.699999999999953,3.100000000000186,26662,19660,0
19634,-7.449999999999964,1.7000000000001663,20634,19660,0
19635,-7.399999999999963,2.0000000000001705,21040,19660,0
19636,-6.749999999999954,5.700000000000223,26314,19660,0
19637,-7.4999999999999645,5.750000000000224,20315,19660,0
19638,-5.849999999999941,5.600000000000222,33512,19660,0
19639,-5.699999999999939,-3.6499999999999098,34527,19660,0
19640,-6.949999999999957,-7.749999999999968,24445,19660,0
19641,-6.299999999999947,-1.199999999999875,29776,19660,0
19642,-5.549999999999937,-3.6499999999999098,35727,19660,0
19643,-5.499999999999936,1.8500000000001684,36237,19660,0
19644,-7.249999999999961,0.5000000000001492,22210,19660,0
19645,-6.949999999999957,9.75000000000028,24795,19660,0
19646,-7.099999999999959,5.200000000000216,23504,19660,0
19647,-5.499999999999936,1.4500000000001627,36229,19660,0
19648,-6.999999999999957,-6.49999999999995,24070,19660,0
19649,-6.099999999999945,-4.999999999999929,31300,19660,0
19650,-6.899999999999956,-0.9999999999998721,24980,19660,0
19651,-5.09999999999993,2.250000000000174,39445,19660,0
19652,-7.099999999999959,-1.7999999999998835,23364,19660,0
19653,-5.149999999999931,3.9000000000001975,39078,19660,0
19654,-6.299999999999947,0.5000000000001492,29810,19660,0
19655,-5.199999999999932,9.250000000000274,38785,19660,0
19656,-6.549999999999951,6.1500000000002295,27923,19660,0
19657,-6.099999999999945,-7.349999999999962,31253,19660,0
19658,-5.299999999999933,7.650000000000251,37953,19660,0
19659,-5.74999999999994,-7.599999999999966,34048,19660,0
19660,-5.299999999999933,5.900000000000226,37918,19660,0
19661,-6.549999999999951,0.20000000000014495,27804,19660,0
19662,-6.299999999999947,2.5500000000001783,29851,19660,0
19663,-5.74999999999994,-1.699999999999882,34166,19660,0
19664,-7.349999999999962,5.700000000000223,21514,19660,0
19665,-6.849999999999955,-4.34999999999992,25313,19660,0
19666,-6.999999999999957,-0.9999999999998721,24180,19660,0
19667,-6.899999999999956,7.950000000000255,25159,19660,0
19668,-5.2499999999999325,-9.099999999999987,38018,19660,0
19669,-6.599999999999952,-1.1499999999998742,27377,19660,0
19670,-6.4499999999999496,8.900000000000269,28778,19660,0
19671,-7.299999999999962,9.05000000000027,21981,19660,0
19672,-6.349999999999948,-9.34999999999999,29213,19660,0
19673,-7.099999999999959,-1.699999999999882,23366,19660,0
19674,-6.399999999999949,-2.4999999999998934,28950,19660,0
19675,-5.849999999999941,1.5000000000001634,33430,19660,0
19676,-5.899999999999942,8.700000000000266,33174,19660,0
19677,-6.549999999999951,6.550000000000235,27931,19660,0
19678,-6.249999999999947,4.2500000000002025,30285,19660,0
19679,-6.699999999999953,-8.799999999999983,26424,19660,0
19680,-6.999999999999957,2.9000000000001833,24258,19660,0
19681,-6.099999999999945,3.4000000000001904,31468,19660,0
19682,-7.4999999999999645,6.950000000000241,20339,19660,0
19683,-6.049999999999944,2.9000000000001833,31858,19660,0
19684,-6.899999999999956,5.850000000000225,25117,19660,0
19685,-5.09999999999993,1.7000000000001663,39434,19660,0
19686,-6.649999999999952,-6.149999999999945,26877,19660,0
19687,-5.449999999999935,-7.649999999999967,36447,19660,0
19688,-7.449999999999964,-7.549999999999965,20449,19660,0
19689,-6.849999999999955,-9.95,25201,19660,0
19690,-7.349999999999962,8.800000000000267,21576,19660,0
19691,-6.199999999999946,5.600000000000222,30712,19660,0
19692,-7.099999999999959,-4.199999999999918,23316,19660,0
19693,-7.049999999999958,-9.34999999999999,23613,19660,0
19694,-5.79999999999994,-5.449999999999935,33691,19660,0
19695,-5.9499999999999424,-7.599999999999966,32448,19660,0
19696,-7.1499999999999595,-0.6499999999998671,22987,19660,0
19697,-6.999999999999957,4.200000000000202,24284,19660,0
19698,-7.049999999999958,1.9500000000001698,23839,19660,0
19699,-5.999999999999943,9.850000000000282,32397,19660,0
19700,-5.149999999999931,-6.4499999999999496,38871,19660,0
19701,-5.999999999999943,1.050000000000157,32221,19660,0
19702,-6.899999999999956,0.5500000000001499,25011,19660,0
19703,-5.74999999999994,-4.299999999999919,34114,19660,0
19704,-7.449999999999964,-0.14999999999986002,20597,19660,0
19705,-6.4499999999999496,6.8500000000002395,28737,19660,0
19706,-6.249999999999947,-7.949999999999971,30041,19660,0
19707,-5.199999999999932,0.5500000000001499,38611,19660,0
19708,-5.699999999999939,1.750000000000167,34635,19660,0
19709,-6.899999999999956,3.800000000000196,25076,19660,0
19710,-6.7999999999999545,7.900000000000254,25958,19660,0
19711,-7.049999999999958,-4.449999999999921,23711,19660,0
19712,-5.999999999999943,-7.749999999999968,32045,19660,0
19713,-6.899999999999956,-2.3499999999998913,24953,19660,0
19714,-6.049999999999944,3.450000000000191,31869,19660,0
19715,-5.5999999999999375,3.7000000000001947,35474,19660,0
19716,-6.149999999999945,1.050000000000157,31021,19660,0
19717,-6.949999999999957,-7.749999999999968,24445,19660,0
19718,-7.399999999999963,5.250000000000217,21105,19660,0
19719,-5.349999999999934,8.25000000000026,37565,19660,0
19720,-7.249999999999961,-5.449999999999935,22091,19660,0
19721,-5.74999999999994,-7.599999999999966,34048,19660,0
19722,-5.79999999999994,7.350000000000247,33947,19660,0
19723,-7.399999999999963,0.20000000000014495,21004,19660,0
19724,-6.399999999999949,7.250000000000245,29145,19660,0
19725,-6.399999999999949,1.400000000000162,29028,19660,0
19726,-7.099999999999959,-5.79999999999994,23284,19660,0
19727,-5.699999999999939,9.400000000000276,34788,19660,0
19728,-5.849999999999941,-3.449999999999907,33331,19660,0
19729,-6.249999999999947,-9.899999999999999,30002,19660,0
19730,-5.9499999999999424,5.750000000000224,32715,19660,0
19731,-5.299999999999933,4.80000000000021,37896,19660,0
19732,-6.849999999999955,9.00000000000027,25580,19660,0
19733,-7.299999999999962,9.950000000000284,21999,19660,0
19734,-7.19999999999996,-9.399999999999991,22412,19660,0
19735,-6.099999999999945,9.450000000000276,31589,19660,0
19736,-6.349999999999948,5.650000000000222,29513,19660,0
19737,-5.74999999999994,-7.8499999999999694,34043,19660,0
19738,-5.5999999999999375,0.25000000000014566,35405,19660,0
19739,-7.4999999999999645,3.0500000000001855,20261,19660,0
19740,-5.449999999999935,-6.049999999999944,36479,19660,0
19741,-7.19999999999996,1.9500000000001698,22639,19660,0
19742,-5.09999999999993,-2.549999999999894,39349,19660,0
19743,-6.4499999999999496,1.7000000000001663,28634,19660,0
19744,-5.899999999999942,-5.449999999999935,32891,19660,0
19745,-5.449999999999935,2.250000000000174,36645,19660,0
19746,-5.499999999999936,6.90000000000024,36338,19660,0
19747,-6.7999999999999545,2.1500000000001727,25843,19660,0
19748,-7.19999999999996,1.2500000000001599,22625,19660,0
19749,-5.149999999999931,-9.24999999999999,38815,19660,0
19750,-5.149999999999931,-4.699999999999925,38906,19660,0
19751,-7.249999999999961,6.20000000000023,22324,19660,0
19752,-6.999999999999957,0.25000000000014566,24205,19660,0
19753,-5.9499999999999424,9.400000000000276,32788,19660,0
19754,-5.199999999999932,-0.19999999999986073,38596,19660,0
19755,-6.899999999999956,-4.099999999999916,24918,19660,0
19756,-5.299999999999933,6.300000000000232,37926,19660,0
19757,-7.349999999999962,-2.6999999999998963,21346,19660,0
19758,-7.249999999999961,-1.7499999999998828,22165,19660,0
19759,-6.149999999999945,-0.7999999999998693,30984,19660,0
19760,-5.899999999999942,9.00000000000027,33180,19660,0
19761,-6.949999999999957,-3.3499999999999055,24533,19660,0
19762,-5.699999999999939,0.3500000000001471,34607,19660,0
19763,-5.199999999999932,-2.8499999999998984,38543,19660,0
19764,-6.299999999999947,-4.299999999999919,29714,19660,0
19765,-6.299999999999947,2.7000000000001805,29854,19660,0
19766,-6.849999999999955,4.900000000000212,25498,19660,0
19767,-5.74999999999994,-9.399999999999991,34012,19660,0
19768,-6.7999999999999545,4.6000000000002075,25892,19660,0
19769,-5.699999999999939,-4.249999999999918,34515,19660,0
19770,-6.399999999999949,5.100000000000215,29102,19660,0
19771,-7.449999999999964,5.000000000000213,20700,19660,0
19772,-6.7999999999999545,-7.1499999999999595,25657,19660,0
19773,-5.499999999999936,-1.3999999999998778,36172,19660,0
19774,-6.49999999999995,4.75000000000021,28295,19660,0
19775,-7.399999999999963,-0.29999999999986215,20994,19660,0
19776,-7.4999999999999645,-5.9499999999999424,20081,19660,0
19777,-5.649999999999938,6.8500000000002395,35137,19660,0
19778,-6.999999999999957,-7.89999999999997,24042,19660,0
19779,-6.099999999999945,-8.59999999999998,31228,19660,0
19780,-7.299999999999962,5.000000000000213,21900,19660,0
19781,-7.399999999999963,5.400000000000219,21108,19660,0
19782,-6.049999999999944,2.2000000000001734,31844,19660,0
19783,-6.049999999999944,7.7000000000002515,31954,19660,0
19784,-6.399999999999949,9.350000000000275,29187,19660,0
19785,-5.149999999999931,-8.449999999999978,38831,19660,0
19786,-6.949999999999957,-7.249999999999961,24455,19660,0
19787,-7.1499999999999595,9.75000000000028,23195,19660,0
19788,-6.749999999999954,8.650000000000265,26373,19660,0
19789,-7.349999999999962,-2.4499999999998927,21351,19660,0
19790,-5.74999999999994,3.650000000000194,34273,19660,0
19791,-5.2499999999999325,-4.39999999999992,38112,19660,0
19792,-6.099999999999945,8.200000000000259,31564,19660,0
19793,-6.849999999999955,8.750000000000266,25575,19660,0
19794,-7.399999999999963,-9.849999999999998,20803,19660,0
19795,-5.399999999999935,-9.199999999999989,36816,19660,0
19796,-7.249999999999961,-4.099999999999916,22118,19660,0
19797,-5.79999999999994,-8.799999999999983,33624,19660,0
19798,-7.349999999999962,-5.04999999999993,21299,19660,0
19799,-7.099999999999959,7.60000000000025,23552,19660,0
19800,-5.9499999999999424,4.700000000000209,32694,19660,0
19801,-5.899999999999942,6.350000000000232,33127,19660,0
19802,-5.499999999999936,3.850000000000197,36277,19660,0
19803,-6.249999999999947,8.900000000000269,30378,19660,0
19804,-6.099999999999945,4.300000000000203,31486,19660,0
19805,-6.699999999999953,7.100000000000243,26742,19660,0
19806,-5.299999999999933,-7.19999999999996,37656,19660,0
19807,-5.149999999999931,-4.39999999999992,38912,19660,0
19808,-6.199999999999946,-5.149999999999931,30497,19660,0
19809,-6.7999999999999545,-1.0999999999998735,25778,19660,0
19810,-7.299999999999962,-2.8499999999998984,21743,19660,0
19811,-7.19999999999996,-6.399999999999949,22472,19660,0
19812,-6.549999999999951,-0.5999999999998664,27788,19660,0
19813,-7.049999999999958,6.100000000000229,23922,19660,0
19814,-6.549999999999951,4.900000000000212,27898,19660,0
19815,-6.649999999999952,-4.649999999999924,26907,19660,0
19816,-7.249999999999961,-0.0499999999998586,22199,19660,0
19817,-7.4999999999999645,1.0000000000001563,20220,19660,0
19818,-7.249999999999961,-0.5499999999998657,22189,19660,0
19819,-5.09999999999993,-6.49999999999995,39270,19660,0
19820,-6.949999999999957,9.900000000000283,24798,19660,0
19821,-6.399999999999949,9.950000000000284,29199,19660,0
19822,-5.09999999999993,-8.899999999999984,39222,19660,0
19823,-7.099999999999959,-6.249999999999947,23275,19660,0
19824,-5.999999999999943,2.5500000000001783,32251,19660,0
19825,-5.149999999999931,-5.999999999999943,38880,19660,0
19826,-5.399999999999935,7.800000000000253,37156,19660,0
19827,-5.2499999999999325,6.8500000000002395,38337,19660,0
19828,-6.199999999999946,0.3500000000001471,30607,19660,0
19829,-5.449999999999935,-3.9999999999999147,36520,19660,0
19830,-7.449999999999964,6.300000000000232,20726,19660,0
19831,-6.849999999999955,-8.399999999999977,25232,19660,0
19832,-5.04999999999993,1.5000000000001634,39830,19660,0
19833,-6.649999999999952,9.300000000000274,27186,19660,0
19834,-7.049999999999958,4.550000000000207,23891,19660,0
19835,-7.1499999999999595,6.250000000000231,23125,19660,0
19836,-5.2499999999999325,0.5500000000001499,38211,19660,0
19837,-7.099999999999959,5.600000000000222,23512,19660,0
19838,-6.349999999999948,-2.0999999999998877,29358,19660,0
19839,-5.999999999999943,-4.949999999999928,32101,19660,0
19840,-6.099999999999945,4.2500000000002025,31485,19660,0
19841,-5.79999999999994,-3.6499999999999098,33727,19660,0
19842,-5.349999999999934,-0.6999999999998678,37386,19660,0
19843,-6.999999999999957,-3.9999999999999147,24120,19660,0
19844,-7.399999999999963,-4.149999999999917,20917,19660,0
19845,-5.549999999999937,8.200000000000259,35964,19660,0
19846,-6.999999999999957,3.2500000000001883,24265,19660,0
19847,-6.249999999999947,9.65000000000028,30393,19660,0
19848,-6.749999999999954,-7.999999999999972,26040,19660,0
19849,-6.649999999999952,7.750000000000252,27155,19660,0
19850,-7.299999999999962,-9.849999999999998,21603,19660,0
19851,-7.1499999999999595,3.7000000000001947,23074,19660,0
19852,-6.099999999999945,3.9500000000001982,31479,19660,0
19853,-7.1499999999999595,-7.449999999999964,22851,19660,0
19854,-7.19999999999996,-3.6999999999999105,22526,19660,0
19855,-5.149999999999931,2.5500000000001783,39051,19660,0
19856,-7.19999999999996,-1.2999999999998764,22574,19660,0
19857,-6.4499999999999496,-0.14999999999986002,28597,19660,0
19858,-7.049999999999958,-8.099999999999973,23638,19660,0
19859,-5.499999999999936,0.6000000000001506,36212,19660,0
19860,-7.099999999999959,8.450000000000262,23569,19660,0
19861,-5.5999999999999375,-2.4499999999998927,35351,19660,0
19862,-6.099999999999945,2.2000000000001734,31444,19660,0
19863,-7.19999999999996,-6.849999999999955,22463,19660,0
19864,-6.049999999999944,-6.099999999999945,31678,19660,0
19865,-6.4499999999999496,3.9000000000001975,28678,19660,0
19866,-5.04999999999993,-2.9499999999999,39741,19660,0
19867,-5.999999999999943,-2.749999999999897,32145,19660,0
19868,-7.4999999999999645,-2.8499999999998984,20143,19660,0
19869,-6.099999999999945,2.800000000000182,31456,19660,0
19870,-6.699999999999953,1.5500000000001641,26631,19660,0
19871,-5.499999999999936,-3.0499999999999012,36139,19660,0
19872,-7.399999999999963,3.100000000000186,21062,19660,0
19873,-7.299999999999962,-0.6499999999998671,21787,19660,0
19874,-7.399999999999963,-5.2499999999999325,20895,19660,0
19875,-6.099999999999945,-6.299999999999947,31274,19660,0
19876,-7.249999999999961,1.7000000000001663,22234,19660,0
19877,-5.649999999999938,-3.799999999999912,34924,19660,0
19878,-5.499999999999936,7.650000000000251,36353,19660,0
19879,-5.849999999999941,8.150000000000258,33563,19660,0
19880,-7.099999999999959,9.600000000000279,23592,19660,0
19881,-6.849999999999955,-6.349999999999948,25273,19660,0
19882,-5.74999999999994,-4.299999999999919,34114,19660,0
19883,-5.79999999999994,9.300000000000274,33986,19660,0
19884,-5.549999999999937,5.200000000000216,35904,19660,0
19885,-6.399999999999949,-5.449999999999935,28891,19660,0
19886,-7.299999999999962,8.750000000000266,21975,19660,0
19887,-5.499999999999936,-6.299999999999947,36074,19660,0
19888,-6.349999999999948,1.7000000000001663,29434,19660,0
19889,-5.04999999999993,4.650000000000208,39893,19660,0
19890,-5.549999999999937,-9.549999999999994,35609,19660,0
19891,-5.999999999999943,6.250000000000231,32325,19660,0
19892,-5.999999999999943,-1.1499999999998742,32177,19660,0
19893,-5.999999999999943,-8.64999999999998,32027,19660,0
19894,-5.399999999999935,4.400000000000205,37088,19660,0
19895,-7.249999999999961,-5.349999999999934,22093,19660,0
19896,-6.199999999999946,6.20000000000023,30724,19660,0
19897,-6.899999999999956,9.300000000000274,25186,19660,0
19898,-5.499999999999936,-2.749999999999897,36145,19660,0
19899,-6.349999999999948,-7.349999999999962,29253,19660,0
19900,-5.2499999999999325,2.9000000000001833,38258,19660,0
19901,-6.099999999999945,-7.799999999999969,31244,19660,0
19902,-5.849999999999941,9.850000000000282,33597,19660,0
19903,-6.049999999999944,-7.549999999999965,31649,19660,0
19904,-5.04999999999993,3.300000000000189,39866,19660,0
19905,-5.899999999999942,-3.949999999999914,32921,19660,0
19906,-5.149999999999931,-2.749999999999897,38945,19660,0
19907,-5.5999999999999375,7.250000000000245,35545,19660,0
19908,-6.399999999999949,-1.699999999999882,28966,19660,0
19909,-5.199999999999932,9.250000000000274,38785,19660,0
19910,-7.1499999999999595,-6.549999999999951,22869,19660,0
19911,-5.04999999999993,9.950000000000284,39999,19660,0
19912,-6.399999999999949,1.8500000000001684,29037,19660,0
19913,-5.04999999999993,-6.949999999999957,39661,19660,0
19914,-6.149999999999945,-9.749999999999996,30805,19660,0
19915,-6.949999999999957,0.30000000000014637,24606,19660,0
19916,-5.349999999999934,2.8500000000001826,37457,19660,0
19917,-6.7999999999999545,1.5500000000001641,25831,19660,0
19918,-6.749999999999954,8.000000000000256,26360,19660,0
19919,-5.999999999999943,-9.399999999999991,32012,19660,0
19920,-7.399999999999963,-4.099999999999916,20918,19660,0
19921,-5.499999999999936,-9.849999999999998,36003,19660,0
19922,-7.19999999999996,2.950000000000184,22659,19660,0
19923,-5.299999999999933,9.300000000000274,37986,19660,0
19924,-7.4999999999999645,-3.399999999999906,20132,19660,0
19925,-5.04999999999993,-9.449999999999992,39611,19660,0
19926,-5.399999999999935,0.4500000000001485,37009,19660,0
19927,-5.649999999999938,-3.249999999999904,34935,19660,0
19928,-7.4999999999999645,-0.7499999999998685,20185,19660,0
19929,-7.099999999999959,-8.399999999999977,23232,19660,0
19930,-7.299999999999962,-7.549999999999965,21649,19660,0
19931,-5.849999999999941,-6.49999999999995,33270,19660,0
19932,-6.049999999999944,-4.5499999999999226,31709,19660,0
19933,-5.499999999999936,7.200000000000244,36344,19660,0
19934,-5.74999999999994,4.000000000000199,34280,19660,0
19935,-6.299999999999947,5.150000000000215,29903,19660,0
19936,-7.19999999999996,0.3500000000001471,22607,19660,0
19937,-5.199999999999932,-9.599999999999994,38408,19660,0
19938,-6.749999999999954,3.6000000000001933,26272,19660,0
19939,-6.199999999999946,-5.74999999999994,30485,19660,0
19940,-5.449999999999935,8.550000000000264,36771,19660,0
19941,-6.899999999999956,8.550000000000264,25171,19660,0
19942,-5.649999999999938,2.100000000000172,35042,19660,0
19943,-5.9499999999999424,1.1000000000001577,32622,19660,0
19944,-5.9499999999999424,-0.7499999999998685,32585,19660,0
19945,-5.199999999999932,6.100000000000229,38722,19660,0
19946,-5.2499999999999325,-9.549999999999994,38009,19660,0
19947,-7.049999999999958,-9.749999999999996,23605,19660,0
19948,-7.049999999999958,-2.399999999999892,23752,19660,0
19949,-5.999999999999943,4.75000000000021,32295,19660,0
19950,-7.349999999999962,5.600000000000222,21512,19660,0
19951,-6.149999999999945,-0.14999999999986002,30997,19660,0
19952,-6.649999999999952,-9.24999999999999,26815,19660,0
19953,-6.599999999999952,4.900000000000212,27498,19660,0
19954,-6.49999999999995,-1.2999999999998764,28174,19660,0
19955,-5.04999999999993,-8.399999999999977,39632,19660,0
19956,-6.099999999999945,-1.0999999999998735,31378,19660,0
19957,-5.649999999999938,-5.649999999999938,34887,19660,0
19958,-5.149999999999931,-5.549999999999937,38889,19660,0
19959,-5.549999999999937,-8.799999999999983,35624,19660,0
19960,-5.299999999999933,-3.399999999999906,37732,19660,0
19961,-6.849999999999955,-8.64999999999998,25227,19660,0
19962,-5.199999999999932,4.9500000000002125,38699,19660,0
19963,-6.299999999999947,-4.699999999999925,29706,19660,0
19964,-6.899999999999956,-4.799999999999926,24904,19660,0
19965,-5.899999999999942,-5.299999999999933,32894,19660,0
19966,-5.899999999999942,3.150000000000187,33063,19660,0
19967,-7.399999999999963,6.050000000000228,21121,19660,0
19968,-5.79999999999994,-6.149999999999945,33677,19660,0
19969,-5.09999999999993,3.2000000000001876,39464,19660,0
19970,-6.49999999999995,9.65000000000028,28393,19660,0
19971,-5.5999999999999375,2.9000000000001833,35458,19660,0
19972,-5.74999999999994,3.7500000000001954,34275,19660,0
19973,-7.349999999999962,7.050000000000242,21541,19660,0
19974,-7.249999999999961,-9.699999999999996,22006,19660,0
19975,-6.949999999999957,-6.899999999999956,24462,19660,0
19976,-5.549999999999937,6.000000000000227,35920,19660,0
19977,-6.749999999999954,9.550000000000278,26391,19660,0
19978,-6.549999999999951,-4.749999999999925,27705,19660,0
19979,-6.399999999999949,4.0500000000002,29081,19660,0
19980,-7.399999999999963,-2.199999999999889,20956,19660,0
19981,-6.4499999999999496,8.95000000000027,28779,19660,0
19982,-5.149999999999931,-1.0499999999998728,38979,19660,0
19983,-6.7999999999999545,-8.399999999999977,25632,19660,0
19984,-6.4499999999999496,-7.599999999999966,28448,19660,0
19985,-6.999999999999957,-9.799999999999997,24004,19660,0
19986,-7.349999999999962,-0.29999999999986215,21394,19660,0
19987,-6.899999999999956,-3.599999999999909,24928,19660,0
19988,-7.049999999999958,-1.9499999999998856,23761,19660,0
19989,-6.049999999999944,-3.299999999999905,31734,19660,0
19990,-7.399999999999963,-1.5999999999998806,20968,19660,0
19991,-6.249999999999947,-1.7999999999998835,30164,19660,0
19992,-6.899999999999956,-7.099999999999959,24858,19660,0
19993,-6.599999999999952,-1.7999999999998835,27364,19660,0
19994,-6.699999999999953,-4.39999999999992,26512,19660,0
19995,-6.299999999999947,-8.099999999999973,29638,19660,0
19996,-6.7999999999999545,2.450000000000177,25849,19660,0
19997,-7.099999999999959,-9.049999999999986,23219,19660,0
19998,-6.699999999999953,-5.349999999999934,26493,19660,0
19999,-6.249999999999947,5.400000000000219,30308,19660,0
